-4.24631240871 21.0
-4.22885911619 21.0
-4.22885911619 21.0
-4.22885911619 21.0
-4.22885911619 21.0
-4.22013246993 21.0
-4.21140582367 21.0
-4.19395253115 21.0
-4.17649923863 21.0
-4.15904594611 21.0
-4.14159265359 21.0
-4.11541271481 21.0
-4.08050612977 21.0
-4.06305283725 21.0
-4.01069295969 21.0
-3.96705972839 21.0
-3.92342649709 21.0
-3.87979326579 21.0
-3.82743338823 21.0
-3.75762021815 21.0
-3.70526034059 21.0
-3.63544717051 21.0
-3.55690735417 22.0
-3.50454747661 22.0
-3.44346095279 22.0
-3.36492113645 21.0
-3.32128790515 21.0
-3.25147473507 21.0
-3.16420827247 20.0
-3.14675497995 20.0
-3.04203522483 20.0
-2.97222205475 20.0
-2.89368223841 20.0
-2.81514242207 20.0
-2.72787595947 20.0
-2.64060949687 20.0
-2.55334303427 20.0
-2.44862327916 19.0
-2.34390352404 19.0
-2.2217304764 19.0
-2.1344640138 19.0
-2.02101761242 19.0
-1.90757121104 20.0
-1.79412480966 20.0
-1.68067840828 20.0
-1.5672320069 22.0
-1.45378560552 22.0
-1.32288591162 22.0
-1.22689280276 22.0
-1.10471975512 22.0
-0.9563667687 59.0
-0.842920367321 59.0
-0.720747319681 59.0
-0.598574272041 39.0
-0.485127870662 39.0
-0.424041346842 39.0
-0.240781775382 28.0
-0.188421897823 28.0
-0.066248850183 28.0
0.0908307824965 29.0
0.195550537616 29.0
0.239183768916 29.0
0.387536755335 20.0
0.483529864195 20.0
0.527163095495 20.0
0.649336143135 19.0
0.727875959474 19.0
0.762782544514 19.0
0.867502299634 20.0
0.937315469714 20.0
1.00712863979 20.0
1.06821516361 20.0
1.12930168743 20.0
1.19911485751 21.0
1.25147473507 21.0
1.31256125889 21.0
1.39110107523 21.0
1.44346095279 21.0
1.49582083035 21.0
1.56563400043 23.0
1.60926723173 23.0
1.66162710929 23.0
1.71398698685 21.0
1.74889357189 21.0
1.77507351067 21.0
1.80125344945 21.0
1.80998009571 21.0
1.80998009571 21.0
1.81870674197 21.0
1.81870674197 21.0
1.82743338823 21.0
1.83616003449 21.0
1.84488668075 21.0
1.85361332701 21.0
1.87979326579 21.0
1.89724655831 21.0
1.92342649709 20.0
1.94960643587 20.0
1.97578637465 20.0
2.00196631343 20.0

