-4.15904594611 20.0
-4.15904594611 20.0
-4.15904594611 20.0
-4.15904594611 20.0
-4.15031929985 20.0
-4.14159265359 20.0
-4.12413936107 20.0
-4.11541271481 20.0
-4.10668606855 20.0
-4.08050612977 20.0
-4.06305283725 20.0
-4.04559954473 20.0
-4.01941960595 20.0
-3.98451302091 20.0
-3.95833308213 19.0
-3.91469985083 19.0
-3.87979326579 19.0
-3.82743338823 19.0
-3.77507351067 19.0
-3.72271363311 19.0
-3.66162710929 20.0
-3.59181393921 20.0
-3.53072741539 20.0
-3.46091424531 20.0
-3.39110107523 20.0
-3.32128790515 20.0
-3.26020138133 21.0
-3.19911485751 21.0
-3.13802833369 21.0
-3.07694180987 20.0
-3.00712863979 20.0
-2.94604211597 20.0
-2.87622894589 21.0
-2.84132236085 21.0
-2.72787595947 21.0
-2.64933614313 20.0
-2.57079632679 20.0
-2.47480321794 20.0
-2.37881010908 20.0
-2.27409035396 20.0
-2.1780972451 20.0
-2.07337748998 21.0
-1.96865773486 21.0
-1.86393797974 21.0
-1.75921822462 21.0
-1.6544984695 21.0
-1.54105206812 21.0
-1.436332313 64.0
-1.32288591162 64.0
-1.19198621772 64.0
-1.07853981634 62.0
-0.94764012244 62.0
-0.808013782281 62.0
-0.668387442121 62.0
-0.598574272041 62.0
-0.362954823022 34.0
-0.249508421642 34.0
-0.127335374003 34.0
-0.0226156188832 34.0
0.117010721276 21.0
0.213003830136 21.0
0.274090353956 21.0
0.413716694115 20.0
0.509709802975 20.0
0.605702911835 19.0
0.675516081915 19.0
0.745329251994 19.0
0.832595714594 19.0
0.884955592154 19.0
0.946042115974 19.0
1.00712863979 20.0
1.05948851735 20.0
1.11184839491 20.0
1.17293491873 20.0
1.21656815003 20.0
1.26892802759 20.0
1.33874119767 21.0
1.39110107523 21.0
1.44346095279 21.0
1.51327412287 21.0
1.56563400043 21.0
1.61799387799 21.0
1.68780704807 20.0
1.73144027937 20.0
1.77507351067 20.0
1.82743338823 20.0
1.86233997327 20.0
1.90597320457 20.0
1.94087978961 20.0
1.95833308213 20.0
1.96705972839 20.0
1.96705972839 20.0
1.96705972839 20.0
1.96705972839 20.0
1.96705972839 20.0
1.96705972839 20.0
1.96705972839 20.0
1.97578637465 20.0
1.98451302091 20.0
1.98451302091 20.0
1.99323966717 20.0
2.00196631343 20.0
2.01941960595 20.0
2.02814625221 20.0
2.04559954473 20.0
2.05432619099 20.0

