-3.14159265359 20.0
-3.10668606855 20.0
-3.08923277603 20.0
-3.09795942229 20.0
-3.08923277603 20.0
-3.07177948351 20.0
-3.03687289847 20.0
-2.96705972839 19.0
-2.88851991205 19.0
-2.74016692563 20.0
-2.61799387799 20.0
-2.46964089157 21.0
-2.35619449019 21.0
-2.23402144255 21.0
-2.12057504117 21.0
-2.01585528605 21.0
-1.88495559215 20.0
-1.74532925199 20.0
-1.57079632679 20.0
-1.38753675534 19.0
-1.16937059884 20.0
-0.942477796077 20.0
-0.706858347058 21.0
-0.479965544298 22.0
-0.279252680319 22.0
-0.0261799387799 64.0
0.235619449019 62.0
0.462512251778 62.0
0.680678408278 62.0
0.890117918517 31.0
1.0908307825 21.0
1.29154364648 21.0
1.50098315672 20.0
1.69296937443 20.0
1.86750229963 20.0
1.99840199353 20.0
2.13802833369 20.0
2.26892802759 20.0
2.37364778271 21.0
2.47836753783 26.0
2.57436064669 26.0
2.66162710929 21.0
2.74016692563 21.0
2.82743338823 20.0
2.89724655831 20.0
2.98451302091 20.0
3.03687289847 20.0
3.08050612977 20.0
3.11541271481 20.0
3.11541271481 20.0
3.12413936107 20.0
3.12413936107 20.0

