-4.24631240871 20.0
-4.25503905497 20.0
-4.26376570123 20.0
-4.26376570123 20.0
-4.26376570123 20.0
-4.25503905497 20.0
-4.24631240871 20.0
-4.22885911619 20.0
-4.21140582367 20.0
-4.20267917741 20.0
-4.16777259237 20.0
-4.14159265359 20.0
-4.10668606855 20.0
-4.06305283725 20.0
-4.04559954473 20.0
-3.98451302091 20.0
-3.93215314335 20.0
-3.87979326579 19.0
-3.82743338823 19.0
-3.75762021815 19.0
-3.71398698685 19.0
-3.66162710929 19.0
-3.60054058547 20.0
-3.54818070791 20.0
-3.48709418409 20.0
-3.43473430653 20.0
-3.38237442897 20.0
-3.32128790515 21.0
-3.26892802759 21.0
-3.19038821125 21.0
-3.13802833369 21.0
-3.05948851735 21.0
-2.98094870101 21.0
-2.90240888467 21.0
-2.79768912955 21.0
-2.72787595947 21.0
-2.64060949687 21.0
-2.54461638801 20.0
-2.4398966329 20.0
-2.32645023152 20.0
-2.23918376892 20.0
-2.15191730632 20.0
-2.0471975512 20.0
-1.9599310886 20.0
-1.83775804096 20.0
-1.75049157836 20.0
-1.64577182324 20.0
-1.54105206812 21.0
-1.436332313 21.0
-1.29670597284 64.0
-1.19198621772 64.0
-1.05235987756 64.0
-1.05235987756 64.0
-0.755653904721 62.0
-0.607300918301 62.0
-0.511307809442 31.0
-0.301868299202 31.0
-0.232055129122 31.0
-0.0487955576631 30.0
0.0646508437165 30.0
0.151917306316 21.0
0.247910415176 21.0
0.291543646476 21.0
0.396263401595 19.0
0.483529864195 19.0
0.570796326795 19.0
0.623156204355 19.0
0.692969374434 19.0
0.762782544514 19.0
0.823869068334 19.0
0.893682238414 19.0
0.937315469714 19.0
0.998401993534 19.0
1.05076187109 20.0
1.11184839491 20.0
1.18166156499 20.0
1.23402144255 20.0
1.29510796637 20.0
1.35619449019 20.0
1.42600766027 20.0
1.49582083035 21.0
1.51327412287 21.0
1.60926723173 21.0
1.64417381677 20.0
1.70526034059 20.0
1.72271363311 20.0
1.78380015693 20.0
1.80998009571 20.0
1.82743338823 20.0
1.84488668075 20.0
1.84488668075 20.0
1.86233997327 20.0
1.87106661953 20.0
1.87979326579 20.0
1.87979326579 20.0
1.87979326579 20.0
1.89724655831 20.0
1.90597320457 20.0
1.91469985083 20.0
1.92342649709 20.0
1.92342649709 20.0
1.94960643587 20.0
1.95833308213 20.0
1.96705972839 20.0

