-4.21140582367 19.0
-4.22013246993 19.0
-4.22013246993 19.0
-4.22885911619 19.0
-4.22013246993 19.0
-4.22013246993 19.0
-4.21140582367 20.0
-4.19395253115 20.0
-4.18522588489 20.0
-4.16777259237 20.0
-4.15031929985 20.0
-4.10668606855 19.0
-4.07177948351 19.0
-4.05432619099 19.0
-3.98451302091 19.0
-3.94960643587 19.0
-3.89724655831 19.0
-3.84488668075 19.0
-3.80998009571 19.0
-3.73144027937 19.0
-3.67035375555 19.0
-3.61799387799 20.0
-3.55690735417 20.0
-3.53072741539 20.0
-3.44346095279 20.0
-3.39110107523 20.0
-3.33001455141 21.0
-3.27765467385 21.0
-3.25147473507 21.0
-3.14675497995 21.0
-3.07694180987 21.0
-3.00712863979 21.0
-2.93731546971 21.0
-2.90240888467 21.0
-2.77150919077 20.0
-2.68424272817 20.0
-2.58824961931 20.0
-2.49225651046 20.0
-2.37881010908 19.0
-2.30027029274 19.0
-2.20427718388 19.0
-2.09955742876 20.0
-2.0035643199 20.0
-1.9162978573 20.0
-1.82030474844 21.0
-1.71558499332 21.0
-1.61959188446 21.0
-1.50614548308 27.0
-1.40142572796 27.0
-1.2617993878 64.0
-1.15707963268 64.0
-1.02617993878 64.0
-0.88655359862 62.0
-0.738200612201 62.0
-0.581120979521 62.0
-0.458947931882 62.0
-0.319321591722 62.0
-0.188421897823 64.0
-0.074975496443 64.0
0.0646508437165 23.0
0.160643952576 23.0
0.256637061436 23.0
0.352630170296 21.0
0.448623279155 21.0
0.553343034275 20.0
0.614429558095 20.0
0.692969374434 20.0
0.762782544514 20.0
0.850049007114 20.0
0.902408884674 20.0
0.946042115974 20.0
1.00712863979 20.0
1.05948851735 20.0
1.12057504117 20.0
1.18166156499 21.0
1.23402144255 21.0
1.28638132011 21.0
1.35619449019 22.0
1.38237442897 22.0
1.48709418409 21.0
1.53072741539 21.0
1.59181393921 21.0
1.64417381677 21.0
1.70526034059 21.0
1.74889357189 20.0
1.78380015693 20.0
1.82743338823 20.0
1.86233997327 20.0
1.88851991205 20.0
1.90597320457 20.0
1.91469985083 20.0
1.91469985083 20.0
1.91469985083 19.0
1.92342649709 19.0
1.93215314335 19.0
1.93215314335 19.0
1.93215314335 19.0
1.94087978961 19.0
1.94960643587 19.0
1.94960643587 19.0
1.94960643587 19.0
1.96705972839 19.0
1.96705972839 19.0
1.98451302091 19.0
1.98451302091 19.0
1.99323966717 19.0
2.00196631343 19.0
2.00196631343 19.0
2.00196631343 19.0
2.00196631343 19.0
2.00196631343 19.0
2.00196631343 19.0
2.00196631343 19.0
2.00196631343 19.0
2.00196631343 19.0
2.00196631343 19.0
2.00196631343 19.0
2.00196631343 19.0
2.00196631343 19.0
2.00196631343 19.0
2.00196631343 19.0
2.00196631343 19.0
2.00196631343 19.0
2.00196631343 19.0
2.00196631343 19.0
2.00196631343 19.0
2.00196631343 19.0
2.00196631343 19.0
2.01069295969 19.0

