-3.14159265359 21.0
-3.07177948351 21.0
-3.03687289847 22.0
-3.03687289847 21.0
-3.04559954473 21.0
-3.06305283725 21.0
-3.04559954473 21.0
-2.99323966717 21.0
-2.91469985083 21.0
-2.80125344945 55.0
-2.68780704807 55.0
-2.48709418409 55.0
-2.38237442897 56.0
-2.23402144255 58.0
-2.09439510239 24.0
-1.98094870101 24.0
-1.85877565337 22.0
-1.73660260573 21.0
-1.57952297305 21.0
-1.38753675534 21.0
-1.19555053762 21.0
-0.951204442337 21.0
-0.706858347058 21.0
-0.462512251778 22.0
-0.279252680319 22.0
0.0174532925199 23.0
0.235619449019 22.0
0.453785605519 21.0
0.663225115758 22.0
0.811578102177 22.0
1.06465084372 22.0
1.21300383014 23.0
1.43116998664 21.0
1.64933614313 21.0
1.82386906833 21.0
1.98967534727 21.0
2.12930168743 21.0
2.26020138133 21.0
2.36492113645 22.0
2.45218759905 22.0
2.53945406165 22.0
2.63544717051 24.0
2.72271363311 25.0
2.81870674197 22.0
2.90597320457 22.0
2.96705972839 57.0
3.02814625221 56.0
3.08050612977 21.0
3.10668606855 21.0
3.11541271481 21.0
3.11541271481 21.0
3.11541271481 21.0
3.11541271481 21.0
3.11541271481 21.0
3.11541271481 21.0
3.11541271481 21.0
3.11541271481 21.0
3.11541271481 21.0
3.11541271481 21.0
3.11541271481 21.0
3.11541271481 21.0
3.11541271481 21.0
3.11541271481 21.0
3.11541271481 21.0
3.11541271481 21.0
3.11541271481 21.0
3.11541271481 21.0
3.11541271481 21.0
3.11541271481 21.0
3.11541271481 21.0
3.11541271481 21.0
3.11541271481 21.0
3.11541271481 21.0
3.11541271481 21.0
3.11541271481 21.0
3.11541271481 21.0
3.11541271481 21.0
3.11541271481 21.0

