-3.15904594611 21.0
-3.13286600733 21.0
-3.09795942229 21.0
-3.08923277603 21.0
-3.07177948351 21.0
-3.05432619099 21.0
-3.02814625221 21.0
-2.97578637465 21.0
-2.88851991205 26.0
-2.77507351067 26.0
-2.63544717051 27.0
-2.52200076913 27.0
-2.34746784393 57.0
-2.22529479629 56.0
-2.10312174865 56.0
-1.98094870101 56.0
-1.89368223841 56.0
-1.72787595947 56.0
-1.56206968053 57.0
-1.37008346282 58.0
-1.16064395258 21.0
-0.994837673637 21.0
-0.689405054538 20.0
-0.506145483078 20.0
-0.270526034059 20.0
-0.0174532925199 20.0
0.183259571459 20.0
0.401425727959 21.0
0.619591884458 27.0
0.829031394697 23.0
1.05592419746 23.0
1.23918376892 23.0
1.4398966329 23.0
1.64933614313 25.0
1.85877565337 25.0
1.99840199353 25.0
2.13802833369 24.0
2.27765467385 22.0
2.36492113645 22.0
2.46091424531 22.0
2.54818070791 22.0
2.62672052425 22.0
2.72271363311 22.0
2.80125344945 22.0
2.90597320457 22.0
2.97578637465 21.0
3.02814625221 21.0
3.08923277603 21.0
3.09795942229 21.0
3.10668606855 21.0
3.10668606855 21.0
3.10668606855 21.0
3.10668606855 21.0
3.10668606855 21.0
3.10668606855 21.0
3.10668606855 21.0
3.10668606855 21.0
3.10668606855 21.0
3.10668606855 21.0
3.10668606855 21.0
3.10668606855 21.0
3.10668606855 21.0
3.10668606855 21.0
3.10668606855 21.0
3.10668606855 21.0
3.11541271481 21.0
3.11541271481 21.0

