5.437775	
5.447924	
5.458002	
5.468143	
5.478341	
5.488663	
5.498643	
5.508813	
5.518911	
5.529104	
5.5392	
5.549387	
5.559584	
5.569691	
5.579828	
5.590019	
5.600142	
5.610327	
5.620452	
5.630623	
5.640779	
5.650903	
5.661058	
5.681249	
5.685655	
5.695802	
5.70594	
5.716108	
5.726272	
5.736368	
5.746517	
5.756643	
5.774691	
5.779082	
5.789207	
5.799462	
5.809534	
5.819698	
5.829835	
5.84	
5.850145	
5.860322	
5.87044	
5.880552	
5.900327	
5.904734	
5.914864	
5.925029	
5.935281	
5.945372	
5.955424	
5.966061	
5.975783	
5.985856	
5.996034	
6.006161	
6.016265	
6.026451	
6.036525	
6.046781	
6.056948	
6.06706	
6.077201	
6.087427	
6.097507	
6.107663	
6.117844	
6.127993	
6.13811	
6.148269	
6.158434	
6.168582	
6.178726	
6.18889	
6.199061	
6.20919	
6.219338	
6.229495	
6.239693	
6.249799	
6.259937	
6.270138	
6.280251	
6.290353	
6.300548	
6.310708	
6.320875	
6.330989	
6.34113	
6.351348	
6.361431	
6.371594	
6.381722	
6.391911	
6.40214	
6.412169	
6.422354	
6.432468	
6.442769	
6.453054	
6.463205	
6.473352	
6.483487	
6.493638	
6.503888	
6.514343	
6.524103	
6.53426	
6.544443	
6.554556	
6.564702	
6.574917	
6.585097	
6.603547	
6.60795	
6.618096	
6.628256	
6.638384	
6.64877	
6.658707	
6.66924	
6.679006	
6.689142	
6.699298	
6.709468	
6.71967	
6.72976	
6.73987	
6.750141	
6.760271	
6.770394	
6.780526	
6.790652	
6.800844	
6.810981	
6.82112	
6.831281	
6.841387	
6.851563	
6.861734	
6.87193	
6.882056	
6.892167	
6.902311	
6.912469	
6.922672	
6.933226	
6.943428	
6.953524	
6.963659	
6.973782	
6.983972	
6.994117	
7.00422	
7.014401	
7.024511	
7.034617	
7.044787	
7.054928	
7.065222	
7.07531	
7.085401	
7.09568	
7.105686	
7.115834	
7.125965	
7.136108	
7.14626	
7.156388	
7.166553	
7.176777	
7.186895	
7.197082	
7.207175	
7.217437	
7.227565	
7.237713	
7.24793	
7.257959	
7.268174	
7.278361	
7.288436	
7.298602	
7.308767	
7.31892	
7.329122	
7.339189	
7.349356	
7.359586	
7.369653	
7.379833	
7.389973	
7.400217	
7.410278	
7.420404	
7.430571	
7.440728	
7.450862	
7.461038	
7.471173	
7.481358	
7.491531	
7.501648	
7.511824	
7.521966	
7.532099	
7.542235	
7.552387	
7.562498	
7.572675	
7.582837	
7.593013	
7.60312	
7.613251	
7.62341	
7.633554	
7.643684	
7.653894	
7.664019	
7.676232	
7.68421	
7.694563	
7.704489	
7.714649	
7.724808	
7.734946	
7.745194	
7.763125	
7.775425	
7.779802	
7.789926	
7.800305	
7.81027	
7.820402	
7.830551	
7.840718	
7.850852	
7.861034	
7.877208	
7.89702	
