0.04233528	
0.0470382	
0.05743603	
0.06764186	
0.07778168	
0.08796351	
0.09809534	
0.1082812	
0.118417	
0.1286138	
0.1387427	
0.1488765	
0.1590453	
0.1691981	
0.179421	
0.1895748	
0.1997206	
0.2099464	
0.2200193	
0.2303271	
0.2405419	
0.2506228	
0.2607986	
0.2709404	
0.2811012	
0.2991829	
0.3035239	
0.3137317	
0.3238175	
0.3341713	
0.3441182	
0.35429	
0.3643838	
0.3745367	
0.3846875	
0.3948653	
0.4049641	
0.415106	
0.4253308	
0.4356106	
0.4456075	
0.4557533	
0.4659451	
0.4760239	
0.4861768	
0.4963506	
0.5064894	
0.5165943	
0.5267551	
0.5369239	
0.5470367	
0.5572006	
0.5673504	
0.5775182	
0.5876691	
0.5977829	
0.6079787	
0.6201445	
0.6282544	
0.6383942	
0.648564	
0.6586919	
0.6688427	
0.6789965	
0.6891563	
0.707238	
0.711582	
0.7217748	
0.7318636	
0.7420224	
0.7521643	
0.7623291	
0.7724739	
0.7826118	
0.7927396	
0.8029334	
0.8130922	
0.8232301	
0.8333949	
0.8435957	
0.8537346	
0.8638654	
0.8740782	
0.884201	
0.8943019	
0.9046047	
0.9146035	
0.9247084	
0.9348432	
0.94501	
0.9551318	
0.9654017	
0.9755155	
0.9856273	
0.9957631	
1.00589	
1.016036	
1.026205	
1.03631	
1.04648	
1.056648	
1.066832	
1.076958	
1.087067	
1.0972	
1.107576	
1.117695	
1.12788	
1.138115	
1.148167	
1.15833	
1.168527	
1.178649	
1.188798	
1.198966	
1.209118	
1.219324	
1.229489	
1.239597	
1.249745	
1.259885	
1.270001	
1.280216	
1.290346	
1.310564	
1.31493	
1.325071	
1.343408	
1.347834	
1.357982	
1.368104	
1.378342	
1.38844	
1.398603	
1.408759	
1.418866	
1.429013	
1.439226	
1.449397	
1.459621	
1.469755	
1.479896	
1.490126	
1.500191	
1.510335	
1.520527	
1.530663	
1.540772	
1.550941	
1.56111	
1.571258	
1.581396	
1.591565	
1.601704	
1.61184	
1.624099	
1.632099	
1.642268	
1.652427	
1.662613	
1.672781	
1.682935	
1.693219	
1.703218	
1.713346	
1.723558	
1.733619	
1.743724	
1.754066	
1.764068	
1.774248	
1.784355	
1.794502	
1.804647	
1.814789	
1.824938	
1.83508	
1.845224	
1.855651	
1.865515	
1.875673	
1.885878	
1.895951	
1.906252	
1.916229	
1.926377	
1.936641	
1.94669	
1.956884	
1.967005	
1.977185	
1.987335	
1.99755	
2.007643	
2.017811	
2.027974	
2.038138	
2.048455	
2.058446	
2.068586	
2.078731	
2.088894	
2.099052	
2.109155	
2.119419	
2.129589	
2.139715	
2.149878	
2.159995	
2.170251	
2.180335	
2.19048	
2.200724	
2.210783	
2.220982	
2.231744	15.2726739	15.271631	15.0021479	15.0011049	
2.241595	15.2741826	15.271631	15.0036566	15.0011049	
2.251734	15.2763602	15.271631	15.0058341	15.0011049	
2.261873	15.2791558	15.2803576	15.0086297	15.0098316	
2.272103	15.2826085	15.2803576	15.0120824	15.0098316	
2.282288	15.2866654	15.2890842	15.0161394	15.0098316	
2.292362	15.291283	15.2890842	15.020757	15.0185582	
2.302756	15.2967096	15.2890842	15.0261835	15.0185582	
2.312685	15.302467	15.2978109	15.031941	15.0272849	
2.322886	15.3090162	15.3065375	15.0384901	15.0360115	
2.334097	15.3170075	15.3065375	15.0464815	15.0360115	
2.344156	15.3247393	15.3152642	15.0542133	15.0447382	
2.35436	15.3332156	15.3152642	15.0626896	15.0447382	
2.364416	15.3421729	15.3239908	15.0716469	15.0447382	
2.374731	15.3520105	15.3239908	15.0814844	15.0447382	
2.384779	15.362186	15.3327175	15.09166	15.0447382	
2.394886	15.373037	15.3414441	15.1025109	15.0447382	
2.405011	15.3845227	15.3501708	15.1139967	15.0447382	
2.415155	15.3966569	15.3588974	15.1261309	15.0447382	
2.435531	15.4241431	15.3588974	15.1536171	15.0447382	
2.440157	15.4302786	15.3676241	15.1597526	15.0447382	
2.45033	15.4445894	15.3676241	15.1740633	15.0447382	
2.46062	15.4597007	15.3763507	15.1891746	15.0447382	
2.47057	15.4748947	15.3763507	15.2043687	15.0447382	
2.480815	15.4911863	15.3763507	15.2206603	15.0447382	
2.490947	15.5079025	15.3850774	15.2373764	15.0447382	
2.501074	15.5252253	15.3850774	15.2546993	15.0447382	
2.511231	15.5432247	15.3850774	15.2726987	15.0447382	
2.521387	15.5621456	15.393804	15.2916195	15.0447382	
2.531652	15.5812935	15.393804	15.3107674	15.0447382	
2.541941	15.6014332	15.393804	15.3309072	15.0447382	
2.552069	15.6218521	15.393804	15.3513261	15.0534648	
2.562275	15.6430574	15.393804	15.3725314	15.0534648	
2.572377	15.6646642	15.393804	15.3941382	15.0621914	
2.582536	15.6870186	15.393804	15.4164926	15.0709181	
2.592725	15.7100562	15.393804	15.4395301	15.0796447	
2.602884	15.7336369	15.4112573	15.4631109	15.0883714	
2.612997	15.7577277	15.4112573	15.4872017	15.097098	
2.625331	15.7881278	15.4287106	15.5176017	15.1145513	
2.633391	15.8082592	15.4287106	15.5377332	15.1320046	
2.64373	15.8348206	15.4461639	15.5642946	15.1494579	
2.653789	15.8612244	15.4636172	15.5906984	15.1669112	
2.663933	15.8884872	15.4810705	15.6179612	15.1843645	
2.67424	15.9168389	15.4985238	15.6463128	15.2105444	
2.684567	15.9458833	15.5159771	15.6753572	15.2367244	
2.694435	15.9742045	15.542157	15.7036784	15.2629043	
2.704572	16.0039254	15.5683369	15.7333994	15.2890842	
2.714725	16.0343123	15.5857902	15.7637862	15.3152642	
2.72485	16.0652201	15.6206968	15.7946941	15.3414441	
2.735018	16.0969062	15.6468767	15.8263802	15.3763507	
2.745286	16.1295433	15.6730567	15.8590173	15.4112573	
2.75577	16.1634903	15.7079633	15.8929642	15.4461639	
2.76585	16.1967417	15.7428699	15.9262157	15.4810705	
2.775957	16.2306992	15.7777764	15.9601732	15.5159771	
2.786282	16.2660531	15.812683	15.995527	15.5508836	
2.796291	16.3008995	15.8475896	16.0303735	15.5945169	
2.806445	16.3368701	15.8824962	16.0663441	15.6381501	
2.81658	16.3734	15.9261294	16.102874	15.6730567	
2.826711	16.4105313	15.9697627	16.1400052	15.7166899	
2.848263	16.4930795	16.0570291	16.2225535	15.812683	
2.852875	16.5105985	16.0744824	16.2400725	15.8301363	
2.863	16.5499006	16.1181156	16.2793746	15.8737695	
2.873153	16.5899346	16.1617489	16.3194086	15.9174028	
2.88342	16.6310786	16.2053821	16.3605526	15.9697627	
2.893449	16.6718288	16.2490153	16.4013028	16.0133959	
2.903784	16.7144896	16.3013752	16.4439636	16.0657558	
2.913755	16.7562335	16.3450084	16.4857075	16.109389	
2.923892	16.799294	16.3886417	16.528768	16.1617489	
2.934478	16.8449572	16.4410016	16.5744312	16.2053821	
2.946588	16.8981737	16.4846348	16.6276476	16.257742	
2.954398	16.9326666	16.5369947	16.6621406	16.3013752	
2.964639	16.9786942	16.5806279	16.7081682	16.3537351	
2.97463	17.0241348	16.6329878	16.7536088	16.406095	
2.984818	17.071147	16.6853476	16.800621	16.4497282	
2.99494	17.1184772	16.7377075	16.8479512	16.5020881	
3.005074	17.1664371	16.7813408	16.8959111	16.554448	
3.015215	17.2150664	16.8337006	16.9445403	16.6068078	
3.025414	17.2646193	16.8860605	16.9940933	16.6504411	
3.035604	17.3147316	16.9296937	17.0442056	16.7028009	
3.045978	17.3664205	16.9820536	17.0958945	16.7551608	
3.055837	17.4161073	17.0344135	17.1455813	16.7987941	
3.066001	17.4679292	17.0867734	17.1974031	16.8511539	
3.076132	17.520197	17.1391333	17.249671	16.8947872	
3.086246	17.5730165	17.1914931	17.3024904	16.947147	
3.097019	17.6300326	17.243853	17.3595066	16.9995069	
3.106631	17.6813653	17.2962129	17.4108393	17.0431401	
3.116723	17.7358932	17.3485728	17.4653671	17.0955	
3.134737	17.8356341	17.4445659	17.5651081	17.1740398	
3.13924	17.8604877	17.4707458	17.5899616	17.2089464	
3.151912	17.9318239	17.5231057	17.6612979	17.2525797	
3.159667	17.9758191	17.5754656	17.705293	17.3049395	
3.169787	18.0335477	17.6278254	17.7630217	17.3572994	
3.179953	18.0923392	17.688912	17.8218132	17.4096593	
3.190043	18.1513231	17.7499985	17.8807971	17.4620192	
3.200411	18.2125918	17.8023584	17.9420657	17.5231057	
3.210658	18.273748	17.8634449	18.0032219	17.5754656	
3.220709	18.3343222	17.9245314	18.0637961	17.6278254	
3.230841	18.3960336	17.9768913	18.1255076	17.688912	
3.24099	18.4584486	18.0467045	18.1879226	17.7412718	
3.251201	18.5218849	18.107791	18.2513589	17.8023584	
3.261373	18.5856987	18.1688775	18.3151727	17.8547182	
3.271469	18.6496259	18.229964	18.3790999	17.9070781	
3.292396	18.7855083	18.3608637	18.5149823	18.0292512	
3.297033	18.8154717	18.3957703	18.5449457	18.0554311	
3.307484	18.8839227	18.4655835	18.6133967	18.1165176	
3.317786	18.9520499	18.5353967	18.6815239	18.1776042	
3.327738	19.0184133	18.6052098	18.7478873	18.2386907	
3.338003	19.0875742	18.6662964	18.8170482	18.2997772	
3.347993	19.1553786	18.7361095	18.8848525	18.3608637	
3.360264	19.2397736	18.8059227	18.9692475	18.4219503	
3.36875	19.2984086	18.8757359	19.0278826	18.4917634	
3.378524	19.3665287	18.945549	19.0960027	18.5528499	
3.38871	19.438235	19.0153622	19.1677089	18.6226631	
3.398808	19.5099173	19.0851754	19.2393912	18.6924763	
3.409016	19.5829873	19.1549885	19.3124613	18.7535628	
3.419147	19.6561122	19.2248017	19.3855862	18.8321026	
3.429285	19.7299043	19.3033415	19.4593782	18.9019158	
3.439475	19.8047141	19.3731547	19.5341881	18.971729	
3.449591	19.8796075	19.4429679	19.6090814	19.0502688	
3.462157	19.9737214	19.512781	19.7031953	19.1288086	
3.46999	20.0325459	19.5913209	19.7620198	19.1986218	
3.480131	20.1094607	19.661134	19.8389347	19.2684349	
3.490358	20.1876579	19.7396738	19.9171319	19.3469748	
3.500409	20.2651256	19.809487	19.9945996	19.4167879	
3.51061	20.3443705	19.8880268	20.0738445	19.4953277	
3.520788	20.4240497	19.9665666	20.1535237	19.5738676	
3.530956	20.5043104	20.0363798	20.2337843	19.6436807	
3.54105	20.5845646	20.1236463	20.3140385	19.7134939	
3.5512	20.6658596	20.1934594	20.3953335	19.7920337	
3.563509	20.7655468	20.2719993	20.4950208	19.8618469	
3.571628	20.83145	20.3505391	20.560924	19.9316601	
3.581691	20.9139187	20.4203522	20.6433926	20.0101999	
3.59185	20.9978046	20.5076187	20.7272786	20.0887397	
3.602035	21.0825287	20.5861585	20.8120026	20.1585529	
3.612181	21.1674943	20.6646983	20.8969682	20.2370927	
3.622385	21.2536059	20.7432382	20.9830798	20.3156325	
3.63281	21.3435827	20.821778	21.0730567	20.3854457	
3.64278	21.4275839	20.9090444	21.1570579	20.4639855	
3.653273	21.5187944	20.9875843	21.2482684	20.5425253	
3.663083	21.6032681	21.0661241	21.3327421	20.6210651	
3.6737	21.6962178	21.1533905	21.4256918	20.6996049	
3.683489	21.782351	21.2319304	21.511825	20.7868714	
3.693612	21.872094	21.3104702	21.6015679	20.8654112	
3.703797	21.9630198	21.3977366	21.6924938	20.943951	
3.713956	22.0543592	21.4850031	21.7838332	21.0399441	
3.724078	22.1458978	21.5635429	21.8753717	21.1272106	
3.73426	22.238676	21.6508094	21.96815	21.2232037	
3.744387	22.3315578	21.7380758	22.0610318	21.3104702	
3.754538	22.4252695	21.8253423	22.1547435	21.4064633	
3.764734	22.5200687	21.9126088	22.2495427	21.5024564	
3.775174	22.6177504	21.9998752	22.3472244	21.5984495	
3.784984	22.7100489	22.0871417	22.4395229	21.7031692	
3.795117	22.8060801	22.1831348	22.5355541	21.7991624	
3.805461	22.9028091	22.2704013	22.632283	21.9038821	
3.82376	23.0718161	22.3663944	22.80129	22.0086019	
3.82832	23.1135768	22.4885674	22.8430508	22.1307749	
3.838678	23.208427	22.5845605	22.937901	22.2354947	
3.848668	23.2992601	22.6892803	23.0287341	22.3402144	
3.858805	23.3908305	22.7765467	23.1203045	22.4536608	
3.868974	23.4820807	22.8812665	23.2115546	22.5671072	
3.879173	23.5729958	22.9859862	23.3024697	22.671827	
3.889373	23.663316	23.0819794	23.39279	22.7852734	
3.899477	23.7521013	23.1779725	23.4815752	22.8899931	
3.90966	23.8410036	23.2826922	23.5704776	22.9947129	
3.919854	23.9293901	23.387412	23.6588641	23.0994327	
3.930009	24.0168753	23.4834051	23.7463493	23.2041524	
3.940146	24.1034823	23.5793982	23.8329562	23.3001455	
3.958507	24.2580243	23.7626578	23.9874983	23.4834051	
3.96333	24.298622	23.806291	24.028096	23.5270383	
3.975765	24.4025101	23.9110108	24.1319841	23.6317581	
3.983411	24.465618	24.0070039	24.195092	23.7277512	
3.993584	24.549349	24.102997	24.278823	23.8237443	
4.003843	24.6331979	24.1989901	24.3626719	23.9110108	
4.013868	24.7144704	24.2949832	24.4439444	24.0070039	
4.024046	24.796346	24.3997029	24.52582	24.102997	
4.034316	24.8783787	24.4869694	24.6078527	24.1902634	
4.044377	24.9581373	24.5829625	24.6876112	24.2775299	
4.054454	25.0374482	24.6789556	24.7669222	24.3647964	
4.064733	25.1176737	24.7749487	24.8471477	24.4520628	
4.076997	25.2124859	24.8622152	24.9419599	24.5393293	
4.085388	25.2769359	24.9582083	25.0064099	24.6178691	
4.095487	25.3538972	25.0454748	25.0833712	24.7051356	
4.105715	25.4312677	25.1327412	25.1607417	24.7836754	
4.123617	25.5643335	25.2898209	25.2938075	24.9233017	
4.128201	25.5984149	25.3247274	25.3278889	24.9582083	
4.138432	25.6737857	25.4119939	25.4032597	25.0367481	
4.14853	25.7476173	25.4905337	25.4770912	25.1152879	
4.158664	25.8210203	25.5690735	25.5504943	25.1938278	
4.168846	25.8941962	25.65634	25.6236702	25.2723676	
4.181145	25.9816917	25.7261532	25.7111657	25.3509074	
4.18919	26.0384899	25.804693	25.7679639	25.4207206	
4.199339	26.1095752	25.8832328	25.8390492	25.4992604	
4.209512	26.1802196	25.953046	25.9096936	25.5690735	
4.219679	26.2502285	26.0228591	25.9797024	25.6388867	
4.229805	26.3193533	26.101399	26.0488273	25.6999732	
4.239979	26.3881352	26.1624855	26.1176092	25.7697864	
4.250206	26.4566861	26.2322987	26.1861601	25.8308729	
4.260282	26.523587	26.3021118	26.2530609	25.9006861	
4.270399	26.5901905	26.371925	26.3196645	25.953046	
4.282396	26.6683181	26.4330115	26.3977921	26.0141325	
4.290782	26.7224905	26.494098	26.4519645	26.075219	
4.300949	26.7875708	26.5639112	26.5170448	26.1363055	
4.311076	26.851775	26.6249977	26.581249	26.1886654	
4.32124	26.9156186	26.6860843	26.6450925	26.2497519	
4.331401	26.9788122	26.7384441	26.7082862	26.3021118	
4.34159	27.0415879	26.8082573	26.7710619	26.3544717	
4.351737	27.1034772	26.8606172	26.8329512	26.4155582	
4.369881	27.2117999	26.9217037	26.9412738	26.4591915	
4.374722	27.2407219	26.9915169	26.9701959	26.5290046	
4.386637	27.3109207	27.0438768	27.0403946	26.5813645	
4.394792	27.3585913	27.1049633	27.0880653	26.6337244	
4.404877	27.4169172	27.1573232	27.1463912	26.6773576	
4.415021	27.4750074	27.209683	27.2044814	26.7297175	
4.425161	27.5324379	27.2620429	27.2619118	26.7733507	
4.443718	27.635076	27.3144028	27.36455	26.8257106	
4.448289	27.6603977	27.384216	27.3898717	26.8955238	
4.458514	27.7163059	27.4365758	27.4457799	26.9478837	
4.468637	27.7710482	27.4889357	27.5005222	27.0002435	
4.478764	27.8252005	27.532569	27.5546744	27.0526034	
4.491388	27.8917229	27.5849288	27.6211969	27.1049633	
4.499117	27.9321399	27.6372887	27.6616138	27.1573232	
4.509259	27.9845346	27.6809219	27.7140086	27.209683	
4.519386	28.0362721	27.7332818	27.7657461	27.2620429	
4.529585	28.0877807	27.776915	27.8172547	27.3231294	
4.539747	28.1384494	27.8292749	27.8679234	27.384216	
4.549875	28.1883495	27.8729082	27.9178235	27.4365758	
4.560022	28.2377452	27.925268	27.9672191	27.4976624	
4.570255	28.2869441	27.9689013	28.0164181	27.5500222	
4.580365	28.3349528	28.0125345	28.0644268	27.6111088	
4.592655	28.3923798	28.0648944	28.1218537	27.6721953	
4.600716	28.4297045	28.1172542	28.1591785	27.7245552	
4.610872	28.4760779	28.1608875	28.2055518	27.7856417	
4.621015	28.5218093	28.2045207	28.2512832	27.8467282	
4.641067	28.6093036	28.2917872	28.3387776	27.9601746	
4.645627	28.6292428	28.3179671	28.3587168	27.9863546	
4.655817	28.6731077	28.3616003	28.4025816	28.0387144	
4.665941	28.7160798	28.4139602	28.4455538	28.0910743	
4.67604	28.7583315	28.4575935	28.4878054	28.1521608	
4.686279	28.8005823	28.5012267	28.5300562	28.2045207	
4.698381	28.8495839	28.5535866	28.5790578	28.2743339	
4.708423	28.8896916	28.6059464	28.6191656	28.3266938	
4.718582	28.9296668	28.6495797	28.6591407	28.3790536	
4.728712	28.9689353	28.6932129	28.6984093	28.4314135	
4.739239	29.0091264	28.7455728	28.7386004	28.4837734	
4.749082	29.0460797	28.7804794	28.7755536	28.5274066	
4.759218	29.0835581	28.8328392	28.8130321	28.5797665	
4.769389	29.1205744	28.8677458	28.8500484	28.6233997	
4.779517	29.1568185	28.9201057	28.8862924	28.6757596	
4.789682	29.1926044	28.9550123	28.9220783	28.7281195	
4.801059	29.2318569	29.0073722	28.9613309	28.7717527	
4.811155	29.2661202	29.0422788	28.9955941	28.815386	
4.821266	29.2998481	29.085912	29.0293221	28.8590192	
4.83973	29.3591442	29.1557252	29.0886182	28.937559	
4.844693	29.3749563	29.1731784	29.1044303	28.9550123	
4.854557	29.4059475	29.208085	29.1354214	28.9899189	
4.864689	29.4371862	29.2429916	29.1666602	29.0335521	
4.874832	29.4678586	29.2778982	29.1973325	29.0684587	
4.884952	29.4978798	29.3128048	29.2273537	29.1033653	
4.895128	29.5274651	29.3477114	29.256939	29.1382719	
4.905549	29.5571204	29.3738913	29.2865944	29.1644518	
4.915555	29.5850115	29.4087979	29.3144855	29.1993584	
4.925631	29.6125255	29.4349778	29.3419995	29.2255383	
4.936058	29.6403697	29.4611578	29.3698437	29.2517183	
4.946267	29.6670215	29.4960644	29.3964955	29.2778982	
4.956267	29.6925576	29.5222443	29.4220316	29.3040781	
4.966382	29.7177904	29.5484242	29.4472644	29.3215314	
4.976562	29.7425949	29.5658775	29.4720689	29.3477114	
4.986682	29.7666622	29.5920575	29.4961362	29.3651647	
5.006247	29.8104943	29.6356907	29.5399683	29.3913446	
5.010842	29.8208384	29.6444173	29.5503124	29.4087979	
5.02098	29.8429608	29.6705973	29.5724347	29.4262512	
5.031111	29.8644852	29.6880506	29.5939591	29.4349778	
5.041311	29.885568	29.7055039	29.615042	29.4524311	
5.05148	29.9059959	29.7229572	29.6354699	29.4611578	
5.061585	29.9257085	29.7404105	29.6551824	29.4786111	
5.071747	29.9449535	29.7578637	29.6744274	29.4873377	
5.081924	29.9636427	29.775317	29.6931167	29.4960644	
5.092093	29.9817357	29.7927703	29.7112097	29.5135177	
5.104903	30.003523	29.8102236	29.732997	29.5222443	
5.112467	30.0161575	29.8189503	29.7456315	29.5309709	
5.122737	30.0326471	29.8276769	29.762121	29.5309709	
5.132812	30.0483385	29.8451302	29.7778124	29.5396976	
5.142985	30.0634618	29.8451302	29.7929358	29.5484242	
5.153353	30.0783533	29.8625835	29.8078273	29.5571509	
5.163319	30.0921178	29.8625835	29.8215918	29.5658775	
5.173442	30.1055341	29.8713101	29.8350081	29.5658775	
5.183584	30.1184066	29.8800368	29.8478805	29.5746042	
5.193746	30.130739	29.8800368	29.860213	29.5746042	
5.204132	30.142899	29.8800368	29.8723729	29.5833308	
5.214384	30.1540407	29.8887634	29.8835147	29.5833308	
5.224223	30.1643557	29.8887634	29.8938297	29.5833308	
5.242312	30.1811665	29.8974901	29.9106405	29.5833308	
5.254752	30.1921065	29.8974901	29.9215805	29.5833308	
5.259323	30.196109	29.8974901	29.925583	29.5920575	
5.269412	30.2042745	29.8974901	29.9337485	29.5920575	
5.289405	30.2178748	29.8974901	29.9473488	29.5920575	
5.294003	30.2210798	29.8974901	29.9505538	29.5920575	
5.304503	30.2277066	29.8974901	29.9571806	29.5920575	
5.31483	30.2337051	29.8974901	29.963179	29.5920575	
5.324577	30.2389193	29.8974901	29.9683933	29.5920575	
5.334603	30.2438019	29.8974901	29.9732759	29.5920575	
5.344782	30.2482777	29.8974901	29.9777517	29.5920575	
5.35509	30.2523201	29.8974901	29.981794	29.5920575	
5.36519	30.2558351	29.8974901	29.9853091	29.5920575	
5.375382	30.2589344	29.8974901	29.9884084	29.5920575	
5.385639	30.2616206	29.8974901	29.9910946	29.5920575	
5.395637	30.263852	29.8974901	29.9933259	29.5920575	
5.406087	30.2657715	29.8974901	29.9952455	29.5920575	
5.417381	30.271631	29.8974901	30.0011049	29.5920575	
5.427215	30.271631	29.8974901	30.0011049	29.5920575	
5.437408	30.271631	29.8974901	30.0011049	29.5920575	
5.447529	30.271631	29.8974901	30.0011049	29.5920575	
5.457763	30.271631	29.8974901	30.0011049	29.5920575	
5.467991	30.271631	29.8974901	30.0011049	29.5920575	
5.478098	30.271631	29.8974901	30.0011049	29.5920575	
5.488245	30.271631	29.8974901	30.0011049	29.5920575	
5.498474	30.271631	29.8974901	30.0011049	29.5920575	
5.508589	30.271631	29.8974901	30.0011049	29.5920575	
5.519654	30.271631	29.8974901	30.0011049	29.5920575	
5.529837	30.271631	29.8974901	30.0011049	29.5920575	
5.540009	30.271631	29.8974901	30.0011049	29.5920575	
5.550157	30.271631	29.8974901	30.0011049	29.5920575	
5.560296	30.271631	29.8974901	30.0011049	29.5920575	
5.570558	30.271631	29.8974901	30.0011049	29.5920575	
5.580678	30.271631	29.8974901	30.0011049	29.5920575	
5.59078	30.271631	29.8974901	30.0011049	29.5920575	
5.600942	30.271631	29.8974901	30.0011049	29.5920575	
5.611266	30.271631	29.8974901	30.0011049	29.5920575	
5.622397	30.271631	29.8974901	30.0011049	29.5920575	
5.634616	30.271631	29.8974901	30.0011049	29.5920575	
5.642682	30.271631	29.8974901	30.0011049	29.5920575	
5.652788	30.271631	29.8974901	30.0011049	29.5920575	
5.663243	30.271631	29.8974901	30.0011049	29.5920575	
5.673311	30.271631	29.8974901	30.0011049	29.5920575	
5.683408	30.271631	29.8974901	30.0011049	29.5920575	
5.69356	30.271631	29.8974901	30.0011049	29.5920575	
5.703715	30.271631	29.8974901	30.0011049	29.5920575	
5.713822	30.271631	29.8974901	30.0011049	29.5920575	
5.725189	30.271631	29.8974901	30.0011049	29.5920575	
5.735358	30.271631	29.8974901	30.0011049	29.5920575	
5.745523	30.271631	29.8974901	30.0011049	29.5920575	
5.755597	30.271631	29.8974901	30.0011049	29.5920575	
5.766156	30.271631	29.8974901	30.0011049	29.5920575	
5.776375	30.271631	29.8974901	30.0011049	29.5920575	
5.786042	30.271631	29.8974901	30.0011049	29.5920575	
5.796204	30.271631	29.8974901	30.0011049	29.5920575	
5.806327	30.271631	29.8974901	30.0011049	29.5920575	
5.816486	30.271631	29.8974901	30.0011049	29.5920575	
5.828161	30.271631	29.8974901	30.0011049	29.5920575	
5.838251	30.271631	29.8974901	30.0011049	29.5920575	
5.848415	30.271631	29.8974901	30.0011049	29.5920575	
5.858624	30.271631	29.8974901	30.0011049	29.5920575	
5.868739	30.271631	29.8974901	30.0011049	29.5920575	
5.878854	30.271631	29.8974901	30.0011049	29.5920575	
5.889096	30.271631	29.8974901	30.0011049	29.5920575	
5.899219	30.271631	29.8974901	30.0011049	29.5920575	
5.909453	30.271631	29.8974901	30.0011049	29.5920575	
5.919517	30.271631	29.8974901	30.0011049	29.5920575	
5.930987	30.271631	29.8974901	30.0011049	29.5920575	
5.941065	30.271631	29.8974901	30.0011049	29.5920575	
5.951232	30.271631	29.8974901	30.0011049	29.5920575	
5.961793	30.271631	29.8974901	30.0011049	29.5920575	
5.971532	30.271631	29.8974901	30.0011049	29.5920575	
5.981712	30.271631	29.8974901	30.0011049	29.5920575	
5.991846	30.271631	29.8974901	30.0011049	29.5920575	
6.002153	30.271631	29.8974901	30.0011049	29.5920575	
6.012201	30.271631	29.8974901	30.0011049	29.5920575	
6.022319	30.271631	29.8974901	30.0011049	29.5920575	
6.034143	30.271631	29.8974901	30.0011049	29.5920575	
6.043676	30.271631	29.8974901	30.0011049	29.5920575	
6.053841	30.271631	29.8974901	30.0011049	29.5920575	
6.064095	30.271631	29.8974901	30.0011049	29.5920575	
6.074507	30.271631	29.8974901	30.0011049	29.5920575	
6.0843	30.271631	29.8974901	30.0011049	29.5920575	
6.094432	30.271631	29.8974901	30.0011049	29.5920575	
6.1047	30.271631	29.8974901	30.0011049	29.5920575	
6.114834	30.271631	29.8974901	30.0011049	29.5920575	
6.124972	30.271631	29.8974901	30.0011049	29.5920575	
6.136461	30.271631	29.8974901	30.0011049	29.5920575	
6.146436	30.271631	29.8974901	30.0011049	29.5920575	
6.15652	30.271631	29.8974901	30.0011049	29.5920575	
6.166634	30.271631	29.8974901	30.0011049	29.5920575	
6.185221	30.271631	29.8974901	30.0011049	29.5920575	
6.189794	30.271631	29.8974901	30.0011049	29.5920575	
6.19999	30.271631	29.8974901	30.0011049	29.5920575	
6.210132	30.271631	29.8974901	30.0011049	29.5920575	
6.220236	30.271631	29.8974901	30.0011049	29.5920575	
6.230419	30.271631	29.8974901	30.0011049	29.5920575	
6.248769	30.271631	29.8974901	30.0011049	29.5920575	
6.253421	30.271631	29.8974901	30.0011049	29.5920575	
6.263544	30.271631	29.8974901	30.0011049	29.5920575	
6.273706	30.271631	29.8974901	30.0011049	29.5920575	
6.283819	30.271631	29.8974901	30.0011049	29.5920575	
6.294008	30.271631	29.8974901	30.0011049	29.5920575	
6.304152	30.271631	29.8974901	30.0011049	29.5920575	
6.314275	30.271631	29.8974901	30.0011049	29.5920575	
6.324396	30.271631	29.8974901	30.0011049	29.5920575	
6.342759	30.271631	29.8974901	30.0011049	29.5920575	
6.347506	30.271631	29.8974901	30.0011049	29.5920575	
6.357597	30.271631	29.8974901	30.0011049	29.5920575	
6.367757	30.271631	29.8974901	30.0011049	29.5920575	
6.377896	30.271631	29.8974901	30.0011049	29.5920575	
6.388164	30.271631	29.8974901	30.0011049	29.5920575	
6.39826	30.271631	29.8974901	30.0011049	29.5920575	
6.408401	30.271631	29.8974901	30.0011049	29.5920575	
6.418657	30.271631	29.8974901	30.0011049	29.5920575	
6.428696	30.271631	29.8974901	30.0011049	29.5920575	
6.441681	30.271631	29.8974901	30.0011049	29.5920575	
6.449144	30.271631	29.8974901	30.0011049	29.5920575	
6.459286	30.271631	29.8974901	30.0011049	29.5920575	
6.469396	30.271631	29.8974901	30.0011049	29.5920575	
6.479533	30.271631	29.8974901	30.0011049	29.5920575	
6.489741	30.271631	29.8974901	30.0011049	29.5920575	
6.499927	30.271631	29.8974901	30.0011049	29.5920575	
6.510037	30.271631	29.8974901	30.0011049	29.5920575	
6.520228	30.271631	29.8974901	30.0011049	29.5920575	
6.530359	30.271631	29.8974901	30.0011049	29.5920575	
6.542744	30.271631	29.8974901	30.0011049	29.5920575	
6.550832	30.271631	29.8974901	30.0011049	29.5920575	
6.560872	30.271631	29.8974901	30.0011049	29.5920575	
6.57107	30.271631	29.8974901	30.0011049	29.5920575	
6.581157	30.271631	29.8974901	30.0011049	29.5920575	
6.591346	30.271631	29.8974901	30.0011049	29.5920575	
6.60153	30.271631	29.8974901	30.0011049	29.5920575	
6.611682	30.271631	29.8974901	30.0011049	29.5920575	
6.621819	30.271631	29.8974901	30.0011049	29.5920575	
6.632563	30.271631	29.8974901	30.0011049	29.5920575	
6.642128	30.271631	29.8974901	30.0011049	29.5920575	
6.65269	30.271631	29.8974901	30.0011049	29.5920575	
6.662473	30.271631	29.8974901	30.0011049	29.5920575	
6.672611	30.271631	29.8974901	30.0011049	29.5920575	
6.682902	30.271631	29.8974901	30.0011049	29.5920575	
6.701293	30.271631	29.8974901	30.0011049	29.5920575	
6.70591	30.271631	29.8974901	30.0011049	29.5920575	
6.724062	30.271631	29.8974901	30.0011049	29.5920575	
6.72863	30.271631	29.8974901	30.0011049	29.5920575	
6.738795	30.271631	29.8974901	30.0011049	29.5920575	
6.751084	30.271631	29.8974901	30.0011049	29.5920575	
6.759149	30.271631	29.8974901	30.0011049	29.5920575	
6.76937	30.271631	29.8974901	30.0011049	29.5920575	
6.7795	30.271631	29.8974901	30.0011049	29.5920575	
6.789591	30.271631	29.8974901	30.0011049	29.5920575	
6.799794	30.271631	29.8974901	30.0011049	29.5920575	
6.809954	30.271631	29.8974901	30.0011049	29.5920575	
6.820202	30.271631	29.8974901	30.0011049	29.5920575	
6.830276	30.271631	29.8974901	30.0011049	29.5920575	
6.840634	30.271631	29.8974901	30.0011049	29.5920575	
6.861219	30.271631	29.8974901	30.0011049	29.5920575	
6.865815	30.271631	29.8974901	30.0011049	29.5920575	
6.875988	30.271631	29.8974901	30.0011049	29.5920575	
6.886103	30.271631	29.8974901	30.0011049	29.5920575	
6.896295	30.271631	29.8974901	30.0011049	29.5920575	
6.906419	30.271631	29.8974901	30.0011049	29.5920575	
6.916579	30.271631	29.8974901	30.0011049	29.5920575	
6.92672	30.271631	29.8974901	30.0011049	29.5920575	
6.944802	30.271631	29.8974901	30.0011049	29.5920575	
6.949376	30.271631	29.8974901	30.0011049	29.5920575	
6.959743	30.271631	29.8974901	30.0011049	29.5920575	
6.969761	30.271631	29.8974901	30.0011049	29.5920575	
6.979928	30.271631	29.8974901	30.0011049	29.5920575	
6.99002	30.271631	29.8974901	30.0011049	29.5920575	
7.000236	30.271631	29.8974901	30.0011049	29.5920575	
7.010388	30.271631	29.8974901	30.0011049	29.5920575	
7.020538	30.271631	29.8974901	30.0011049	29.5920575	
7.030641	30.271631	29.8974901	30.0011049	29.5920575	
7.040804	30.271631	29.8974901	30.0011049	29.5920575	
7.051038	30.271631	29.8974901	30.0011049	29.5920575	
7.061439	30.271631	29.8974901	30.0011049	29.5920575	
7.071337	30.271631	29.8974901	30.0011049	29.5920575	
7.081543	30.271631	29.8974901	30.0011049	29.5920575	
7.091675	30.271631	29.8974901	30.0011049	29.5920575	
7.101768	30.271631	29.8974901	30.0011049	29.5920575	
7.11197	30.271631	29.8974901	30.0011049	29.5920575	
7.122104	30.271631	29.8974901	30.0011049	29.5920575	
7.132304	30.271631	29.8974901	30.0011049	29.5920575	
7.142427	30.271631	29.8974901	30.0011049	29.5920575	
7.15252	30.271631	29.8974901	30.0011049	29.5920575	
7.163307	30.271631	29.8974901	30.0011049	29.5920575	
7.1732	30.271631	29.8974901	30.0011049	29.5920575	
7.183344	30.271631	29.8974901	30.0011049	29.5920575	
7.193494	30.271631	29.8974901	30.0011049	29.5920575	
7.203598	30.271631	29.8974901	30.0011049	29.5920575	
7.213773	30.271631	29.8974901	30.0011049	29.5920575	
7.223888	30.271631	29.8974901	30.0011049	29.5920575	
7.234153	30.271631	29.8974901	30.0011049	29.5920575	
7.244299	30.271631	29.8974901	30.0011049	29.5920575	
7.25469	30.271631	29.8974901	30.0011049	29.5920575	
7.265727	30.271631	29.8974901	30.0011049	29.5920575	
7.287062	30.271631	29.8974901	30.0011049	29.5920575	
7.291588	30.271631	29.8974901	30.0011049	29.5920575	
7.301771	30.271631	29.8974901	30.0011049	29.5920575	
7.311948	30.271631	29.8974901	30.0011049	29.5920575	
7.322111	30.271631	29.8974901	30.0011049	29.5920575	
7.332338	30.271631	29.8974901	30.0011049	29.5920575	
7.342644	30.271631	29.8974901	30.0011049	29.5920575	
7.352564	30.271631	29.8974901	30.0011049	29.5920575	
7.365426	30.271631	29.8974901	30.0011049	29.5920575	
7.372979	30.271631	29.8974901	30.0011049	29.5920575	
7.383232	30.271631	29.8974901	30.0011049	29.5920575	
7.393278	30.271631	29.8974901	30.0011049	29.5920575	
7.403354	30.271631	29.8974901	30.0011049	29.5920575	
7.413489	30.271631	29.8974901	30.0011049	29.5920575	
7.423668	30.271631	29.8974901	30.0011049	29.5920575	
7.43434	30.271631	29.8974901	30.0011049	29.5920575	
7.444006	30.271631	29.8974901	30.0011049	29.5920575	
7.462417	30.271631	29.8974901	30.0011049	29.5920575	
7.469669	30.271631	29.8974901	30.0011049	29.5920575	
7.477254	30.271631	29.8974901	30.0011049	29.5920575	
7.487403	30.271631	29.8974901	30.0011049	29.5920575	
7.497638	30.271631	29.8974901	30.0011049	29.5920575	
7.507736	30.271631	29.8974901	30.0011049	29.5920575	
7.517904	30.271631	29.8974901	30.0011049	29.5920575	
7.528061	30.271631	29.8974901	30.0011049	29.5920575	
7.538226	30.271631	29.8974901	30.0011049	29.5920575	
7.548414	30.271631	29.8974901	30.0011049	29.5920575	
7.558548	30.271631	29.8974901	30.0011049	29.5920575	
7.571266	30.271631	29.8974901	30.0011049	29.5920575	
7.578991	30.271631	29.8974901	30.0011049	29.5920575	
7.589068	30.271631	29.8974901	30.0011049	29.5920575	
7.599249	30.271631	29.8974901	30.0011049	29.5920575	
7.609403	30.271631	29.8974901	30.0011049	29.5920575	
7.619572	30.271631	29.8974901	30.0011049	29.5920575	
7.629665	30.271631	29.8974901	30.0011049	29.5920575	
7.648973	30.271631	29.8974901	30.0011049	29.5920575	
7.653519	30.271631	29.8974901	30.0011049	29.5920575	
7.663703	30.271631	29.8974901	30.0011049	29.5920575	
7.676664	30.271631	29.8974901	30.0011049	29.5920575	
7.68649	30.271631	29.8974901	30.0011049	29.5920575	
7.696625	30.271631	29.8974901	30.0011049	29.5920575	
7.706889	30.271631	29.8974901	30.0011049	29.5920575	
7.717391	30.271631	29.8974901	30.0011049	29.5920575	
7.727151	30.271631	29.8974901	30.0011049	29.5920575	
7.73729	30.271631	29.8974901	30.0011049	29.5920575	
7.747418	30.271631	29.8974901	30.0011049	29.5920575	
7.757567	30.271631	29.8974901	30.0011049	29.5920575	
7.767738	30.271631	29.8974901	30.0011049	29.5920575	
7.779202	30.271631	29.8974901	30.0011049	29.5920575	
7.789207	30.271631	29.8974901	30.0011049	29.5920575	
7.799412	30.271631	29.8974901	30.0011049	29.5920575	
7.809586	30.271631	29.8974901	30.0011049	29.5920575	
7.8197	30.271631	29.8974901	30.0011049	29.5920575	
7.829966	30.271631	29.8974901	30.0011049	29.5920575	
7.840384	30.271631	29.8974901	30.0011049	29.5920575	
7.850311	30.271631	29.9062167	30.0011049	29.5920575	
7.860454	30.271631	29.9149434	30.0011049	29.5920575	
7.870598	30.271631	29.92367	30.0011049	29.5920575	
7.881778	30.271631	29.9323967	30.0011049	29.6007841	
7.891924	30.271631	29.94985	30.0011049	29.6007841	
7.902051	30.271631	29.94985	30.0011049	29.6007841	
7.912354	30.271631	29.9673033	30.0011049	29.6007841	
7.922446	30.271631	29.9760299	30.0011049	29.6007841	
7.932614	30.271631	29.9847565	30.0011049	29.6095108	
7.942775	30.271631	29.9847565	30.0011049	29.6182374	
7.952939	30.271631	29.9934832	30.0011049	29.6269641	
7.963108	30.271631	29.9934832	30.0011049	29.6356907	
7.973273	30.271631	30.0022098	30.0011049	29.6444173	
7.992899	30.271631	30.0022098	30.0011049	29.653144	
7.9975	30.271631	30.0022098	30.0011049	29.6705973	
8.007661	30.271631	30.0022098	30.0011049	29.6705973	
8.017802	30.271631	30.0022098	30.0011049	29.6880506	
8.027944	30.271631	30.0109365	30.0011049	29.6967772	
8.038091	30.271631	30.0196631	30.0011049	29.7055039	
8.048262	30.271631	30.0196631	30.0011049	29.7142305	
8.058444	30.271631	30.0283898	30.0011049	29.7316838	
8.068547	30.271631	30.0371164	30.0011049	29.7404105	
8.078743	30.271631	30.0458431	30.0011049	29.7491371	
8.089149	30.271631	30.0545697	30.0011049	29.7578637	
8.099124	30.271631	30.0632964	30.0011049	29.7665904	
8.10924	30.271631	30.072023	30.0011049	29.775317	
8.119363	30.271631	30.0894763	30.0011049	29.7840437	
8.129602	30.271631	30.098203	30.0011049	29.7927703	
8.139729	30.271631	30.1069296	30.0011049	29.801497	
8.149872	30.271631	30.1243829	30.0011049	29.8102236	
8.160039	30.271631	30.1331095	30.0011049	29.8102236	
8.170172	30.271631	30.1418362	30.0011049	29.8189503	
8.18045	30.271631	30.1592895	30.0011049	29.8276769	
8.190881	30.271631	30.1680161	30.0011049	29.8276769	
8.200901	30.271631	30.1767428	30.0011049	29.8364036	
8.21108	30.271631	30.1941961	30.0011049	29.8364036	
8.221258	30.271631	30.1941961	30.0011049	29.8451302	
8.231362	30.271631	30.2116494	30.0011049	29.8451302	
8.241597	30.271631	30.220376	30.0011049	29.8451302	
8.251711	30.271631	30.2291026	30.0011049	29.8451302	
8.261853	30.271631	30.2291026	30.0011049	29.8451302	
8.271998	30.271631	30.2378293	30.0011049	29.8451302	
8.282143	30.271631	30.2465559	30.0011049	29.8538569	
8.29278	30.271631	30.2465559	30.0011049	29.8625835	
8.302557	30.271631	30.2465559	30.0011049	29.8625835	
8.312705	30.271631	30.2552826	30.0011049	29.8625835	
8.322944	30.271631	30.2640092	30.0011049	29.8713101	
8.333245	30.271631	30.2640092	30.0011049	29.8713101	
8.343391	30.271631	30.2640092	30.0011049	29.8800368	
8.353418	30.271631	30.2640092	30.0011049	29.8800368	
8.363498	30.271631	30.2727359	30.0011049	29.8800368	
8.373638	30.271631	30.2727359	30.0011049	29.8887634	
8.383742	30.271631	30.2727359	30.0011049	29.8974901	
8.39512	30.271631	30.2727359	30.0011049	29.8974901	
8.405141	30.271631	30.2814625	30.0011049	29.9062167	
8.415351	30.271631	30.2814625	30.0011049	29.9149434	
8.425514	30.271631	30.2814625	30.0011049	29.9149434	
8.43618	30.271631	30.2814625	30.0011049	29.9149434	
8.445725	30.271631	30.2901892	30.0011049	29.92367	
8.455854	30.271631	30.2901892	30.0011049	29.9323967	
8.466012	30.271631	30.2989158	30.0011049	29.9323967	
8.476166	30.271631	30.2989158	30.0011049	29.9411233	
8.486318	30.271631	30.2989158	30.0011049	29.9411233	
8.497774	30.271631	30.2989158	30.0011049	29.94985	
8.50794	30.271631	30.3076425	30.0011049	29.94985	
8.518076	30.271631	30.3076425	30.0011049	29.94985	
8.528193	30.271631	30.3076425	30.0011049	29.94985	
8.538366	30.271631	30.3076425	30.0011049	29.94985	
8.548552	30.271631	30.3076425	30.0011049	29.94985	
8.558748	30.271631	30.3076425	30.0011049	29.94985	
8.568885	30.271631	30.3076425	30.0011049	29.94985	
8.57905	30.271631	30.3076425	30.0011049	29.94985	
8.589217	30.271631	30.3076425	30.0011049	29.94985	
8.60044	30.271631	30.3076425	30.0011049	29.94985	
8.610641	30.271631	30.3076425	30.0011049	29.94985	
8.620742	30.271631	30.3076425	30.0011049	29.94985	
8.630843	30.271631	30.3076425	30.0011049	29.94985	
8.651094	30.271631	30.3076425	30.0011049	29.94985	
8.655754	30.271631	30.3076425	30.0011049	29.94985	
8.673774	30.271631	30.3076425	30.0011049	29.94985	
8.678352	30.271631	30.3076425	30.0011049	29.94985	
8.688471	30.271631	30.3076425	30.0011049	29.94985	
8.700403	30.271631	30.3076425	30.0011049	29.94985	
8.708862	30.271631	30.3076425	30.0011049	29.94985	
8.718969	30.271631	30.3076425	30.0011049	29.94985	
8.72913	30.271631	30.3076425	30.0011049	29.94985	
8.739266	30.271631	30.3076425	30.0011049	29.94985	
8.749472	30.271631	30.3076425	30.0011049	29.94985	
8.759658	30.271631	30.3076425	30.0011049	29.94985	
8.769799	30.271631	30.3076425	30.0011049	29.94985	
8.779951	30.271631	30.3076425	30.0011049	29.94985	
8.790089	30.271631	30.3076425	30.0011049	29.94985	
8.802904	30.271631	30.3076425	30.0011049	29.94985	
8.810476	30.271631	30.3076425	30.0011049	29.94985	
8.820578	30.271631	30.3076425	30.0011049	29.94985	
8.83071	30.271631	30.3076425	30.0011049	29.94985	
8.841034	30.271631	30.3076425	30.0011049	29.94985	
8.851088	30.271631	30.3076425	30.0011049	29.94985	
8.861216	30.271631	30.3076425	30.0011049	29.94985	
8.871338	30.271631	30.3076425	30.0011049	29.94985	
8.889522	30.271631	30.3076425	30.0011049	29.94985	
8.894479	30.271631	30.3076425	30.0011049	29.94985	
8.915267	30.271631	30.3076425	30.0011049	29.94985	
8.919853	30.271631	30.3076425	30.0011049	29.94985	
8.930029	30.271631	30.3076425	30.0011049	29.94985	
8.94019	30.271631	30.3076425	30.0011049	29.94985	
8.950354	30.271631	30.3076425	30.0011049	29.94985	
8.960514	30.271631	30.3076425	30.0011049	29.94985	
8.970703	30.271631	30.3076425	30.0011049	29.94985	
8.980825	30.271631	30.3076425	30.0011049	29.94985	
8.990945	30.271631	30.3076425	30.0011049	29.94985	
9.001129	30.271631	30.3076425	30.0011049	29.94985	
9.011363	30.271631	30.3076425	30.0011049	29.94985	
9.021502	30.271631	30.3076425	30.0011049	29.94985	
9.031589	30.271631	30.3076425	30.0011049	29.94985	
9.041783	30.271631	30.3076425	30.0011049	29.94985	
9.051871	30.271631	30.3076425	30.0011049	29.94985	
9.070229	30.271631	30.3076425	30.0011049	29.94985	
9.074883	30.271631	30.3076425	30.0011049	29.94985	
9.084968	30.271631	30.3076425	30.0011049	29.94985	
9.0951	30.271631	30.3076425	30.0011049	29.94985	
9.105251	30.271631	30.3076425	30.0011049	29.94985	
9.115731	30.271631	30.3076425	30.0011049	29.94985	
9.125768	30.271631	30.3163691	30.0011049	29.94985	
9.135949	30.271631	30.3163691	30.0011049	29.94985	
9.146089	30.271631	30.3163691	30.0011049	29.94985	
9.156341	30.271631	30.3250958	30.0011049	29.94985	
9.166474	30.271631	30.3338224	30.0011049	29.94985	
9.176583	30.271631	30.342549	30.0011049	29.94985	
9.186789	30.271631	30.3512757	30.0011049	29.94985	
9.204797	30.271631	30.3861823	30.0011049	29.94985	
9.209367	30.271631	30.3861823	30.0011049	29.94985	
9.219606	30.271631	30.4036356	30.0011049	29.94985	
9.229728	30.271631	30.4210889	30.0011049	29.94985	
9.239884	30.271631	30.4385422	30.0011049	29.94985	
9.250016	30.271631	30.4559954	30.0011049	29.94985	
9.260211	30.271631	30.4734487	30.0011049	29.94985	
9.270357	30.271631	30.490902	30.0011049	29.94985	
9.290223	30.271631	30.5258086	30.0011049	29.94985	
9.294757	30.271631	30.5258086	30.0011049	29.94985	
9.304958	30.271631	30.5432619	30.0011049	29.94985	
9.317968	30.271631	30.5607152	30.0011049	29.94985	
9.325266	30.271631	30.5694418	30.0011049	29.94985	
9.343352	30.271631	30.5781685	30.0011049	29.94985	
9.347939	30.271631	30.5956218	30.0011049	29.94985	
9.358234	30.271631	30.6130751	30.0011049	29.94985	
9.368423	30.271631	30.6305284	30.0011049	29.94985	
9.378607	30.271631	30.639255	30.0011049	29.94985	
9.388745	30.271631	30.6479817	30.0011049	29.94985	
9.398898	30.271631	30.665435	30.0011049	29.94985	
9.409046	30.271631	30.665435	30.0011049	29.94985	
9.421906	30.271631	30.6828883	30.0011049	29.94985	
9.431893	30.271631	30.6828883	30.0011049	29.94985	
9.442111	30.271631	30.6916149	30.0011049	29.94985	
9.452312	30.271631	30.7003415	30.0011049	29.94985	
9.462386	30.271631	30.7003415	30.0011049	29.94985	
9.472583	30.271631	30.7003415	30.0011049	29.94985	
9.482805	30.271631	30.7003415	30.0011049	29.94985	
9.492929	30.271631	30.7003415	30.0011049	29.94985	
9.503083	30.271631	30.7003415	30.0011049	29.94985	
9.513336	30.271631	30.7003415	30.0011049	29.94985	
9.532803	30.271631	30.7003415	30.0011049	29.94985	
9.537421	30.271631	30.7003415	30.0011049	29.94985	
9.547608	30.271631	30.7003415	30.0011049	29.94985	
9.557725	30.271631	30.6916149	30.0011049	29.94985	
9.567918	30.271631	30.6828883	30.0011049	29.94985	
9.57807	30.271631	30.6828883	30.0011049	29.94985	
9.588253	30.271631	30.6741616	30.0011049	29.94985	
9.598429	30.271631	30.665435	30.0011049	29.94985	
9.608537	30.271631	30.665435	30.0011049	29.94985	
9.618728	30.271631	30.665435	30.0011049	29.94985	
9.629233	30.271631	30.6567083	30.0011049	29.94985	
9.639433	30.271631	30.6479817	30.0011049	29.94985	
9.649186	30.271631	30.6479817	30.0011049	29.94985	
9.65934	30.271631	30.6479817	30.0011049	29.94985	
9.669448	30.271631	30.6479817	30.0011049	29.94985	
9.679859	30.271631	30.639255	30.0011049	29.94985	
9.689992	30.271631	30.639255	30.0011049	29.94985	
9.700008	30.271631	30.6305284	30.0011049	29.94985	
9.710106	30.271631	30.6305284	30.0011049	29.94985	
9.720305	30.271631	30.6305284	30.0011049	29.94985	
9.730758	30.271631	30.6305284	30.0011049	29.94985	
9.740695	30.271631	30.6305284	30.0011049	29.94985	
9.750826	30.271631	30.6305284	30.0011049	29.94985	
9.76099	30.271631	30.6305284	30.0011049	29.94985	
9.771171	30.271631	30.6305284	30.0011049	29.94985	
9.781315	30.271631	30.6305284	30.0011049	29.94985	
9.79144	30.271631	30.6305284	30.0011049	29.94985	
9.801642	30.271631	30.6305284	30.0011049	29.94985	
9.811772	30.271631	30.6305284	30.0011049	29.94985	
9.821899	30.271631	30.6305284	30.0011049	29.94985	
9.832432	30.271631	30.6305284	30.0011049	29.94985	
9.842599	30.271631	30.6305284	30.0011049	29.94985	
9.852738	30.271631	30.6305284	30.0011049	29.94985	
9.862895	30.271631	30.6305284	30.0011049	29.94985	
9.873232	30.271631	30.6305284	30.0011049	29.94985	
9.883199	30.271631	30.6305284	30.0011049	29.94985	
9.89352	30.271631	30.6305284	30.0011049	29.94985	
9.903506	30.271631	30.6305284	30.0011049	29.94985	
9.913818	30.271631	30.6305284	30.0011049	29.94985	
9.923899	30.271631	30.6305284	30.0011049	29.94985	
9.935277	30.271631	30.6305284	30.0011049	29.94985	
9.953306	30.271631	30.6305284	30.0011049	29.94985	
9.957896	30.271631	30.6305284	30.0011049	29.94985	
9.968005	30.271631	30.6305284	30.0011049	29.94985	
9.978221	30.271631	30.6305284	30.0011049	29.94985	
9.988581	30.271631	30.6305284	30.0011049	29.94985	
9.998553	30.271631	30.6305284	30.0011049	29.94985	
10.00869	30.271631	30.6305284	30.0011049	29.94985	
10.01885	30.271631	30.6305284	30.0011049	29.94985	
10.02897	30.271631	30.6305284	30.0011049	29.94985	
10.03918	30.271631	30.6305284	30.0011049	29.94985	
10.04935	30.271631	30.6305284	30.0011049	29.94985	
10.0595	30.271631	30.6305284	30.0011049	29.94985	
10.06963	30.271631	30.6305284	30.0011049	29.94985	
10.07982	30.271631	30.6305284	30.0011049	29.94985	
10.08996	30.271631	30.6305284	30.0011049	29.94985	
10.10012	30.271631	30.6305284	30.0011049	29.94985	
10.11029	30.271631	30.6305284	30.0011049	29.94985	
10.12045	30.271631	30.6305284	30.0011049	29.94985	
10.13061	30.271631	30.6305284	30.0011049	29.94985	
10.14081	30.271631	30.6305284	30.0011049	29.94985	
10.15098	30.271631	30.6305284	30.0011049	29.94985	
10.16112	30.271631	30.6305284	30.0011049	29.94985	
10.17133	30.271631	30.6305284	30.0011049	29.94985	
10.1814	30.271631	30.6305284	30.0011049	29.94985	
10.19158	30.271631	30.6305284	30.0011049	29.94985	
10.2018	30.271631	30.6305284	30.0011049	29.94985	
10.21192	30.271631	30.6305284	30.0011049	29.94985	
10.22208	30.271631	30.6305284	30.0011049	29.94985	
10.23221	30.271631	30.6305284	30.0011049	29.94985	
10.24349	30.271631	30.6305284	30.0011049	29.94985	
10.25355	30.271631	30.6305284	30.0011049	29.94985	
10.26368	30.271631	30.6305284	30.0011049	29.94985	
10.27399	30.271631	30.6305284	30.0011049	29.94985	
10.28447	30.271631	30.6305284	30.0011049	29.94985	
10.29416	30.271631	30.6305284	30.0011049	29.94985	
10.30434	30.271631	30.6305284	30.0011049	29.94985	
10.31452	30.271631	30.6305284	30.0011049	29.94985	
10.32465	30.271631	30.6305284	30.0011049	29.94985	
10.33483	30.271631	30.6305284	30.0011049	29.94985	
10.34611	30.271631	30.6305284	30.0011049	29.94985	
10.35623	30.271631	30.6305284	30.0011049	29.94985	
10.36635	30.271631	30.6218017	30.0011049	29.94985	
10.37651	30.271631	30.6130751	30.0011049	29.94985	
10.38667	30.271631	30.6130751	30.0011049	29.94985	
10.40477	30.271631	30.5956218	30.0011049	29.94985	
10.41733	30.271631	30.5956218	30.0011049	29.94985	
10.42209	30.271631	30.5868951	30.0011049	29.94985	
10.43219	30.271631	30.5781685	30.0011049	29.94985	
10.44471	30.271631	30.5781685	30.0011049	29.94985	
10.4528	30.271631	30.5694418	30.0011049	29.94985	
10.46294	30.271631	30.5694418	30.0011049	29.94985	
10.4731	30.271631	30.5607152	30.0011049	29.94985	
10.48328	30.271631	30.5607152	30.0011049	29.94985	
10.4934	30.271631	30.5607152	30.0011049	29.94985	
10.50355	30.271631	30.5607152	30.0011049	29.94985	
10.51375	30.271631	30.5607152	30.0011049	29.94985	
10.52387	30.271631	30.5607152	30.0011049	29.94985	
10.53405	30.271631	30.5607152	30.0011049	29.94985	
10.54454	30.271631	30.5607152	30.0011049	29.94985	
10.5544	30.271631	30.5607152	30.0011049	29.94985	
10.57246	30.271631	30.5607152	30.0011049	29.94985	
10.57709	30.271631	30.5607152	30.0011049	29.94985	
10.58725	30.271631	30.5607152	30.0011049	29.94985	
10.5975	30.271631	30.5607152	30.0011049	29.94985	
10.60765	30.271631	30.5607152	30.0011049	29.9585766	
10.61786	30.271631	30.5607152	30.0011049	29.9673033	
10.62796	30.271631	30.5607152	30.0011049	29.9760299	
10.63809	30.271631	30.5607152	30.0011049	29.9847565	
10.64929	30.271631	30.5607152	30.0011049	29.9934832	
10.65848	30.271631	30.5607152	30.0011049	30.0022098	
10.66864	30.271631	30.5607152	30.0011049	30.0196631	
10.67875	30.271631	30.5607152	30.0011049	30.0283898	
10.68889	30.271631	30.5519886	30.0011049	30.0458431	
10.69916	30.271631	30.5519886	30.0011049	30.0545697	
10.70923	30.271631	30.5432619	30.0011049	30.0545697	
10.71939	30.271631	30.5432619	30.0011049	30.0632964	
10.72956	30.271631	30.5432619	30.0011049	30.072023	
10.73971	30.271631	30.5345353	30.0011049	30.0807497	
10.74989	30.271631	30.5345353	30.0011049	30.0894763	
10.76004	30.271631	30.5258086	30.0011049	30.098203	
10.77021	30.271631	30.5258086	30.0011049	30.1069296	
10.78037	30.271631	30.517082	30.0011049	30.1156562	
10.7905	30.271631	30.517082	30.0011049	30.1243829	
10.80071	30.271631	30.5083553	30.0011049	30.1331095	
10.81088	30.271631	30.5083553	30.0011049	30.1505628	
10.82102	30.271631	30.5083553	30.0011049	30.1592895	
10.83114	30.271631	30.5083553	30.0011049	30.1767428	
10.84136	30.271631	30.5083553	30.0011049	30.1941961	
10.85153	30.271631	30.5083553	30.0011049	30.2029227	
10.86164	30.271631	30.5083553	30.0011049	30.2291026	
10.87183	30.271631	30.5083553	30.0011049	30.2378293	
10.88192	30.271631	30.5083553	30.0011049	30.2640092	
10.89217	30.271631	30.5083553	30.0011049	30.2814625	
10.90226	30.271631	30.5083553	30.0011049	30.2989158	
10.91257	30.271631	30.5083553	30.0011049	30.3163691	
10.92257	30.271631	30.5083553	30.0011049	30.3338224	
10.93274	30.271631	30.5083553	30.0011049	30.3512757	
10.94292	30.271631	30.5083553	30.0011049	30.368729	
10.95303	30.271631	30.5083553	30.0011049	30.3861823	
10.96366	30.271631	30.5083553	30.0011049	30.3949089	
10.97336	30.271631	30.5083553	30.0011049	30.4036356	
10.98345	30.271631	30.5083553	30.0011049	30.4210889	
10.99369	30.271631	30.5083553	30.0011049	30.4298155	
11.0038	30.271631	30.5083553	30.0011049	30.4298155	
11.01394	30.271631	30.5083553	30.0011049	30.4385422	
11.02409	30.271631	30.5083553	30.0011049	30.4385422	
11.03462	30.271631	30.5083553	30.0011049	30.4298155	
11.04439	30.271631	30.5083553	30.0011049	30.4298155	
11.05453	30.271631	30.5083553	30.0011049	30.4298155	
11.0647	30.271631	30.5083553	30.0011049	30.4298155	
11.07482	30.271631	30.5083553	30.0011049	30.4298155	
11.08497	30.271631	30.5083553	30.0011049	30.4298155	
11.09512	30.271631	30.5083553	30.0011049	30.4298155	
11.10526	30.271631	30.5083553	30.0011049	30.4298155	
11.11551	30.271631	30.5083553	30.0011049	30.4298155	
11.12556	30.271631	30.5083553	30.0011049	30.4298155	
11.13573	30.271631	30.5083553	30.0011049	30.4298155	
11.14592	30.271631	30.5083553	30.0011049	30.4298155	
11.15604	30.271631	30.5083553	30.0011049	30.4298155	
11.16617	30.271631	30.5083553	30.0011049	30.4298155	
11.17631	30.271631	30.5083553	30.0011049	30.4298155	
11.1865	30.271631	30.5083553	30.0011049	30.4298155	
11.19679	30.271631	30.5083553	30.0011049	30.4298155	
11.20696	30.271631	30.5083553	30.0011049	30.4298155	
11.21699	30.271631	30.5083553	30.0011049	30.4298155	
11.22732	30.271631	30.5083553	30.0011049	30.4298155	
11.23743	30.271631	30.5083553	30.0011049	30.4298155	
11.24741	30.271631	30.5083553	30.0011049	30.4298155	
11.2576	30.271631	30.5083553	30.0011049	30.4298155	
11.26773	30.271631	30.5083553	30.0011049	30.4298155	
11.28822	30.271631	30.5083553	30.0011049	30.4298155	
11.29291	30.271631	30.5083553	30.0011049	30.4298155	
11.30304	30.271631	30.5083553	30.0011049	30.4298155	
11.31322	30.271631	30.5083553	30.0011049	30.4298155	
11.3234	30.271631	30.5083553	30.0011049	30.4298155	
11.33349	30.271631	30.5083553	30.0011049	30.4298155	
11.34363	30.271631	30.5083553	30.0011049	30.4298155	
11.35386	30.271631	30.5083553	30.0011049	30.4298155	
11.36406	30.271631	30.5083553	30.0011049	30.4298155	
11.37432	30.271631	30.5083553	30.0011049	30.4298155	
11.38429	30.271631	30.5083553	30.0011049	30.4298155	
11.39447	30.271631	30.5083553	30.0011049	30.4298155	
11.41247	30.271631	30.5083553	30.0011049	30.4298155	
11.41717	30.271631	30.5083553	30.0011049	30.4298155	
11.42734	30.271631	30.5083553	30.0011049	30.4298155	
11.43749	30.271631	30.5083553	30.0011049	30.4298155	
11.44765	30.271631	30.5083553	30.0011049	30.4298155	
11.45784	30.271631	30.5083553	30.0011049	30.4298155	
11.46807	30.271631	30.5083553	30.0011049	30.4298155	
11.47819	30.271631	30.5083553	30.0011049	30.4298155	
11.4885	30.271631	30.5083553	30.0011049	30.4298155	
11.49851	30.271631	30.5083553	30.0011049	30.4298155	
11.50875	30.271631	30.5083553	30.0011049	30.4298155	
11.51882	30.271631	30.5083553	30.0011049	30.4298155	
11.52896	30.271631	30.5083553	30.0011049	30.4298155	
11.53917	30.271631	30.5083553	30.0011049	30.4298155	
11.54928	30.271631	30.5083553	30.0011049	30.4298155	
11.55943	30.271631	30.5083553	30.0011049	30.4298155	
11.56961	30.271631	30.5083553	30.0011049	30.4298155	
11.57976	30.271631	30.5083553	30.0011049	30.4298155	
11.5899	30.271631	30.5083553	30.0011049	30.4298155	
11.60007	30.271631	30.5083553	30.0011049	30.4298155	
11.61024	30.271631	30.5083553	30.0011049	30.4298155	
11.62044	30.271631	30.5083553	30.0011049	30.4298155	
11.63053	30.271631	30.5083553	30.0011049	30.4298155	
11.64072	30.271631	30.5083553	30.0011049	30.4298155	
11.65089	30.271631	30.5083553	30.0011049	30.4298155	
11.66101	30.271631	30.5083553	30.0011049	30.4298155	
11.67114	30.271631	30.5083553	30.0011049	30.4298155	
11.68127	30.271631	30.5083553	30.0011049	30.4298155	
11.6915	30.271631	30.5083553	30.0011049	30.4298155	
11.70158	30.271631	30.5083553	30.0011049	30.4298155	
11.71179	30.271631	30.5083553	30.0011049	30.4298155	
11.722	30.271631	30.5083553	30.0011049	30.4298155	
11.73213	30.271631	30.5083553	30.0011049	30.4298155	
11.74224	30.271631	30.5083553	30.0011049	30.4298155	
11.7524	30.271631	30.5083553	30.0011049	30.4298155	
11.76263	30.271631	30.5083553	30.0011049	30.4298155	
11.77314	30.271631	30.5083553	30.0011049	30.4298155	
11.78311	30.271631	30.5083553	30.0011049	30.4298155	
11.7932	30.271631	30.5083553	30.0011049	30.4298155	
11.80346	30.271631	30.5083553	30.0011049	30.4298155	
11.81357	30.271631	30.5083553	30.0011049	30.4298155	
11.82369	30.271631	30.5083553	30.0011049	30.4298155	
11.83388	30.271631	30.5083553	30.0011049	30.4298155	
11.84422	30.271631	30.5083553	30.0011049	30.4298155	
11.85418	30.271631	30.5083553	30.0011049	30.4298155	
11.86432	30.271631	30.5083553	30.0011049	30.4298155	
11.87443	30.271631	30.5083553	30.0011049	30.4298155	
11.88464	30.271631	30.5083553	30.0011049	30.4298155	
11.89475	30.271631	30.5083553	30.0011049	30.4298155	
11.9049	30.271631	30.5083553	30.0011049	30.4298155	
11.91521	30.271631	30.5083553	30.0011049	30.4298155	
11.92527	30.271631	30.5083553	30.0011049	30.4298155	
11.93557	30.271631	30.5083553	30.0011049	30.4298155	
11.94564	30.271631	30.5083553	30.0011049	30.4298155	
11.95576	30.271631	30.5083553	30.0011049	30.4298155	
11.96588	30.271631	30.5083553	30.0011049	30.4298155	
11.97602	30.271631	30.5083553	30.0011049	30.4298155	
11.98621	30.271631	30.5083553	30.0011049	30.4298155	
11.99636	30.271631	30.5083553	30.0011049	30.4298155	
12.0065	30.271631	30.5083553	30.0011049	30.4298155	
12.01666	30.271631	30.5083553	30.0011049	30.4298155	
12.02685	30.271631	30.5083553	30.0011049	30.4298155	
12.03705	30.271631	30.5083553	30.0011049	30.4298155	
12.04725	30.271631	30.5083553	30.0011049	30.4298155	
12.0574	30.271631	30.5083553	30.0011049	30.4298155	
12.06756	30.271631	30.5083553	30.0011049	30.4298155	
12.07772	30.271631	30.5083553	30.0011049	30.4298155	
12.08788	30.271631	30.5083553	30.0011049	30.4298155	
12.09807	30.271631	30.5083553	30.0011049	30.4298155	
12.10823	30.271631	30.5083553	30.0011049	30.4298155	
12.11838	30.271631	30.5083553	30.0011049	30.4298155	
12.12853	30.271631	30.5083553	30.0011049	30.4298155	
12.13871	30.271631	30.5083553	30.0011049	30.4298155	
12.14892	30.271631	30.5083553	30.0011049	30.4298155	
12.15907	30.271631	30.5083553	30.0011049	30.4298155	
12.16922	30.271631	30.5083553	30.0011049	30.4298155	
12.17944	30.271631	30.5083553	30.0011049	30.4298155	
12.18954	30.271631	30.5083553	30.0011049	30.4298155	
12.19968	30.271631	30.5083553	30.0011049	30.4298155	
12.20994	30.271631	30.5083553	30.0011049	30.4298155	
12.22004	30.271631	30.5083553	30.0011049	30.4298155	
12.23033	30.271631	30.5083553	30.0011049	30.4298155	
12.24049	30.271631	30.5083553	30.0011049	30.4298155	
12.25067	30.271631	30.5083553	30.0011049	30.4298155	
12.26091	30.271631	30.5083553	30.0011049	30.4298155	
12.271	30.271631	30.5083553	30.0011049	30.4298155	
12.28118	30.271631	30.5083553	30.0011049	30.4298155	
12.29137	30.271631	30.5083553	30.0011049	30.4298155	
12.30153	30.271631	30.5083553	30.0011049	30.4298155	
12.31162	30.271631	30.5083553	30.0011049	30.4298155	
12.32194	30.271631	30.5083553	30.0011049	30.4298155	
12.33197	30.271631	30.5083553	30.0011049	30.4298155	
12.34211	30.271631	30.5083553	30.0011049	30.4298155	
12.3523	30.271631	30.5083553	30.0011049	30.4298155	
12.36244	30.271631	30.5083553	30.0011049	30.4298155	
12.37271	30.271631	30.5083553	30.0011049	30.4298155	
12.38279	30.271631	30.5083553	30.0011049	30.4298155	
12.39298	30.271631	30.5083553	30.0011049	30.4298155	
12.40337	30.271631	30.5083553	30.0011049	30.4298155	
12.41322	30.271631	30.5083553	30.0011049	30.4298155	
12.42343	30.271631	30.5083553	30.0011049	30.4298155	
12.4335	30.271631	30.5083553	30.0011049	30.4298155	
12.44374	30.271631	30.5083553	30.0011049	30.4298155	
12.4539	30.271631	30.5083553	30.0011049	30.4298155	
12.46405	30.271631	30.5083553	30.0011049	30.4298155	
12.47434	30.271631	30.5083553	30.0011049	30.4298155	
12.48431	30.271631	30.5083553	30.0011049	30.4298155	
12.49446	30.271631	30.5083553	30.0011049	30.4298155	
12.5046	30.271631	30.5083553	30.0011049	30.4298155	
12.51476	30.271631	30.5083553	30.0011049	30.4298155	
12.52496	30.271631	30.5083553	30.0011049	30.4298155	
12.53503	30.271631	30.5083553	30.0011049	30.4298155	
12.54523	30.271631	30.5083553	30.0011049	30.4298155	
12.55552	30.271631	30.5083553	30.0011049	30.4298155	
12.56553	30.271631	30.5083553	30.0011049	30.4298155	
12.57573	30.271631	30.5083553	30.0011049	30.4298155	
12.58585	30.271631	30.5083553	30.0011049	30.4298155	
12.59598	30.271631	30.5083553	30.0011049	30.4298155	
12.60612	30.271631	30.5083553	30.0011049	30.4298155	
12.61626	30.271631	30.5083553	30.0011049	30.4298155	
12.62639	30.271631	30.5083553	30.0011049	30.4298155	
12.63658	30.271631	30.5083553	30.0011049	30.4298155	
12.64729	30.271631	30.5083553	30.0011049	30.4298155	
12.66474	30.271631	30.5083553	30.0011049	30.4298155	
12.66931	30.271631	30.5083553	30.0011049	30.4298155	
12.67944	30.271631	30.5083553	30.0011049	30.4298155	
12.68962	30.271631	30.5083553	30.0011049	30.4298155	
12.69976	30.271631	30.5083553	30.0011049	30.4298155	
12.70998	30.271631	30.5083553	30.0011049	30.4298155	
12.72014	30.271631	30.5083553	30.0011049	30.4298155	
12.7303	30.271631	30.5083553	30.0011049	30.4298155	
12.74046	30.271631	30.5083553	30.0011049	30.4298155	
12.75062	30.271631	30.5083553	30.0011049	30.4298155	
12.76078	30.271631	30.5083553	30.0011049	30.4298155	
12.77092	30.271631	30.5083553	30.0011049	30.4298155	
12.78106	30.271631	30.5083553	30.0011049	30.4298155	
12.79119	30.271631	30.5083553	30.0011049	30.4298155	
12.80138	30.271631	30.5083553	30.0011049	30.4298155	
12.81158	30.271631	30.5083553	30.0011049	30.4298155	
12.82169	30.271631	30.5083553	30.0011049	30.4298155	
12.8318	30.271631	30.5083553	30.0011049	30.4298155	
12.84203	30.271631	30.5083553	30.0011049	30.4298155	
12.85218	30.271631	30.5083553	30.0011049	30.4298155	
12.86229	30.271631	30.5083553	30.0011049	30.4298155	
12.87244	30.271631	30.5083553	30.0011049	30.4298155	
12.88266	30.271631	30.5083553	30.0011049	30.4298155	
12.89293	30.271631	30.5083553	30.0011049	30.4298155	
12.90305	30.271631	30.5083553	30.0011049	30.4298155	
12.92596	30.271631	30.5083553	30.0011049	30.4298155	
12.93099	30.271631	30.5083553	30.0011049	30.4298155	
