0.03426939	
0.0389173	
0.04900312	
0.05911294	
0.06938076	
0.07945458	
0.0896004	
0.09970622	
0.110049	
0.1199989	
0.1301347	
0.1403075	
0.1504283	
0.1605671	
0.1708079	
0.1808738	
0.1910636	
0.2011174	
0.2112822	
0.221581	
0.2315829	
0.2416897	
0.2518695	
0.2620033	
0.280091	
0.2844129	
0.2945867	
0.3047276	
0.3148624	
0.3250272	
0.335205	
0.3452968	
0.3554636	
0.3656445	
0.3757823	
0.3859481	
0.3960829	
0.4062277	
0.4164556	
0.4265754	
0.4367512	
0.446979	
0.4569928	
0.4671326	
0.4773315	
0.4874963	
0.4976201	
0.5077619	
0.5180727	
0.5280956	
0.5382404	
0.5483782	
0.558533	
0.5686628	
0.5788147	
0.5889805	
0.5991443	
0.6092441	
0.6193929	
0.6296117	
0.6396886	
0.6498114	
0.6599462	
0.670098	
0.6802768	
0.6904007	
0.7005465	
0.7107463	
0.7208331	
0.7310249	
0.7410927	
0.7512716	
0.7613984	
0.7715402	
0.781721	
0.7918328	
0.8019627	
0.8122035	
0.8222733	
0.8325121	
0.8426229	
0.8527768	
0.8630046	
0.8730684	
0.8832272	
0.9027869	
0.9070778	
0.9172226	
0.9273594	
0.9375432	
0.9476371	
0.9577879	
0.9679527	
0.9780825	
0.9882353	
0.9984661	
1.008662	
1.018912	
1.028943	
1.039097	
1.049203	
1.059386	
1.069603	
1.079671	
1.089796	
1.099934	
1.110303	
1.120206	
1.130353	
1.140481	
1.158595	
1.162912	
1.173071	
1.183276	
1.193355	
1.203485	
1.213728	
1.223833	
1.233986	
1.244127	
1.25429	
1.264511	
1.274618	
1.284741	
1.29494	
1.305058	
1.315198	
1.325384	
1.335549	
1.345614	
1.355807	
1.365978	
1.376111	
1.386264	
1.396396	
1.406599	
1.416738	
1.426909	
1.437057	
1.447234	
1.457298	
1.467484	
1.477651	
1.487782	
1.497918	
1.508075	
1.518576	
1.528473	
1.538539	
1.54866	
1.558834	
1.568975	
1.57911	
1.589248	
1.59944	
1.609544	
1.619685	
1.629877	
1.63999	
1.650123	
1.660258	
1.670425	
1.680688	
1.690792	
1.700876	
1.711114	
1.721164	
1.731295	
1.741435	
1.751605	
1.761739	
1.771887	
1.782023	
1.800004	
1.804269	
1.824623	
1.828935	
1.839175	
1.849254	
1.859388	
1.869536	
1.879677	
1.889798	
1.899993	
1.910112	
1.920247	
1.930397	
1.940564	
1.95084	
1.960863	
1.970999	
1.981139	
1.991322	
2.001419	
2.011523	
2.021799	
2.031817	
2.041974	
2.060056	
2.064393	
2.074525	
2.084708	
2.094837	
2.104982	
2.11513	
2.125247	
2.13548	
2.145545	
2.155756	
2.165932	
2.176043	
2.186179	
2.196331	
2.206451	
2.216706	
2.226803	
2.236966	
2.247197	
2.257271	
2.267434	
2.277589	
2.28773	
2.297876	
2.308011	
2.318244	
2.328375	
2.338531	
2.348637	
2.358815	
2.368972	
2.379105	
2.389238	
2.399455	
2.409548	
2.419689	
2.429869	
2.439969	
2.450098	
2.460227	
2.470428	
2.488452	
2.492768	
2.502926	
2.513024	
2.523258	
2.533385	
2.543523	
2.553711	
2.563847	
2.574041	
2.584164	
2.59431	
2.604475	
2.614635	
2.624794	
2.634954	
2.645105	
2.65533	
2.665408	
2.675746	
2.685771	
2.69588	
2.70599	
2.716174	
2.726319	
2.736536	
2.74659	
2.756795	
2.766921	
2.777053	
2.787238	
2.797359	
2.807551	
2.817656	
2.827793	
2.838002	
2.848094	
2.858247	
2.868566	
2.878691	
2.888889	
2.900183	
2.909432	
2.919598	
2.929713	
2.939843	
2.950006	
2.960139	
2.970277	
2.98042	
2.990679	
3.000824	
3.010892	
3.021367	
3.031226	
3.041296	
3.051472	
3.061603	
3.071749	
3.081883	
3.092194	
3.102242	
3.112365	
3.122469	
3.132728	
3.142786	
3.152965	
3.163113	
3.173265	
3.18346	
3.19357	
3.203718	
3.213932	
3.22405	
3.234192	
3.244342	
3.254507	
3.264741	
3.274925	
3.285069	
3.295311	
3.305411	
3.31554	
3.32569	
3.335984	
3.346073	
3.356265	
3.366421	
3.376605	
3.386704	
3.396873	
3.407026	
3.417157	
3.42731	
3.437449	
3.447937	
3.457968	
3.468196	
3.478631	
3.488677	
3.498622	
3.508776	
3.518943	
3.529088	
3.539157	
3.549447	
3.55954	
3.569648	
3.579841	
3.589972	
3.6001	
3.610202	
3.620404	
3.630672	
3.64082	
3.650847	
3.660997	
3.67145	
3.681272	
3.691414	
3.701529	
3.711714	
3.721854	
3.731986	
3.74221	
3.752382	
3.762517	
3.772695	
3.782847	
3.792989	
3.803122	
3.823415	
3.827773	
3.837907	
3.848036	
3.858198	
3.868328	
3.87848	
3.888656	
3.900888	
3.908885	
3.919016	
3.929178	
3.939378	
3.949466	
3.959613	
3.96976	
3.979889	
3.990065	
4.000194	
4.010324	
4.020644	
4.030702	
4.040861	
4.050932	
4.061079	
4.071251	
4.081358	
4.093543	0.0013373649	0	0.0013373649	0	
4.103352	0.0029194952	0	0.0029194952	0	
4.113392	0.00515069019	0	0.00515069019	0	
4.123534	0.00802595683	0	0.00802595683	0	
4.133725	0.0115416192	0	0.0115416192	0	
4.143883	0.0156596455	0	0.0156596455	0	
4.154052	0.0204051009	0	0.0204051009	0	
4.164192	0.0257524399	0	0.0257524399	0	
4.174336	0.0317213317	0	0.0317213317	0	
4.184519	0.0383375054	0.00872664626	0.0383375054	0.00872664626	
4.196034	0.0466600467	0.00872664626	0.0466600467	0.00872664626	
4.205894	0.0543142988	0.00872664626	0.0543142988	0.00872664626	
4.216041	0.0628237621	0.00872664626	0.0628237621	0.00872664626	
4.226183	0.0719431914	0.00872664626	0.0719431914	0.0174532925	
4.236306	0.0816648197	0.00872664626	0.0816648197	0.0261799388	
4.246536	0.0921185179	0.0174532925	0.0921185179	0.034906585	
4.25666	0.103072263	0.0174532925	0.103072263	0.034906585	
4.2668	0.114660484	0.0174532925	0.114660484	0.0436332313	
4.276975	0.12691331	0.0174532925	0.12691331	0.0523598776	
4.287083	0.13970052	0.0174532925	0.13970052	0.0610865238	
4.298502	0.154977744	0.0261799388	0.154977744	0.0698131701	
4.308542	0.168954206	0.034906585	0.168954206	0.0785398163	
4.318716	0.183755443	0.034906585	0.183755443	0.0872664626	
4.328937	0.19925021	0.0523598776	0.19925021	0.0959931089	
4.338969	0.215066464	0.0610865238	0.215066464	0.104719755	
4.349159	0.231753238	0.0785398163	0.231753238	0.113446401	
4.359383	0.249118658	0.0959931089	0.249118658	0.130899694	
4.369461	0.266835242	0.113446401	0.266835242	0.13962634	
4.379575	0.285238939	0.130899694	0.285238939	0.148352986	
4.390076	0.305026585	0.157079633	0.305026585	0.165806279	
4.40159	0.327557507	0.183259571	0.327557507	0.174532925	
4.411213	0.346870297	0.20943951	0.346870297	0.200712864	
4.421355	0.36786189	0.226892803	0.36786189	0.218166156	
4.431505	0.389501395	0.261799388	0.389501395	0.244346095	
4.441683	0.411818781	0.287979327	0.411818781	0.261799388	
4.451773	0.434558564	0.314159265	0.434558564	0.296705973	
4.461954	0.458106887	0.34906585	0.458106887	0.322885912	
4.472139	0.482306117	0.383972435	0.482306117	0.34906585	
4.482253	0.506936037	0.41887902	0.506936037	0.383972435	
4.492723	0.533104318	0.453785606	0.533104318	0.41887902	
4.511901	0.583771935	0.523598776	0.583771935	0.488692191	
4.516402	0.59556574	0.541052068	0.59556574	0.506145483	
4.526589	0.62309339	0.575958653	0.62309339	0.549778714	
4.536734	0.651112511	0.619591884	0.651112511	0.584685299	
4.546836	0.679632215	0.654498469	0.679632215	0.619591884	
4.557225	0.709624662	0.698131701	0.709624662	0.654498469	
4.567171	0.738912927	0.733038286	0.738912927	0.689405055	
4.577321	0.769420068	0.767944871	0.769420068	0.72431164	
4.587433	0.800425092	0.802851456	0.800425092	0.759218225	
4.597633	0.83233956	0.846484687	0.83233956	0.79412481	
4.608086	0.865715826	0.881391272	0.865715826	0.820304748	
4.617947	0.897742254	0.925024504	0.897742254	0.855211333	
4.628106	0.931378347	0.959931089	0.931378347	0.881391272	
4.63828	0.965699479	0.994837674	0.965699479	0.907571211	
4.648653	1.00134394	1.02101761	1.00134394	0.942477796	
4.658574	1.03596324	1.0559242	1.03596324	0.977384381	
4.66874	1.0721084	1.08210414	1.0721084	1.00356432	
4.678882	1.10877751	1.11701072	1.10877751	1.02974426	
4.689061	1.14623335	1.15191731	1.14623335	1.06465084	
4.69914	1.18387538	1.17809725	1.18387538	1.09083078	
4.709653	1.22384645	1.20427718	1.22384645	1.12573737	
4.719604	1.26223113	1.23045712	1.26223113	1.16064395	
4.729649	1.30160227	1.26536371	1.30160227	1.19555054	
4.739763	1.34186367	1.29154365	1.34186367	1.23045712	
4.750144	1.38386354	1.32645023	1.38386354	1.26536371	
4.760085	1.42462258	1.36135682	1.42462258	1.30899694	
4.770252	1.46696924	1.3962634	1.46696924	1.35263017	
4.780367	1.50968615	1.43989663	1.50968615	1.3962634	
4.790509	1.55315224	1.48352986	1.55315224	1.43116999	
4.810354	1.64116743	1.51843645	1.64116743	1.47480322	
4.814897	1.66121541	1.57952297	1.66121541	1.53588974	
4.825068	1.70689331	1.6231562	1.70689331	1.58824962	
4.835222	1.75312638	1.67551608	1.75312638	1.6406095	
4.84533	1.79977562	1.72787596	1.79977562	1.68424273	
4.855603	1.84781043	1.78023584	1.84781043	1.73660261	
4.8657	1.89563811	1.83259571	1.89563811	1.78896248	
4.87588	1.94447359	1.88495559	1.94447359	1.84132236	
4.886068	1.99398519	1.93731547	1.99398519	1.89368224	
4.896146	2.0435536	1.98967535	2.0435536	1.95476876	
4.906348	2.09437533	2.05076187	2.09437533	2.00712864	
4.916539	2.14575506	2.11184839	2.14575506	2.06821516	
4.926685	2.197519	2.16420827	2.197519	2.12930169	
4.936896	2.25023154	2.23402144	2.25023154	2.19038821	
4.946967	2.30285168	2.29510797	2.30285168	2.26020138	
4.957097	2.35637625	2.35619449	2.35637625	2.32128791	
4.967338	2.41114707	2.41728101	2.41114707	2.39110108	
4.977449	2.46583813	2.47836754	2.46583813	2.46091425	
4.987595	2.52128761	2.53945406	2.52128761	2.53072742	
4.997736	2.57734289	2.60054059	2.57734289	2.60054059	
5.007868	2.63396951	2.67035376	2.63396951	2.67035376	
5.018555	2.69443573	2.74016693	2.69443573	2.74889357	
5.028687	2.75231068	2.7925268	2.75231068	2.81870674	
5.038784	2.81062512	2.86233997	2.81062512	2.88851991	
5.049038	2.8704761	2.9234265	2.8704761	2.95833308	
5.059131	2.93001763	2.98451302	2.93001763	3.02814625	
5.06935	2.99089075	3.04559954	2.99089075	3.09795942	
5.079661	3.05297077	3.10668607	3.05297077	3.15904595	
5.089583	3.11328782	3.16777259	3.11328782	3.22885912	
5.099701	3.17540411	3.22885912	3.17540411	3.28994564	
5.110009	3.23935541	3.28121899	3.23935541	3.35103216	
5.120058	3.30230485	3.35103216	3.30230485	3.42084533	
5.130234	3.36665592	3.40339204	3.36665592	3.48193186	
5.14033	3.43107139	3.46447857	3.43107139	3.54301838	
5.150458	3.49635261	3.52556509	3.49635261	3.60410491	
5.168922	3.61786669	3.58665161	3.61786669	3.66519143	
5.173406	3.64729426	3.66519143	3.64729426	3.7350046	
5.183832	3.7166203	3.72627795	3.7166203	3.80481777	
5.193712	3.78281291	3.79609112	3.78281291	3.86590429	
5.203827	3.85123545	3.85717765	3.85123545	3.91826417	
5.214044	3.92099812	3.92699082	3.92099812	3.97935069	
5.224404	3.99241362	3.99680399	3.99241362	4.04916386	
5.2345	4.06258646	4.06661716	4.06258646	4.10152374	
5.244647	4.13369067	4.13643033	4.13369067	4.16261027	
5.254777	4.2052904	4.2062435	4.2052904	4.22369679	
5.265039	4.27849503	4.27605667	4.27849503	4.29350996	
5.275105	4.35089649	4.34586984	4.35089649	4.35459648	
5.28527	4.42462566	4.42440965	4.42462566	4.41568301	
5.295526	4.49967095	4.50294947	4.49967095	4.48549618	
5.305551	4.57359273	4.57276264	4.57359273	4.5465827	
5.315738	4.64936676	4.64257581	4.64936676	4.61639587	
5.325957	4.72603693	4.72984227	4.72603693	4.68620904	
5.336251	4.8038318	4.79965544	4.8038318	4.76474886	
5.346193	4.87953985	4.87819526	4.87953985	4.83456203	
5.356388	4.95788393	4.95673508	4.95788393	4.91310184	
5.366519	5.03629609	5.02654825	5.03629609	4.99164166	
5.37671	5.11580536	5.10508806	5.11580536	5.06145483	
5.386844	5.19549216	5.18362788	5.19549216	5.14872129	
5.39701	5.27632421	5.26216769	5.27632421	5.22726111	
5.407171	5.35719894	5.34070751	5.35719894	5.30580093	
5.417273	5.43846943	5.41924733	5.43846943	5.38434074	
5.427744	5.52345198	5.49778714	5.52345198	5.47160721	
5.437714	5.60483827	5.57632696	5.60483827	5.55014702	
5.447906	5.68870878	5.65486678	5.68870878	5.63741348	
5.457974	5.77216311	5.74213324	5.77216311	5.7159533	
5.468115	5.85855588	5.82067306	5.85855588	5.80321976	
5.478356	5.94301345	5.89921287	5.94301345	5.89048623	
5.488468	6.02868382	5.98647933	6.02868382	5.96902604	
5.498649	6.11558861	6.0737458	6.11558861	6.0562925	
5.508763	6.20250751	6.16101226	6.20250751	6.14355897	
5.518879	6.29012751	6.24827872	6.29012751	6.23082543	
5.530055	6.38763769	6.33554518	6.38763769	6.31809189	
5.540101	6.47579702	6.42281165	6.47579702	6.414085	
5.550278	6.56584749	6.51007811	6.56584749	6.50135146	
5.56038	6.65576432	6.60607122	6.65576432	6.59734457	
5.570546	6.74693598	6.69333768	6.74693598	6.69333768	
5.580731	6.83885576	6.78060414	6.83885576	6.78060414	
5.590869	6.93097545	6.87659725	6.93097545	6.87659725	
5.60109	7.0245156	6.97259036	7.0245156	6.97259036	
5.611125	7.1168879	7.06858347	7.1168879	7.06858347	
5.621507	7.21318756	7.15584993	7.21318756	7.15584993	
5.632771	7.31853235	7.26056969	7.31853235	7.26929633	
5.642876	7.41336252	7.36528944	7.41336252	7.36528944	
5.653023	7.50968216	7.45255591	7.50968216	7.46128255	
5.663139	7.60567208	7.54854901	7.60567208	7.54854901	
5.673338	7.70341331	7.64454212	7.70341331	7.64454212	
5.683485	7.80126283	7.74926188	7.80126283	7.74926188	
5.693642	7.89983787	7.84525499	7.89983787	7.83652834	
5.703815	7.99922916	7.9412481	7.99922916	7.93252145	
5.713925	8.09853786	8.04596785	8.09853786	8.02851456	
5.724101	8.19911802	8.15068761	8.19911802	8.12450767	
5.735775	8.31549938	8.25540736	8.31549938	8.22922742	
5.745422	8.41202769	8.36012712	8.41202769	8.33394718	
5.755625	8.51483533	8.46484687	8.51483533	8.42994029	
5.765762	8.61758226	8.56956663	8.61758226	8.53466004	
5.775918	8.72114111	8.67428638	8.72114111	8.6393798	
5.786105	8.82566027	8.77900614	8.82566027	8.74409955	
5.79623	8.93013588	8.88372589	8.93013588	8.85754595	
5.806369	9.03540448	8.98844565	9.03540448	8.97099236	
5.826622	9.24873757	9.2066118	9.24873757	9.19788516	
5.833799	9.32444065	9.25024504	9.32444065	9.25024504	
5.841343	9.40415869	9.37241808	9.40415869	9.36369144	
5.851461	9.51192523	9.47713784	9.51192523	9.48586448	
5.861599	9.62052206	9.59931089	9.62052206	9.59931089	
5.871755	9.72994199	9.70403064	9.72994199	9.73021058	
5.881898	9.83982796	9.82620369	9.83982796	9.84365698	
5.892038	9.95027628	9.93965009	9.95027628	9.96583003	
5.910188	10.1505247	10.1490896	10.1505247	10.1839962	
5.914923	10.2026064	10.2014495	10.2026064	10.2363561	
5.924844	10.3126483	10.3148959	10.3126483	10.3585291	
5.93754	10.4545962	10.4370689	10.4545962	10.4807022	
5.94525	10.5409084	10.559242	10.5409084	10.6028752	
5.955385	10.6551648	10.681415	10.6551648	10.7163216	
5.965551	10.7704144	10.8035881	10.7704144	10.8384947	
5.975736	10.8865025	10.9170345	10.8865025	10.9606677	
5.985863	11.0025087	11.0479342	11.0025087	11.0741141	
5.996004	11.1193041	11.1613806	11.1193041	11.1875605	
6.006187	11.2372183	11.2835536	11.2372183	11.3010069	
6.016322	11.3552266	11.397	11.3552266	11.4144533	
6.026493	11.4742409	11.5191731	11.4742409	11.5278997	
6.039889	11.6351172	11.6413461	11.6351172	11.6413461	
6.04686	11.7145608	11.7547925	11.7145608	11.7547925	
6.062635	11.9029439	11.9380521	11.9029439	11.9205988	
6.072816	12.0249419	12.0514985	12.0249419	12.0340452	
6.082951	12.1465379	12.1649449	12.1465379	12.1474916	
6.093191	12.2694179	12.2783913	12.2694179	12.2522113	
6.10345	12.3925259	12.3918377	12.3925259	12.3569311	
6.113616	12.5144939	12.5140107	12.5144939	12.4703775	
6.132079	12.7360979	12.6274571	12.7360979	12.5838239	
6.136807	12.7928099	12.7758101	12.7928099	12.7321769	
6.147053	12.9157739	12.8892565	12.9157739	12.8456233	
6.15733	13.0391099	13.0114296	13.0391099	12.9677963	
6.167538	13.1615579	13.124876	13.1615579	13.0899694	
6.177735	13.2839699	13.247049	13.2839699	13.2121424	
6.187955	13.4066099	13.3604954	13.4066099	13.3343155	
6.198114	13.5298019	13.4826685	13.5298019	13.4652152	
6.208312	13.6508099	13.5961149	13.6508099	13.5873882	
6.218534	13.7735099	13.7182879	13.7735099	13.7182879	
6.228771	13.8963779	13.840461	13.8963779	13.840461	
6.239024	14.0194379	13.9539074	14.0194379	13.962634	
6.249571	14.1459779	14.0760804	14.1459779	14.0935337	
6.259504	14.2651619	14.1982535	14.2651619	14.2157068	
6.269721	14.3878019	14.3204265	14.3878019	14.3466065	
6.279888	14.5097459	14.4425996	14.5097459	14.4687795	
6.290078	14.6320499	14.5647726	14.6320499	14.5909525	
6.300283	14.7545219	14.6956723	14.7545219	14.7218522	
6.310595	14.8782779	14.8178453	14.8782779	14.8440253	
6.320848	15.0013139	14.948745	15.0013139	14.974925	
6.33135	15.1273499	15.0796447	15.1273499	15.097098	
6.341317	15.2469179	15.2018178	15.2469179	15.2279977	
6.351422	15.3682019	15.3327175	15.3682019	15.3588974	
6.361586	15.4901459	15.4636172	15.4901459	15.4897971	
6.371812	15.6128579	15.5945169	15.6128579	15.6294235	
6.382047	15.7356659	15.7254166	15.7356659	15.7603231	
6.392395	15.8598419	15.8563163	15.8598419	15.8912228	
6.402543	15.9816059	15.9872159	15.9816059	16.0221225	
6.412772	16.1043779	16.1268423	16.1043779	16.1617489	
6.422936	16.2263699	16.2490153	16.2263699	16.2839219	
6.433191	16.3494179	16.3886417	16.3494179	16.4148216	
6.444801	16.4887019	16.5108147	16.4887019	16.5457213	
6.453579	16.5940619	16.6417144	16.5940619	16.676621	
6.463891	16.7178779	16.7726141	16.7178779	16.8075207	
6.473954	16.8385499	16.9035138	16.8385499	16.9296937	
6.484161	16.9610579	17.0344135	16.9610579	17.0605934	
6.494417	17.0841059	17.1653132	17.0841059	17.1827665	
6.504631	17.2067099	17.2962129	17.2067099	17.3049395	
6.514796	17.3286779	17.4183859	17.3286779	17.4271126	
6.52521	17.4536459	17.540559	17.4536459	17.5492856	
6.535265	17.5743779	17.662732	17.5743779	17.662732	
6.545995	17.7030299	17.7936317	17.7030299	17.7849051	
6.555733	17.8199219	17.9070781	17.8199219	17.8983515	
6.565975	17.9428259	18.0292512	17.9428259	18.0117979	
6.576215	18.0656939	18.1514242	18.0656939	18.1252443	
6.586369	18.1875539	18.256144	18.1875539	18.2386907	
6.596615	18.3105179	18.3695904	18.3105179	18.3521371	
6.606782	18.4325339	18.4830368	18.4325339	18.4655835	
6.617008	18.5552579	18.5964832	18.5552579	18.5703032	
6.62722	18.6777899	18.7099296	18.6777899	18.675023	
6.637413	18.8001419	18.8146493	18.8001419	18.7797428	
6.656077	19.0240619	19.0240888	19.0240619	18.9891823	
6.660945	19.0824539	19.0764487	19.0824539	19.0415421	
6.671108	19.2044339	19.1811685	19.2044339	19.1462619	
6.681408	19.3280459	19.2858882	19.3280459	19.2597083	
6.691528	19.4495099	19.3993346	19.4495099	19.3731547	
6.70176	19.5722939	19.5040544	19.5722939	19.4953277	
6.712003	19.6951619	19.6175008	19.6951619	19.6087741	
6.722155	19.8169979	19.7222205	19.8169979	19.7222205	
6.732468	19.9407659	19.8443936	19.9407659	19.8531202	
6.74275	20.0641259	19.9491134	20.0641259	19.9665666	
6.752832	20.1851339	20.0712864	20.1851339	20.0974663	
6.763016	20.3073539	20.1847328	20.3073539	20.2196394	
6.773234	20.4299339	20.3069058	20.4299339	20.3418124	
6.783421	20.5521899	20.4290789	20.5521899	20.4639855	
6.793622	20.6745899	20.5599786	20.6745899	20.5948852	
6.803833	20.7971579	20.6821516	20.7971579	20.7170582	
6.814056	20.9198459	20.8130513	20.9198459	20.8392313	
6.824255	21.0421979	20.943951	21.0421979	20.970131	
6.834422	21.1642139	21.0835774	21.1642139	21.1010307	
6.844556	21.2857859	21.2057504	21.2857859	21.2232037	
6.854987	21.4109699	21.3453768	21.4109699	21.36283	
6.864973	21.5307899	21.4850031	21.5307899	21.4937297	
6.875132	21.6526859	21.6159028	21.6526859	21.6246294	
6.885342	21.7751819	21.7468025	21.7751819	21.7642558	
6.895537	21.8975699	21.8864288	21.8975699	21.8951555	
6.906121	22.0245899	22.0260552	22.0245899	22.0347818	
6.916073	22.1440499	22.1569549	22.1440499	22.1656815	
6.92631	22.2669059	22.2878545	22.2669059	22.3053078	
6.936484	22.3889699	22.4274809	22.3889699	22.4449342	
6.94671	22.5116459	22.5671072	22.5116459	22.5758339	
6.956903	22.6339739	22.6980069	22.6339739	22.7154602	
6.967118	22.7565419	22.8289066	22.7565419	22.8463599	
6.977358	22.8794099	22.968533	22.8794099	22.9772596	
6.987498	23.0010779	23.090706	23.0010779	23.1081593	
6.997713	23.1236939	23.2303323	23.1236939	23.239059	
7.007998	23.2470899	23.3525054	23.2470899	23.361232	
7.018272	23.3703659	23.4834051	23.3703659	23.4921317	
7.028367	23.4915179	23.6143048	23.4915179	23.6143048	
7.038623	23.6145899	23.7364778	23.6145899	23.7364778	
7.048798	23.7366779	23.8673775	23.7366779	23.8499242	
7.058936	23.8583339	23.9808239	23.8583339	23.9720973	
7.069277	23.9824379	24.102997	23.9824379	24.0855437	
7.079528	24.1054619	24.22517	24.1054619	24.1989901	
7.089711	24.2276939	24.3386164	24.2276939	24.3124365	
7.099785	24.3485339	24.4520628	24.3485339	24.4258829	
7.110055	24.4717739	24.5655092	24.4717739	24.5393293	
7.120258	24.5941739	24.6789556	24.5941739	24.644049	
7.130401	24.7158539	24.7836754	24.7158539	24.7487688	
7.140637	24.8387339	24.8971218	24.8387339	24.8622152	
7.151023	24.9634139	25.0105682	24.9634139	24.9669349	
7.161241	25.0860059	25.1152879	25.0860059	25.0716547	
7.171408	25.2080339	25.2200077	25.2080339	25.1851011	
7.181609	25.3304459	25.3334541	25.3304459	25.2898209	
7.191934	25.4543339	25.4381738	25.4543339	25.4032673	
7.202062	25.5758939	25.5516202	25.5758939	25.5167137	
7.212407	25.7000099	25.65634	25.7000099	25.6214334	
7.222608	25.8224699	25.7697864	25.8224699	25.7436065	
7.232753	25.9441499	25.8832328	25.9441499	25.8657795	
7.242941	26.0663939	25.9966792	26.0663939	25.9792259	
7.253185	26.1893339	26.1101256	26.1893339	26.101399	
7.263357	26.3114459	26.223572	26.3114459	26.2148454	
7.273632	26.4346859	26.3370184	26.4346859	26.3370184	
7.283851	26.5573859	26.4591915	26.5573859	26.4591915	
7.294034	26.6795339	26.5726379	26.6795339	26.5813645	
7.304287	26.8025699	26.6948109	26.8025699	26.7035376	
7.3145	26.9251259	26.816984	26.9251259	26.816984	
7.324702	27.0475499	26.939157	27.0475499	26.9478837	
7.334966	27.1707299	27.0700567	27.1707299	27.0613301	
7.345159	27.2930339	27.1922297	27.2930339	27.1922297	
7.356126	27.4246619	27.3231294	27.4246619	27.3144028	
7.365803	27.5407499	27.4540291	27.5407499	27.4365758	
7.375959	27.6626339	27.5849288	27.6626339	27.5674755	
7.385996	27.7831139	27.7158285	27.7831139	27.6983752	
7.396167	27.9050819	27.8467282	27.9050819	27.8292749	
7.406515	28.0292819	27.9776279	28.0292819	27.9601746	
7.41665	28.1509139	28.1172542	28.1509139	28.099801	
7.426855	28.2734219	28.2481539	28.2734219	28.2394273	
7.437066	28.3959299	28.3790536	28.3959299	28.3790536	
7.447298	28.5186779	28.51868	28.5186779	28.51868	
7.458796	28.6567139	28.6583063	28.6567139	28.6583063	
7.467808	28.7648579	28.789206	28.7648579	28.7979327	
7.478	28.8871619	28.9201057	28.8871619	28.937559	
7.488306	29.0108339	29.0510054	29.0108339	29.0771853	
7.498477	29.1328859	29.1819051	29.1328859	29.2168117	
7.508608	29.2544339	29.3215314	29.2544339	29.3477114	
7.518824	29.3770379	29.4437045	29.3770379	29.4873377	
7.529041	29.4996179	29.5833308	29.4996179	29.6182374	
7.539292	29.6226419	29.7055039	29.6226419	29.7404105	
7.549538	29.7455939	29.8451302	29.7455939	29.8713101	
7.561415	29.8880939	29.9673033	29.8880939	29.9934832	
7.569957	29.9906339	30.098203	29.9906339	30.1243829	
7.580074	30.1120259	30.220376	30.1120259	30.2378293	
7.590363	30.2355179	30.3512757	30.2355179	30.3600023	
7.600539	30.3576179	30.4734487	30.3576179	30.4734487	
7.619112	30.5804819	30.5868951	30.5804819	30.5956218	
7.623979	30.6388499	30.7352481	30.6388499	30.7352481	
7.634154	30.7609979	30.8574212	30.7609979	30.8486945	
7.644289	30.8825819	30.9708676	30.8825819	30.9621409	
7.654571	31.0059899	31.084314	31.0059899	31.0668607	
7.664706	31.1275859	31.1977604	31.1275859	31.1803071	
7.674965	31.2506939	31.3112068	31.2506939	31.2850268	
7.685162	31.3736579	31.4159265	31.3736579	31.3897466	
7.695457	31.4966339	31.5293729	31.4966339	31.503193	
7.705658	31.6190579	31.6428193	31.6190579	31.6079128	
7.715875	31.7416379	31.7475391	31.7416379	31.7213592	
7.726054	31.8637739	31.8522588	31.8637739	31.8260789	
7.736253	31.9861379	31.9657053	31.9861379	31.9395253	
7.746491	32.1090179	32.070425	32.1090179	32.0442451	
7.756706	32.2315979	32.1838714	32.2315979	32.1576915	
7.766976	32.3548379	32.2885912	32.3548379	32.2711379	
7.777189	32.4773939	32.4020376	32.4773939	32.3933109	
7.787433	32.6003219	32.515484	32.6003219	32.5067573	
7.79757	32.7219779	32.6289304	32.7219779	32.6202037	
7.807775	32.8444619	32.7423768	32.8444619	32.7423768	
7.818099	32.9683019	32.8645498	32.9683019	32.8645498	
7.828363	33.0914939	32.9867229	33.0914939	32.9867229	
7.838558	33.2138699	33.1001693	33.2138699	33.1001693	
7.848774	33.3364499	33.231069	33.3364499	33.2223423	
7.858969	33.4587659	33.353242	33.4587659	33.3445154	
7.869242	33.5820419	33.4754151	33.5820419	33.4666884	
7.879538	33.7056179	33.6063147	33.7056179	33.5888615	
7.889715	33.8276939	33.7372144	33.8276939	33.7197611	
7.900027	33.9514739	33.8593875	33.9514739	33.8419342	
7.910457	34.0765979	33.9990138	34.0765979	33.9728339	
7.920348	34.1952779	34.1299135	34.1952779	34.1037336	
7.930265	34.3141859	34.2608132	34.3141859	34.2433599	
7.940401	34.4358659	34.4004396	34.4358659	34.3742596	
7.950589	34.5580979	34.5313393	34.5580979	34.5051593	
7.968629	34.7746139	34.6622389	34.7746139	34.6447857	
7.973183	34.8296939	34.8280452	34.8296939	34.8193186	
7.983316	34.9508219	34.9676716	34.9508219	34.9589449	
7.993524	35.0733059	35.0985713	35.0733059	35.0985713	
8.003916	35.1980099	35.2381976	35.1980099	35.2381976	
8.013846	35.3171339	35.3690973	35.3171339	35.3778239	
8.024093	35.4401219	35.499997	35.4401219	35.5174503	
8.034137	35.5606259	35.6396233	35.5606259	35.64835	
8.044341	35.6830859	35.770523	35.6830859	35.7879763	
8.054528	35.8053179	35.9014227	35.8053179	35.918876	
8.065772	35.9403419	36.0410491	35.9403419	36.0585023	
8.074842	36.0490739	36.1632221	36.0490739	36.189402	
8.084976	36.1707059	36.3028484	36.1707059	36.3115751	
8.095186	36.2932619	36.4250215	36.2932619	36.4424748	
8.105415	36.4159739	36.5471945	36.4159739	36.5646478	
8.115537	36.5374259	36.6780942	36.5374259	36.6868209	
8.125646	36.6587459	36.7915406	36.6587459	36.8002673	
8.135928	36.7821419	36.9137137	36.7821419	36.9224403	
8.145962	36.9025619	37.0271601	36.9025619	37.0358867	
8.156146	37.0247339	37.1406065	37.0247339	37.1406065	
8.167761	37.1641739	37.2540529	37.1641739	37.2540529	
8.176504	37.2690299	37.3674993	37.2690299	37.3587726	
8.18662	37.3904219	37.4809457	37.3904219	37.472219	
8.196769	37.5122099	37.5856654	37.5122099	37.5682121	
8.206901	37.6337939	37.6991118	37.6337939	37.6816586	
8.217108	37.7563019	37.8038316	37.7563019	37.7863783	
8.227237	37.8778139	37.9085514	37.8778139	37.8910981	
8.237413	37.9999379	38.0219978	37.9999379	37.9958178	
8.247562	38.1207989	38.1267175	38.1207989	38.1092642	
8.257901	38.2433105	38.2401639	38.2433105	38.213984	
8.269961	38.3853323	38.3448837	38.3853323	38.3274304	
8.27805	38.4801031	38.4496034	38.4801031	38.4321501	
8.288273	38.599358	38.5630498	38.599358	38.5368699	
8.298377	38.7165813	38.6764962	38.7165813	38.6503163	
8.308509	38.8335476	38.781216	38.8335476	38.7637627	
8.318717	38.9508093	38.903389	38.9508093	38.8772091	
8.328845	39.0664712	39.0081088	39.0664712	38.9906555	
8.33911	39.1830731	39.1215552	39.1830731	39.1041019	
8.357136	39.3854986	39.2350016	39.3854986	39.2262749	
8.361787	39.4376975	39.3746279	39.4376975	39.3659013	
8.373452	39.5678178	39.496801	39.5678178	39.4793477	
8.382146	39.6643168	39.6102474	39.6643168	39.6015207	
8.392322	39.776686	39.7236938	39.776686	39.7236938	
8.402411	39.8874652	39.8458668	39.8874652	39.8371402	
8.412565	39.9983165	39.9680399	39.9983165	39.9593132	
8.422903	40.1105847	40.0814863	40.1105847	40.0727596	
8.432896	40.2184654	40.1949327	40.2184654	40.2036593	
8.443048	40.3274513	40.3171057	40.3274513	40.3258324	
8.45317	40.4354916	40.4392788	40.4354916	40.4480054	
8.463353	40.5436339	40.5527252	40.5436339	40.5701785	
8.475374	40.6703428	40.6661716	40.6703428	40.7010782	
8.484051	40.7613573	40.7970713	40.7613573	40.8232512	
8.494226	40.86748	40.9105177	40.86748	40.9454243	
8.504392	40.9728695	41.0326907	40.9728695	41.0763239	
8.514549	41.0775687	41.1548638	41.0775687	41.1897703	
8.524983	41.1845235	41.2683102	41.1845235	41.32067	
8.534915	41.2856376	41.3817566	41.2856376	41.4341164	
8.545023	41.3879784	41.495203	41.3879784	41.5562895	
8.555205	41.4904854	41.6086494	41.4904854	41.6697359	
8.565357	41.5920343	41.7133691	41.5920343	41.7831823	
8.577387	41.711505	41.8180889	41.711505	41.887902	
8.585694	41.7935723	41.9228086	41.7935723	41.9926218	
8.595826	41.8930738	42.0275284	41.8930738	42.0973416	
8.605985	41.992251	42.1322481	41.992251	42.2020613	
8.616154	42.0908678	42.2369679	42.0908678	42.2980544	
8.626317	42.188847	42.3416877	42.188847	42.3853209	
8.636499	42.2863785	42.4376808	42.2863785	42.481314	
8.646676	42.3832141	42.5336739	42.3832141	42.5598538	
8.656809	42.4790463	42.6209403	42.4790463	42.6383936	
8.666939	42.5742175	42.7082068	42.5742175	42.7256601	
8.678123	42.6792834	42.7954733	42.6792834	42.7954733	
8.687292	42.7635768	42.8827397	42.7635768	42.8740131	
8.697484	42.857494	42.9612795	42.857494	42.9525529	
8.70758	42.9498835	43.0398194	42.9498835	43.0310927	
8.717752	43.0423747	43.1183592	43.0423747	43.1009059	
8.72798	43.1347299	43.196899	43.1347299	43.1794457	
8.738086	43.2253853	43.2754388	43.2253853	43.2492589	
8.748295	43.3163472	43.3539786	43.3163472	43.319072	
8.758378	43.405565	43.4237918	43.405565	43.3888852	
8.768519	43.4947057	43.5023316	43.4947057	43.467425	
8.780124	43.5958824	43.5721448	43.5958824	43.5459648	
8.788848	43.6714689	43.6506846	43.6714689	43.6245047	
8.79898	43.7586689	43.7292244	43.7586689	43.7030445	
8.809132	43.845433	43.8077642	43.845433	43.7728576	
8.819311	43.9318078	43.8775774	43.9318078	43.8601241	
8.829459	44.0172802	43.9648439	44.0172802	43.9386639	
8.83974	44.1032708	44.034657	44.1032708	44.0172037	
8.849697	44.1859364	44.1219235	44.1859364	44.1044702	
8.859854	44.269649	44.2004633	44.269649	44.1917367	
8.869986	44.3525677	44.2790031	44.3525677	44.2790031	
8.882069	44.4505394	44.3662696	44.4505394	44.3662696	
8.890333	44.5171592	44.4448094	44.5171592	44.4622627	
8.900452	44.5980992	44.5320759	44.5980992	44.5495292	
8.91197	44.6894703	44.6106157	44.6894703	44.6367956	
8.920811	44.7591217	44.6978821	44.7591217	44.7327887	
8.930877	44.8378194	44.7851486	44.8378194	44.8200552	
8.941042	44.9166872	44.8636884	44.9166872	44.9073217	
8.951162	44.9946037	44.9509549	44.9946037	44.9945881	
8.961352	45.0723844	45.0382213	45.0723844	45.0818546	
8.971468	45.1490374	45.1254878	45.1490374	45.169121	
8.981594	45.2251468	45.2040276	45.2251468	45.2476609	
8.991869	45.3017641	45.2912941	45.3017641	45.3349273	
9.001943	45.3762471	45.3785606	45.3762471	45.4134671	
9.012135	45.4509657	45.4483737	45.4509657	45.492007	
9.022293	45.524886	45.5356402	45.524886	45.5618201	
9.03239	45.5977064	45.61418	45.5977064	45.6403599	
9.042554	45.670414	45.6927198	45.670414	45.7101731	
9.052734	45.7426179	45.7799863	45.7426179	45.7799863	
9.062887	45.8139752	45.8585261	45.8139752	45.8410728	
9.073059	45.8849119	45.9370659	45.8849119	45.910886	
9.083215	45.955075	46.0068791	45.955075	45.9719725	
9.093448	46.0254217	46.0766923	46.0254217	46.0417857	
9.103586	46.0940018	46.1465054	46.0940018	46.1028722	
9.113685	46.1619746	46.2163186	46.1619746	46.1726854	
9.123843	46.2297019	46.2861318	46.2297019	46.2337719	
9.134027	46.2970044	46.3559449	46.2970044	46.3035851	
9.144212	46.3636833	46.4257581	46.3636833	46.3733982	
9.154376	46.4296173	46.4955713	46.4296173	46.4344847	
9.164522	46.4948228	46.5653844	46.4948228	46.5042979	
9.174711	46.5596923	46.626471	46.5596923	46.5741111	
9.184839	46.6235467	46.6875575	46.6235467	46.6439243	
9.195036	46.6872531	46.7573707	46.6872531	46.7137374	
9.205153	46.7497987	46.8097305	46.7497987	46.7835506	
9.215376	46.8124125	46.8795437	46.8124125	46.8533638	
9.225548	46.8741007	46.9406302	46.8741007	46.9231769	
9.23567	46.9348548	47.0017168	46.9348548	46.9929901	
9.245844	46.995352	47.0540766	46.995352	47.0628033	
9.25611	47.0557379	47.1151632	47.0557379	47.1238898	
9.266163	47.1142659	47.1762497	47.1142659	47.193703	
9.276307	47.1727163	47.2286096	47.1727163	47.2635161	
9.286457	47.2306067	47.2896961	47.2306067	47.3246027	
9.296694	47.2883575	47.3507826	47.2883575	47.3944158	
9.306809	47.3448005	47.4031425	47.3448005	47.4555024	
9.316965	47.4008924	47.4555024	47.4008924	47.5078622	
9.32712	47.4563456	47.5165889	47.4563456	47.5689488	
9.337377	47.5117507	47.5776754	47.5117507	47.6213086	
9.34741	47.5653244	47.6300353	47.5653244	47.6823952	
9.357577	47.6190135	47.6823952	47.6190135	47.734755	
9.367762	47.6721828	47.734755	47.6721828	47.7871149	
9.377874	47.7243677	47.7871149	47.7243677	47.8394748	
9.388024	47.7761328	47.8394748	47.7761328	47.8918347	
9.398264	47.8277537	47.8918347	47.8277537	47.9354679	
9.408426	47.8783481	47.9354679	47.8783481	47.9791011	
9.418503	47.927936	47.9791011	47.927936	48.031461	
9.428683	47.9774052	48.031461	47.9774052	48.0663676	
9.43885	48.0262291	48.0750942	48.0262291	48.1100008	
9.448982	48.0742463	48.1187275	48.0742463	48.1536341	
9.459075	48.1214691	48.1710874	48.1214691	48.1885406	
9.469336	48.1688792	48.2059939	48.1688792	48.2321739	
9.479429	48.2148943	48.2496272	48.2148943	48.2670805	
9.48962	48.2607718	48.2932604	48.2607718	48.301987	
9.499786	48.3059143	48.3368936	48.3059143	48.3456203	
9.509919	48.3502887	48.3805269	48.3502887	48.3805269	
9.520157	48.3945193	48.4154335	48.3945193	48.4154335	
9.530193	48.4372813	48.4590667	48.4372813	48.45034	
9.540343	48.4799314	48.5026999	48.4799314	48.4852466	
9.550484	48.5219383	48.5376065	48.5219383	48.5114266	
9.560704	48.5636311	48.5812397	48.5636311	48.5463331	
9.570905	48.6046628	48.624873	48.6046628	48.5812397	
9.58102	48.6447262	48.6597795	48.6447262	48.624873	
9.59111	48.6841123	48.7034128	48.6841123	48.6597795	
9.601313	48.7233242	48.747046	48.7233242	48.6946861	
9.611398	48.7614667	48.7819526	48.7614667	48.7295927	
9.621609	48.7995106	48.8168592	48.7995106	48.7644993	
9.631718	48.8365276	48.8517658	48.8365276	48.7994059	
9.64187	48.873129	48.8866723	48.873129	48.8430391	
9.652004	48.9090607	48.9215789	48.9090607	48.8779457	
9.670009	48.9705934	48.9826655	48.9705934	48.9390322	
9.674562	48.9861948	49.0001187	48.9861948	48.9652122	
9.684713	49.0202272	49.0262987	49.0202272	49.0001187	
9.694858	49.0536518	49.0612053	49.0536518	49.0350253	
9.705054	49.0866487	49.0961119	49.0866487	49.0786586	
9.715224	49.1189431	49.1310184	49.1189431	49.1135652	
9.725377	49.1506832	49.1571984	49.1506832	49.1484717	
9.735566	49.18173	49.1833783	49.18173	49.1833783	
9.745698	49.2121067	49.2182849	49.2121067	49.2182849	
9.755865	49.2419891	49.2444648	49.2419891	49.2531915	
9.76602	49.2712541	49.2706448	49.2712541	49.2793714	
9.776212	49.2999906	49.2968247	49.2999906	49.314278	
9.786349	49.3279942	49.3230047	49.3279942	49.340458	
9.796476	49.3553654	49.3491846	49.3553654	49.3666379	
9.806725	49.3824753	49.3753645	49.3824753	49.3928178	
9.81684	49.4086275	49.4015445	49.4086275	49.4189978	
9.826973	49.4342325	49.4277244	49.4342325	49.4364511	
9.83712	49.4592806	49.4451777	49.4592806	49.462631	
9.847285	49.4837791	49.4713576	49.4837791	49.4800843	
9.865311	49.5249347	49.5149909	49.5249347	49.5149909	
9.869821	49.5352896	49.5149909	49.5352896	49.5237175	
9.880032	49.5579822	49.5411708	49.5579822	49.5324442	
9.890155	49.5798904	49.5586241	49.5798904	49.5586241	
9.902199	49.6050591	49.584804	49.6050591	49.5673508	
9.910807	49.6230461	49.6022573	49.6230461	49.5935307	
9.931471	49.6619529	49.6197106	49.6619529	49.6022573	
9.936276	49.6711649	49.6458906	49.6711649	49.6371639	
9.946459	49.6899332	49.6633439	49.6899332	49.6458906	
9.956672	49.7081671	49.6807972	49.7081671	49.6633439	
9.966975	49.7259611	49.6895238	49.7259611	49.6807972	
9.977108	49.7428845	49.7069771	49.7428845	49.6982505	
9.987364	49.7594279	49.7244304	49.7594279	49.7069771	
9.997614	49.7753709	49.7418837	49.7753709	49.733157	
10.01646	49.8022419	49.759337	49.8022419	49.7418837	
10.02138	49.8093326	49.7767903	49.8093326	49.7680636	
10.03148	49.8231446	49.7942436	49.8231446	49.7767903	
10.04179	49.8366585	49.8029702	49.8366585	49.7942436	
10.05301	49.8506345	49.8116969	49.8506345	49.8116969	
10.06214	49.8616229	49.8291501	49.8616229	49.8204235	
10.089	49.8886992	49.8553301	49.8886992	49.8466034	
10.09377	49.89368	49.8727834	49.89368	49.8640567	
10.10492	49.9044774	49.88151	49.9044774	49.8727834	
10.11422	49.9130825	49.8989633	49.9130825	49.88151	
10.1246	49.9221025	49.90769	49.9221025	49.8902367	
10.13479	49.9304287	49.9164166	49.9304287	49.90769	
10.14492	49.9381754	49.9338699	49.9381754	49.9164166	
10.15513	49.9454629	49.9425965	49.9454629	49.9251433	
10.1653	49.9522115	49.9513232	49.9522115	49.9338699	
10.17553	49.9584763	49.9600498	49.9584763	49.9425965	
10.18582	49.9642591	49.9687765	49.9642591	49.9425965	
10.19608	49.9695235	49.9775031	49.9695235	49.9513232	
10.20753	49.9747491	49.9775031	49.9747491	49.9513232	
10.21633	49.9784674	49.9862298	49.9784674	49.9513232	
10.2265	49.9822647	49.9862298	49.9822647	49.9600498	
10.2367	49.9856165	49.9862298	49.9856165	49.9600498	
10.24699	49.9885509	49.9862298	49.9885509	49.9600498	
10.25718	49.9910393	49.9862298	49.9910393	49.9600498	
10.2674	49.9931338	49.9862298	49.9931338	49.9600498	
10.27764	49.9948581	49.9862298	49.9948581	49.9600498	
10.28782	50	49.9862298	50	49.9600498	
10.29798	50	49.9862298	50	49.9600498	
10.30871	50	49.9862298	50	49.9600498	
10.31891	50	49.9862298	50	49.9600498	
10.32883	50	49.9862298	50	49.9600498	
10.33899	50	49.9862298	50	49.9600498	
10.34911	50	49.9862298	50	49.9600498	
10.35926	50	49.9862298	50	49.9600498	
10.36944	50	49.9862298	50	49.9600498	
10.37958	50	49.9862298	50	49.9600498	
10.38972	50	49.9862298	50	49.9600498	
10.39985	50	49.9862298	50	49.9600498	
10.41245	50	49.9862298	50	49.9600498	
10.42017	50	49.9862298	50	49.9600498	
10.4337	50	49.9862298	50	49.9600498	
10.44836	50	49.9862298	50	49.9600498	
10.45318	50	49.9862298	50	49.9600498	
10.46339	50	49.9862298	50	49.9600498	
10.47347	50	49.9862298	50	49.9600498	
10.48367	50	49.9862298	50	49.9600498	
10.49396	50	49.9862298	50	49.9600498	
10.51388	50	49.9862298	50	49.9600498	
10.51857	50	49.9862298	50	49.9600498	
10.52889	50	49.9862298	50	49.9600498	
10.53913	50	49.9862298	50	49.9600498	
10.54949	50	49.9862298	50	49.9600498	
10.55954	50	49.9862298	50	49.9600498	
10.5779	50	49.9862298	50	49.9600498	
10.58287	50	49.9862298	50	49.9600498	
10.59304	50	49.9862298	50	49.9600498	
10.60325	50	49.9862298	50	49.9600498	
10.61556	50	49.9862298	50	49.9600498	
10.63251	50	49.9862298	50	49.9600498	
10.63729	50	49.9862298	50	49.9600498	
10.64755	50	49.9862298	50	49.9600498	
10.66628	50	49.9862298	50	49.9687765	
10.67948	50	49.9862298	50	49.9687765	
10.68429	50	49.9862298	50	49.9687765	
10.69448	50	49.9862298	50	49.9687765	
10.70471	50	49.9862298	50	49.9775031	
10.71662	50	49.9862298	50	49.9775031	
10.72514	50	49.9862298	50	49.9775031	
10.73529	50	49.9862298	50	49.9862298	
10.74555	50	49.9862298	50	49.9862298	
10.75577	50	49.9862298	50	49.9862298	
10.76599	50	49.9862298	50	49.9775031	
10.77631	50	49.9862298	50	49.9775031	
10.78641	50	49.9862298	50	49.9687765	
10.79661	50	49.9862298	50	49.9687765	
10.80693	50	49.9862298	50	49.9687765	
10.81736	50	49.9862298	50	49.9687765	
10.82727	50	49.9862298	50	49.9687765	
10.83748	50	49.9862298	50	49.9687765	
10.8477	50	49.9862298	50	49.9687765	
10.85798	50	49.9862298	50	49.9687765	
10.86829	50	49.9862298	50	49.9687765	
10.87846	50	49.9862298	50	49.9687765	
10.88869	50	49.9862298	50	49.9687765	
10.89884	50	49.9862298	50	49.9687765	
10.90904	50	49.9862298	50	49.9687765	
10.91974	50	49.9862298	50	49.9687765	
10.9301	50	49.9862298	50	49.9687765	
10.94031	50	49.9862298	50	49.9687765	
10.95054	50	49.9862298	50	49.9687765	
10.96088	50	49.9862298	50	49.9687765	
10.97103	50	49.9862298	50	49.9687765	
10.98127	50	49.9862298	50	49.9687765	
10.99142	50	49.9862298	50	49.9687765	
11.00163	50	49.9862298	50	49.9687765	
11.01187	50	49.9862298	50	49.9687765	
11.02211	50	49.9862298	50	49.9687765	
11.0408	50	49.9862298	50	49.9687765	
11.04564	50	49.9862298	50	49.9687765	
11.0558	50	49.9862298	50	49.9687765	
11.06604	50	49.9862298	50	49.9687765	
11.07628	50	49.9862298	50	49.9687765	
11.08648	50	49.9862298	50	49.9687765	
11.09671	50	49.9862298	50	49.9687765	
11.10696	50	49.9862298	50	49.9687765	
11.11716	50	49.9862298	50	49.9687765	
11.12737	50	49.9862298	50	49.9687765	
11.13768	50	49.9862298	50	49.9687765	
11.1478	50	49.9862298	50	49.9687765	
11.158	50	49.9862298	50	49.9687765	
11.17653	50	49.9862298	50	49.9687765	
11.1813	50	49.9862298	50	49.9687765	
11.19155	50	49.9862298	50	49.9687765	
11.22333	50	49.9862298	50	49.9687765	
11.23178	50	49.9862298	50	49.9687765	
11.24138	50	49.9862298	50	49.9775031	
11.25966	50	49.9862298	50	49.9775031	
