10.60259	
10.60923	
10.61929	
10.62942	
10.63959	
10.64974	
10.65989	
10.67002	
10.68022	
10.69031	
10.7005	
10.71066	
10.72082	
10.731	
10.74115	
10.75128	
10.76145	
10.77159	
10.78175	
10.79193	
10.80205	
10.8122	
10.82233	
10.83263	
10.84263	
10.85277	
10.86292	
10.87305	
10.88322	
10.89335	
10.90352	
10.91366	
10.92381	
10.93393	
10.94415	
10.95429	
10.96507	
10.97458	
10.98482	
10.99478	
11.00494	
11.0151	
11.02529	
11.03539	
11.04556	
11.05583	
11.06583	
11.07604	
11.08611	
11.09623	
11.10641	
11.11654	
11.12671	
11.13682	
11.14699	
11.15721	
11.16732	
11.17749	
11.1876	
11.19778	
11.20801	
11.21811	
11.22828	
11.23846	
11.24859	
11.25875	
11.2689	
11.27906	
11.28924	
11.29935	
11.30953	
11.31968	
11.32982	
11.33997	
11.35007	
11.36031	
11.37041	
11.38056	
11.39074	
11.40084	
11.41104	
11.42115	
11.43133	
11.44149	
11.45163	
11.46181	
11.47199	
11.48224	
11.49228	
11.50244	
11.51258	
11.52272	
11.53287	
11.54301	
11.55317	
11.56335	
11.57342	
11.58363	
11.59375	
11.60388	
11.61402	
11.6242	
11.63434	
11.64446	
11.65466	
11.66476	
11.67491	
11.68505	
11.69519	
11.70538	
11.71549	
11.72568	
11.7359	
11.74593	
11.75607	
11.7662	
11.77639	
11.78652	
11.79665	
11.80679	
11.81691	
11.82711	
11.83731	
11.84739	
11.85757	
11.8677	
11.87789	
11.88806	
11.89813	
11.90832	
11.91854	
11.92863	
11.93879	
11.94893	
11.9591	
11.97	
11.98031	
11.9903	
12.00043	
12.01062	
12.02075	
12.03092	
12.04107	
12.05121	
12.06137	
12.07149	
12.08168	
12.09183	
12.10193	
12.11218	
12.12226	
12.13242	
12.14259	
12.15272	
12.16283	
12.18155	
12.18604	
12.19613	
12.21556	
12.21995	
12.23013	
12.24032	
12.25043	
12.26057	
12.27075	
12.28089	
12.29099	
12.30115	
12.31136	
12.32171	
12.33189	
12.34203	
12.35223	
12.36232	
12.37248	
12.38264	
12.39277	
12.40291	
12.41309	
12.42333	
12.43354	
12.44364	
12.45377	
12.464	
12.47407	
12.48433	
12.49438	
12.50454	
12.51464	
12.52479	
12.53494	
12.5451	
12.55522	
12.56537	
12.5755	
12.58572	
12.59588	
12.60603	
12.61613	
12.62655	
12.63639	
12.64663	
12.65669	
12.66683	
12.67698	
12.68719	
12.69735	
12.70748	
12.71765	
12.72784	
12.73794	
12.74812	
12.75826	
12.76844	
12.77856	
12.78872	
12.79891	
12.80903	
12.81917	
12.82933	
12.8395	
12.84967	
12.85981	
12.86996	
12.88016	
12.89027	
12.90039	
12.91064	
12.92076	
12.93086	
12.94103	
12.95119	
12.96134	
12.97167	
12.98177	
12.99202	
13.00205	
13.01224	
13.0224	
13.03258	
13.04271	
13.05285	
13.063	
13.0731	
13.08329	
13.09347	
13.10353	
13.11375	
13.12388	
13.13405	
13.14422	
13.15433	
13.16452	
13.17467	
13.18474	
13.19489	
13.20589	
13.21518	
13.22989	
13.24015	
