4.274638	
4.284997	
4.295039	
4.305221	
4.315412	
4.325623	
4.335812	
4.346024	
4.356349	
4.366453	
4.376665	
4.386976	
4.397112	
4.407307	
4.417527	
4.427773	
4.438047	
4.448212	
4.458418	
4.468699	
4.478823	
4.489074	
4.499297	
4.509504	
4.519892	
4.529944	
4.540318	
4.550308	
4.560585	
4.571211	
4.580993	
4.591225	
4.601491	
4.611713	
4.630443	
4.635122	
4.645295	
4.655499	
4.665718	
4.675897	
4.686181	
4.696328	
4.706511	
4.716764	
4.726885	
4.737143	
4.747371	
4.757555	
4.768191	
4.778059	
4.796634	
4.801267	
4.811498	
4.821712	
4.831868	
4.842049	
4.860633	
4.86528	
4.875507	
4.8858	
4.895871	
4.906102	
4.924643	
4.929284	
4.939493	
4.949731	
4.959897	
4.97023	
4.980452	
4.990568	
5.00081	
5.01104	
5.021232	
5.031499	
5.041792	
5.051996	
5.062145	
5.072348	
5.083918	
5.100869	
5.105218	
5.115393	
5.125503	
5.135633	
5.145808	
5.155967	
5.16612	
5.176283	
5.186443	
5.196652	
5.206735	
5.21688	
5.227084	
5.237169	
5.247356	
5.257502	
5.267646	
5.277854	
5.287949	
5.298101	
5.308372	
5.31838	
5.328554	
5.338713	
5.348837	
5.359022	
5.369157	
5.379328	
5.389477	
5.39957	
5.409816	
5.41993	
5.430076	
5.440223	
5.450373	
5.460702	
5.470669	
5.480821	
5.491013	
5.501086	
5.511244	
5.521379	
5.531928	
5.542062	
5.552203	
5.562328	
5.572532	
5.582709	
5.592886	
5.602921	
5.6131	
5.623226	
5.633353	
5.643511	
5.653643	
5.663783	
5.673962	
5.684091	
5.694286	
5.704374	
5.714542	
5.724775	
5.734875	
5.745045	
5.755194	
5.765353	
5.775516	
5.785669	
5.795839	
5.806048	
5.81614	
5.826354	
5.836551	
5.846631	
5.856784	
5.866978	
5.877107	
5.88725	
5.897372	
5.907564	
5.917708	
5.927864	
5.938018	
5.948169	
5.958311	
5.968458	
5.978607	
5.988814	
5.998907	
6.009055	
6.019221	
6.029366	
6.039507	
6.049677	
6.05983	
6.070014	
6.080204	
6.090341	
6.100538	
6.110563	
6.120752	
6.130889	
6.141118	
6.151153	
6.161352	
6.17146	
6.181598	
6.191721	
6.20191	
6.212044	
6.222179	
6.232329	
6.242492	
6.25272	
6.262807	
6.272923	
6.283106	
6.293199	
6.303337	
6.31344	
6.323612	
6.333777	
6.343891	
6.354043	
6.372067	
6.376448	
6.386604	
6.396748	
6.406916	
6.417065	
6.427248	
6.437376	
6.447514	
6.457669	
6.467827	
6.478064	
6.488171	
6.498318	
6.508554	
6.518627	
6.52876	
6.538887	
6.549066	
6.559243	
6.569337	
6.581446	
6.589662	
6.599774	
6.609923	
6.620088	
6.630244	
6.640381	
6.650512	
6.660718	
6.670815	
6.680944	
6.691098	
6.701245	
6.711384	
6.721526	
6.731681	
6.7418	
6.751928	
6.7635	
6.772264	
6.78237	
6.792513	
6.802722	
6.812857	
6.82295	
6.833094	
6.843269	
6.853376	
6.863521	
6.873688	
6.883819	
6.902145	
6.906528	
6.916682	
6.926829	
6.93699	
6.947182	
6.957305	
6.967439	
6.977629	
6.98777	
6.99797	
7.008065	
7.018215	
7.028413	
7.038468	
7.048678	
7.058823	
7.068955	
7.079133	
7.089267	
7.099455	
7.109542	
7.119746	
7.129874	
7.140074	
7.150236	
7.160362	
7.170528	
7.180755	
7.19083	
7.200963	
7.211111	
7.221237	
7.231385	
7.241524	
7.251666	
7.261786	
7.27193	
7.282108	
7.292244	
7.302372	
7.312501	
7.322714	
7.332848	
7.342943	
7.3531	
7.363256	
7.373373	
7.383504	
7.393757	
7.403933	
7.414151	
7.43205	
7.43646	
7.446561	
7.456717	
7.466863	
7.477037	
7.487177	
7.497365	
7.507518	
7.517644	
7.527779	
7.537949	
7.548106	
7.558274	
7.568373	
7.578585	
7.588787	
7.598865	
7.608981	
7.619135	
7.629294	
7.639436	
7.649582	
7.659736	
7.669891	
7.680036	
7.690209	
7.700344	
7.710504	
7.720637	
7.730772	
7.740953	
7.751061	
7.761186	
7.771387	
7.781533	
7.791642	
7.801775	
7.811927	
7.829936	
7.834363	
7.844529	
7.854823	
7.864973	
7.875162	
7.885286	
7.895398	
7.9057	
7.916054	
7.926259	
7.936385	
7.946555	
7.956774	
7.966855	
7.976992	
7.987177	
7.997318	
8.007441	
8.017678	
8.027759	
8.037869	
8.048068	
8.058231	
8.068325	
8.078611	
8.088719	
8.098863	
8.109024	
8.119168	
8.129319	
8.139469	
8.149612	
8.159743	
8.169906	
8.180092	
8.19032	
8.200457	
8.210577	
8.220815	
8.230887	
8.241028	
8.251156	
8.261358	
8.271468	
8.281588	
8.291744	
8.301884	
8.311996	
8.322158	
8.332576	
8.342453	
8.352653	
8.362793	
8.372957	
8.383043	
8.393139	
8.403539	
8.413449	
8.423585	
8.433727	
8.443898	
8.454029	
8.464235	
8.474337	
8.484491	
8.494627	
8.504788	
8.514951	
8.525139	
8.535243	
8.545452	
8.555627	
8.565707	
8.576032	
8.588081	
8.596132	
8.606319	
8.616394	
8.626553	
8.636807	
8.647037	
8.657022	
8.667178	
8.677359	
8.687482	
8.697632	
8.707792	
8.717948	
8.728086	
8.738221	
8.748575	
8.75851	
8.76871	
8.778838	
8.78905	
8.799151	
8.809288	
8.819437	
8.82958	
8.839716	
8.849843	
8.860028	
8.870232	
8.880305	
8.890452	
8.900618	
8.910758	
8.920842	
8.931025	
8.941216	
8.951349	
8.961473	
8.97165	
8.981761	
8.991892	
9.002029	
9.012183	
9.022382	
9.032487	
9.050615	
9.055005	
9.065138	
9.075376	
9.085495	
9.095627	
9.105752	
9.115939	
9.12607	
9.136253	
9.146408	
9.156577	
9.166765	
9.176862	
9.18702	
9.19721	
9.207316	
9.217442	
9.227624	
9.23778	
9.247916	
9.258067	
9.268218	
9.278462	
9.288567	
9.298707	
9.308948	
9.318976	
9.329147	
9.339286	
9.349467	
9.359611	
9.36974	
9.379936	
9.390077	
9.400216	
9.410386	
9.420506	
9.430658	
9.440784	
9.450916	
9.46112	
9.471206	
9.481559	
9.491575	
9.501644	
9.511776	
9.521907	
9.532065	
9.542201	
9.552343	
9.562461	
9.572709	
9.583142	
9.593015	
9.6031	
9.613252	
9.623355	
9.633541	
9.643658	
9.653798	
9.663936	
9.674077	
9.684784	
9.694677	
9.704818	
9.714998	
9.725206	
9.735284	
9.745449	
9.755653	
9.76577	
9.775907	
9.78606	
9.796252	
9.80646	
9.816529	
9.826704	
9.8369	
9.847059	
9.857208	
9.86755	
9.877517	
9.887648	
9.897826	
9.907984	
9.918156	
9.928275	
9.93845	
9.948559	
9.958717	
9.968867	
9.979026	
9.989245	
9.999302	
10.00955	
10.0197	
10.02982	
10.03992	
10.05006	
10.06029	
10.07043	
10.08073	
10.09087	
10.10102	
10.11114	
10.12134	
10.13147	
10.14158	
10.15171	
10.16186	
10.17199	
10.18215	
10.19227	
10.20246	
10.22059	
10.22497	
10.2351	
10.24533	
10.25544	
10.26559	
10.27575	
10.2859	
10.29605	
10.30621	
10.31635	
10.32657	
10.33668	
10.34682	
10.35704	
10.36716	
10.37731	
10.38749	
10.39761	
10.40773	
10.41814	
10.42815	
10.4383	
10.4484	
10.45853	
10.46896	
10.47902	
10.48916	
10.49931	
10.50943	
10.51963	
10.5302	
10.53994	
10.55007	
10.56023	
10.57032	
10.58055	
10.60052	
10.60498	
10.61504	
10.62522	
10.63541	
10.64552	
10.6557	
10.66587	
10.67601	
10.68622	
10.69632	
10.70651	
10.71664	
10.72678	
10.73697	
10.74711	
10.75726	
10.76744	
10.77754	
10.79747	
10.80188	
10.81201	
10.82215	
10.83227	
10.84246	
10.85265	
10.8628	
10.8729	
10.88301	
10.89347	
10.9033	
10.91343	
10.92366	
10.93819	868.879165	868.877262	837.899571	837.897667	
10.94442	868.880056	868.877262	837.900462	837.897667	
10.95425	868.882151	868.877262	837.902557	837.897667	
10.96432	868.884909	868.877262	837.905315	837.897667	
10.97455	868.888347	868.877262	837.908753	837.897667	
10.9848	868.892426	868.877262	837.912831	837.897667	
10.99496	868.89708	868.877262	837.917486	837.897667	
11.00517	868.902383	868.877262	837.922789	837.897667	
11.01526	868.908235	868.877262	837.928641	837.897667	
11.02539	868.914724	868.877262	837.93513	837.897667	
11.03793	868.923803	868.877262	837.944208	837.897667	
11.0463	868.930167	868.877262	837.950573	837.897667	
11.05587	868.938039	868.877262	837.958445	837.897667	
11.06598	868.946967	868.877262	837.967373	837.897667	
11.07615	868.956589	868.877262	837.976995	837.897667	
11.08637	868.966878	868.877262	837.987284	837.897667	
11.09645	868.977638	868.877262	837.998044	837.897667	
11.10659	868.98907	868.877262	838.009476	837.897667	
11.11677	869.001182	868.877262	838.021588	837.897667	
11.12689	869.013822	868.877262	838.034228	837.897667	
11.13705	869.027145	868.877262	838.047551	837.897667	
11.14729	869.041204	868.885988	838.06161	837.897667	
11.15748	869.055809	868.885988	838.076215	837.897667	
11.16758	869.070892	868.885988	838.091298	837.897667	
11.17768	869.086601	868.885988	838.107007	837.897667	
11.18792	869.103144	868.885988	838.12355	837.897667	
11.1981	869.120212	868.894715	838.140618	837.897667	
11.20818	869.137734	868.894715	838.15814	837.906394	
11.21832	869.155958	868.894715	838.176364	837.906394	
11.22846	869.174813	868.903441	838.195218	837.906394	
11.23867	869.194423	868.912168	838.214828	837.915121	
11.2489	869.214729	868.920895	838.235135	837.923847	
11.25905	869.235453	868.929621	838.255859	837.932574	
11.26929	869.256995	868.947075	838.277401	837.932574	
11.27936	869.278791	868.964528	838.299196	837.950027	
11.28949	869.301315	868.981981	838.321721	837.96748	
11.29972	869.324719	868.999435	838.345124	837.984934	
11.30983	869.348462	869.016888	838.368868	838.002387	
11.31992	869.372743	869.034341	838.393148	838.01984	
11.33009	869.397869	869.069248	838.418274	838.037294	
11.34053	869.424508	869.086701	838.444914	838.0722	
11.35055	869.450304	869.121608	838.47071	838.09838	
11.36064	869.477054	869.147788	838.49746	838.12456	
11.37075	869.504474	869.173967	838.52488	838.15074	
11.38097	869.532801	869.208874	838.553207	838.185647	
11.39101	869.5613	869.243781	838.581706	838.220553	
11.4012	869.590791	869.278687	838.611197	838.25546	
11.41135	869.620804	869.313594	838.64121	838.290366	
11.42155	869.651585	869.3485	838.67199	838.325273	
11.43164	869.682628	869.392134	838.703033	838.36018	
11.442	869.715192	869.435767	838.735598	838.403813	
11.4532	869.751148	869.4794	838.771553	838.438719	
11.46295	869.782985	869.523033	838.803391	838.482353	
11.47312	869.81681	869.566667	838.837216	838.525986	
11.48319	869.850925	869.6103	838.871331	838.560892	
11.49358	869.886771	869.653933	838.907176	838.604526	
11.50351	869.921607	869.697566	838.942013	838.648159	
11.51366	869.95784	869.749926	838.978245	838.683065	
11.52386	869.994914	869.784833	839.015319	838.726699	
11.53391	870.032004	869.837193	839.052409	838.770332	
11.54446	870.071623	869.880826	839.092029	838.805239	
11.55551	870.113889	869.933186	839.134294	838.857598	
11.56564	870.153204	869.976819	839.17361	838.901232	
11.57582	870.193365	870.029179	839.213771	838.944865	
11.58596	870.233952	870.072812	839.254358	838.988498	
11.59679	870.27806	870.116445	839.298466	839.032131	
11.6069	870.319804	870.168805	839.34021	839.075765	
11.61702	870.362191	870.212438	839.382596	839.119398	
11.62715	870.405295	870.256072	839.425701	839.163031	
11.63734	870.449228	870.308432	839.469634	839.206664	
11.64748	870.493556	870.352065	839.513962	839.250297	
11.65813	870.540875	870.404425	839.56128	839.293931	
11.66833	870.586747	870.448058	839.607153	839.337564	
11.67851	870.63316	870.500418	839.653566	839.389924	
11.68862	870.679846	870.544051	839.700252	839.433557	
11.69874	870.727244	870.596411	839.74765	839.485917	
11.70899	870.775829	870.640044	839.796234	839.52955	
11.71907	870.824259	870.692404	839.844665	839.573183	
11.72923	870.873652	870.736037	839.894058	839.63427	
11.73937	870.923623	870.77967	839.944029	839.677903	
11.7495	870.974126	870.83203	839.994532	839.730263	
11.76106	871.032656	870.88439	840.053062	839.782623	
11.77104	871.083639	870.93675	840.104045	839.843709	
11.78124	871.136457	870.98911	840.156862	839.887343	
11.79136	871.189403	871.04147	840.209809	839.948429	
11.80179	871.244753	871.09383	840.265159	840.000789	
11.81157	871.297116	871.14619	840.317521	840.061876	
11.82171	871.352029	871.198549	840.372435	840.114235	
11.83186	871.407658	871.250909	840.428064	840.166595	
11.84198	871.463732	871.303269	840.484138	840.236408	
11.85213	871.520619	871.355629	840.541025	840.288768	
11.86431	871.589796	871.425442	840.610202	840.367308	
11.87433	871.647263	871.477802	840.667669	840.428395	
11.88451	871.706234	871.538889	840.72664	840.480755	
11.89469	871.765808	871.599975	840.786214	840.550568	
11.90482	871.825787	871.652335	840.846193	840.611654	
11.915	871.886643	871.713422	840.907049	840.672741	
11.92524	871.948519	871.774508	840.968925	840.733827	
11.93531	872.009898	871.826868	841.030304	840.794914	
11.94543	872.072272	871.896681	841.092678	840.864727	
11.95567	872.135993	871.957768	841.156399	840.925814	
11.96695	872.207062	872.027581	841.227467	840.995627	
11.97731	872.272789	872.088667	841.293195	841.056713	
11.98748	872.338033	872.149754	841.358439	841.126526	
11.99764	872.40378	872.219567	841.424186	841.187613	
12.00774	872.469814	872.280654	841.49022	841.248699	
12.01791	872.536855	872.350467	841.557261	841.318513	
12.02807	872.604537	872.42028	841.624943	841.379599	
12.03822	872.672716	872.490093	841.693122	841.449412	
12.04841	872.741795	872.559906	841.762201	841.510499	
12.05856	872.811192	872.629719	841.831598	841.580312	
12.06957	872.887317	872.699533	841.907723	841.658852	
12.07968	872.957756	872.769346	841.978161	841.719938	
12.08984	873.029128	872.839159	842.049533	841.789752	
12.10001	873.101197	872.908972	842.121603	841.859565	
12.11009	873.173265	872.987512	842.193671	841.929378	
12.12033	873.247074	873.057325	842.26748	841.999191	
12.13044	873.320598	873.135865	842.341004	842.069004	
12.14062	873.395241	873.205678	842.415647	842.147544	
12.15081	873.470581	873.284218	842.490986	842.217357	
12.16085	873.545487	873.362758	842.565892	842.28717	
12.17221	873.631006	873.450024	842.651412	842.36571	
12.18234	873.707748	873.528564	842.728154	842.44425	
12.19248	873.785291	873.607104	842.805697	842.52279	
12.20272	873.864137	873.685644	842.884543	842.592603	
12.2133	873.946347	873.764183	842.966753	842.671143	
12.22295	874.021864	873.842723	843.042269	842.749683	
12.23311	874.101942	873.92999	843.122347	842.828222	
12.24326	874.18263	874.00853	843.203036	842.906762	
12.25339	874.2638	874.095796	843.284206	842.985302	
12.26357	874.345944	874.174336	843.36635	843.063842	
12.27494	874.438525	874.270329	843.458931	843.159835	
12.28516	874.522334	874.357595	843.54274	843.238375	
12.29524	874.605509	874.444862	843.625915	843.325641	
12.30538	874.689923	874.532128	843.710329	843.412908	
12.31551	874.77487	874.619395	843.795276	843.491448	
12.32571	874.860971	874.706661	843.881377	843.578714	
12.33585	874.947146	874.802654	843.967552	843.66598	
12.34603	875.034326	874.889921	844.054732	843.753247	
12.35614	875.121571	874.985914	844.141976	843.831787	
12.36632	875.210052	875.07318	844.230458	843.92778	
12.37774	875.310113	875.1779	844.330518	844.023773	
12.38784	875.399051	875.265167	844.419457	844.111039	
12.39792	875.488519	875.36116	844.508925	844.207033	
12.40811	875.579563	875.448426	844.599968	844.294299	
12.41819	875.67032	875.544419	844.690726	844.390292	
12.42838	875.762585	875.631686	844.782991	844.477559	
12.43857	875.855546	875.727679	844.875951	844.564825	
12.4487	875.948518	875.814945	844.968923	844.660818	
12.45883	876.042189	875.910938	845.062595	844.756811	
12.46897	876.13643	875.998205	845.156836	844.844078	
12.48044	876.244085	876.102925	845.264491	844.948797	
12.49051	876.338964	876.198918	845.35937	845.053517	
12.50066	876.435351	876.294911	845.455757	845.140784	
12.51086	876.532771	876.382177	845.553177	845.236777	
12.52092	876.629514	876.47817	845.64992	845.33277	
12.53111	876.728086	876.574164	845.748492	845.428763	
12.54137	876.827968	876.670157	845.848374	845.524756	
12.55141	876.926327	876.76615	845.946732	845.620749	
12.56154	877.026195	876.853416	846.0466	845.716742	
12.572	877.129993	876.958136	846.150399	845.821462	
12.5833	877.243051	877.062856	846.263457	845.926182	
12.59429	877.353474	877.158849	846.37388	846.030902	
12.6033	877.44452	877.254842	846.464926	846.135621	
12.61356	877.548856	877.359562	846.569262	846.231614	
12.62361	877.651687	877.455555	846.672093	846.336334	
12.63377	877.756235	877.551548	846.776641	846.441054	
12.64396	877.861653	877.656268	846.882059	846.545774	
12.65407	877.966958	877.760987	846.987364	846.650493	
12.67204	878.15648	877.93552	847.176886	846.84248	
12.67662	878.204641	877.98788	847.225047	846.89484	
12.68688	878.313586	878.0926	847.333992	846.999559	
12.69704	878.422002	878.19732	847.442408	847.113006	
12.70719	878.530831	878.302039	847.551237	847.226452	
12.71735	878.640549	878.406759	847.660955	847.339899	
12.72751	878.750745	878.511479	847.771151	847.444618	
12.73767	878.861604	878.616199	847.88201	847.558065	
12.74787	878.973646	878.729645	847.994052	847.671511	
12.75795	879.084822	878.843092	848.105228	847.776231	
12.77818	879.311254	879.061258	848.331659	848.003124	
12.7854	879.392083	879.113618	848.412489	848.055484	
12.79332	879.48113	879.227064	848.501535	848.160203	
12.80312	879.591896	879.331784	848.612302	848.282376	
12.81329	879.707455	879.44523	848.727861	848.395823	
12.82339	879.822931	879.558677	848.843337	848.509269	
12.83358	879.940062	879.68085	848.960467	848.622716	
12.8437	880.05685	879.794296	849.077255	848.736162	
12.85387	880.174941	879.916469	849.195347	848.849608	
12.86399	880.293089	880.029915	849.313495	848.963055	
12.87418	880.41262	880.152088	849.433026	849.085228	
12.88682	880.562152	880.282988	849.582558	849.207401	
12.89528	880.662364	880.413888	849.68277	849.329574	
12.90533	880.782078	880.536061	849.802484	849.451747	
12.91547	880.903604	880.658234	849.92401	849.57392	
12.92584	881.028164	880.780407	850.04857	849.696093	
12.93579	881.147456	880.911307	850.167862	849.818266	
12.94593	881.269148	881.042206	850.289554	849.940439	
12.95614	881.39156	881.164379	850.411966	850.062612	
12.96628	881.513252	881.295279	850.533658	850.184785	
12.97638	881.634572	881.426179	850.654978	850.306958	
12.98657	881.756816	881.557079	850.777222	850.429131	
12.99684	881.880176	881.687978	850.900582	850.560031	
13.00695	882.001316	881.810151	851.021722	850.682204	
13.0171	882.123152	881.941051	851.143558	850.813104	
13.02723	882.244664	882.071951	851.26507	850.935277	
13.03742	882.366956	882.194124	851.387362	851.05745	
13.04756	882.488672	882.325023	851.509078	851.179623	
13.05769	882.610256	882.455923	851.630662	851.301796	
13.06789	882.732596	882.578096	851.753002	851.432696	
13.07797	882.853628	882.700269	851.874034	851.554869	
13.08816	882.975836	882.822442	851.996242	851.685768	
13.09868	883.102232	882.953342	852.122638	851.807941	
13.10848	883.219796	883.075515	852.240202	851.930114	
13.11871	883.34246	883.206415	852.362866	852.061014	
13.12883	883.463828	883.328588	852.484234	852.183187	
13.13895	883.585304	883.450761	852.60571	852.30536	
13.14918	883.708148	883.572934	852.728554	852.427533	
13.15926	883.82906	883.695107	852.849466	852.558433	
13.16943	883.951124	883.808553	852.97153	852.680606	
13.17958	884.072852	883.930726	853.093258	852.802779	
13.18971	884.194508	884.052899	853.214914	852.933679	
13.19997	884.317664	884.175072	853.33807	853.064578	
13.2101	884.439116	884.288519	853.459522	853.186752	
13.22026	884.561072	884.419419	853.581478	853.317651	
13.23038	884.682512	884.532865	853.702918	853.439824	
13.24066	884.805944	884.655038	853.82635	853.561997	
13.25071	884.926436	884.777211	853.946842	853.692897	
13.26083	885.047948	884.899384	854.068354	853.81507	
13.27101	885.170132	885.021557	854.190538	853.937243	
13.28112	885.29138	885.14373	854.311786	854.059416	
13.29147	885.41558	885.257177	854.435986	854.181589	
13.30316	885.55598	885.396803	854.576386	854.321216	
13.31288	885.672608	885.510249	854.693014	854.443389	
13.32308	885.794888	885.632422	854.815294	854.565562	
13.33317	885.916004	885.754595	854.93641	854.687735	
13.34355	886.040636	885.876768	855.061042	854.809908	
13.35346	886.159436	885.998941	855.179842	854.932081	
13.36363	886.281488	886.121115	855.301894	855.054254	
13.37377	886.40324	886.243288	855.423646	855.176427	
13.38388	886.52444	886.365461	855.544846	855.2986	
13.39405	886.6466	886.487634	855.667006	855.420773	
13.40552	886.7843	886.62726	855.804706	855.551673	
13.41565	886.904885	886.749433	855.92529	855.673846	
13.42579	887.024976	886.871606	856.045382	855.796019	
13.43596	887.144889	887.002506	856.165295	855.918192	
13.44611	887.263942	887.124679	856.284348	856.049092	
13.45629	887.382717	887.255579	856.403123	856.162538	
13.46643	887.500369	887.377752	856.520775	856.293438	
13.47659	887.617741	887.499925	856.638147	856.406884	
13.4948	887.82562	887.726817	856.846025	856.62505	
13.49938	887.877924	887.779177	856.89833	856.67741	
13.50991	887.997536	887.90135	857.017941	856.799583	
13.51972	888.108166	888.023523	857.128572	856.921756	
13.52989	888.222393	888.145696	857.242799	857.035203	
13.54025	888.338042	888.26787	857.358448	857.157376	
13.55053	888.453142	888.381316	857.473547	857.270822	
13.56037	888.560907	888.494762	857.581313	857.392995	
13.57045	888.671748	888.616935	857.692154	857.515168	
13.58083	888.785148	888.730382	857.805554	857.619888	
13.59094	888.894977	888.843828	857.915382	857.742061	
13.60104	889.00423	888.957275	858.024636	857.855507	
13.6112	889.113387	889.070721	858.133793	857.968954	
13.62141	889.222481	889.175441	858.242887	858.073673	
13.63147	889.329365	889.288887	858.34977	858.18712	
13.64164	889.436747	889.402334	858.457152	858.29184	
13.65204	889.546076	889.507053	858.566481	858.405286	
13.66195	889.649532	889.611773	858.669938	858.510006	
13.67208	889.754692	889.725219	858.775098	858.614726	
13.68223	889.859457	889.829939	858.879862	858.719445	
13.69236	889.963385	889.943386	858.983791	858.824165	
13.70252	890.067069	890.048105	859.087475	858.928885	
13.71335	890.176849	890.152825	859.197255	859.051058	
13.72355	890.279695	890.257545	859.3001	859.155778	
13.73371	890.381385	890.362265	859.401791	859.260497	
13.74379	890.481772	890.466984	859.502178	859.365217	
13.75399	890.582762	890.562977	859.603168	859.469937	
13.76423	890.683533	890.658971	859.703939	859.574657	
13.77434	890.782363	890.76369	859.802769	859.679376	
13.78449	890.880924	890.859683	859.901329	859.784096	
13.7946	890.978547	890.955677	859.998953	859.888816	
13.80482	891.07661	891.05167	860.097015	859.993536	
13.81614	891.184514	891.165116	860.204919	860.098255	
13.82633	891.280977	891.252383	860.301383	860.202975	
13.83651	891.376648	891.348376	860.397054	860.290242	
13.84668	891.471797	891.444369	860.492203	860.386235	
13.85676	891.565365	891.540362	860.585771	860.482228	
13.867	891.659884	891.636355	860.68029	860.578221	
13.87711	891.7525	891.723621	860.772906	860.674214	
13.88725	891.844853	891.810888	860.865259	860.76148	
13.89741	891.936748	891.906881	860.957154	860.857474	
13.90763	892.028617	892.002874	861.049023	860.94474	
13.91888	892.12892	892.098867	861.149326	861.040733	
13.92931	892.221301	892.186134	861.241707	861.136726	
13.93912	892.307595	892.282127	861.328001	861.223993	
13.94934	892.396865	892.369393	861.41727	861.311259	
13.95938	892.484004	892.45666	861.50441	861.398526	
13.96955	892.571671	892.543926	861.592077	861.485792	
13.97973	892.658708	892.631193	861.679114	861.573059	
13.98989	892.745089	892.718459	861.765495	861.660325	
14.00001	892.830457	892.805726	861.850863	861.738865	
14.01036	892.919111	892.892992	861.939517	861.826131	
14.02152	893.009869	892.997712	862.030275	861.913398	
14.03189	893.09542	893.084978	862.115826	862.000664	
14.04988	893.241452	893.172245	862.261858	862.087931	
14.05453	893.279242	893.276964	862.299648	862.19265	
14.06473	893.361363	893.364231	862.381769	862.279917	
14.07496	893.443153	893.451497	862.463559	862.367183	
14.08536	893.525609	893.538764	862.546014	862.445723	
14.09541	893.604693	893.62603	862.625099	862.53299	
14.10553	893.683798	893.70457	862.704204	862.61153	
14.11571	893.762732	893.78311	862.783138	862.690069	
14.1259	893.841091	893.870376	862.861497	862.768609	
14.1361	893.918918	893.957643	862.939324	862.847149	
14.14623	893.995629	894.027456	863.016035	862.925689	
14.15638	894.071791	894.114723	863.092197	863.004229	
14.16656	894.147669	894.184536	863.168075	863.082768	
14.1767	894.222634	894.263075	863.24304	863.161308	
14.18691	894.297483	894.341615	863.317889	863.231121	
14.19703	894.371026	894.411428	863.391432	863.309661	
14.20713	894.443836	894.481242	863.464241	863.379474	
14.2173	894.516622	894.551055	863.537027	863.449288	
14.22751	894.588998	894.620868	863.609404	863.519101	
14.23776	894.66105	894.690681	863.681455	863.588914	
14.24781	894.731063	894.760494	863.751469	863.667454	
14.25796	894.801252	894.830307	863.821657	863.737267	
14.26813	894.870912	894.891394	863.891317	863.80708	
14.27829	894.939921	894.961207	863.960326	863.868167	
14.28846	895.008359	895.022294	864.028765	863.93798	
14.29859	895.075878	895.092107	864.096284	864.007793	
14.30878	895.143274	895.153193	864.16368	864.068879	
14.31896	895.209901	895.21428	864.230307	864.138693	
14.32944	895.277952	895.284093	864.298358	864.199779	
14.33961	895.343339	895.34518	864.363745	864.260866	
14.34978	895.408091	895.406266	864.428497	864.321952	
14.3599	895.471921	895.467353	864.492327	864.391765	
14.37001	895.535074	895.528439	864.55548	864.452852	
14.38029	895.598722	895.589526	864.619128	864.513938	
14.39062	895.662042	895.650612	864.682448	864.575025	
14.40054	895.72221	895.702972	864.742616	864.636111	
14.41069	895.783202	895.764059	864.803607	864.697198	
14.42104	895.844805	895.825145	864.86521	864.758284	
14.43216	895.910134	895.886232	864.93054	864.819371	
14.44231	895.969258	895.947318	864.989664	864.880458	
14.45246	896.027712	895.999678	865.048118	864.941544	
14.46263	896.085713	896.052038	865.106118	865.002631	
14.47323	896.14554	896.113124	865.165946	865.063717	
14.4829	896.199665	896.165484	865.22007	865.124804	
14.49323	896.256564	896.217844	865.276969	865.18589	
14.50319	896.310995	896.270204	865.331401	865.23825	
14.51328	896.365566	896.322564	865.385972	865.299337	
14.52356	896.420463	896.374924	865.440869	865.360423	
14.53528	896.482303	896.43601	865.502709	865.42151	
14.54505	896.53322	896.48837	865.553626	865.473869	
14.5552	896.585582	896.54073	865.605987	865.534956	
14.56542	896.637689	896.59309	865.658094	865.596043	
14.57551	896.688599	896.64545	865.709004	865.648402	
14.58583	896.739917	896.689083	865.760322	865.700762	
14.59601	896.789988	896.741443	865.810394	865.753122	
14.60616	896.839376	896.785076	865.859782	865.805482	
14.61625	896.887776	896.837436	865.908182	865.857842	
14.62642	896.936022	896.889796	865.956428	865.910202	
14.63766	896.988546	896.942156	866.008952	865.962562	
14.64766	897.034691	896.985789	866.055097	866.014922	
14.65782	897.080957	897.029422	866.101363	866.067281	
14.66799	897.126694	897.081782	866.1471	866.102188	
14.67811	897.1716	897.134142	866.192006	866.154548	
14.6883	897.216263	897.177775	866.236669	866.198181	
14.69842	897.259962	897.221409	866.280368	866.241814	
14.7086	897.303326	897.265042	866.323732	866.285448	
14.71878	897.346088	897.308675	866.366494	866.329081	
14.72888	897.387884	897.352308	866.408289	866.372714	
14.7405	897.435207	897.395941	866.455613	866.416347	
14.7503	897.474552	897.448301	866.494958	866.451254	
14.76071	897.516791	897.483208	866.537197	866.494887	
14.77091	897.555588	897.518115	866.575993	866.529794	
14.78103	897.594309	897.561748	866.614715	866.573427	
14.79117	897.63261	897.596654	866.653016	866.608333	
14.80136	897.670499	897.640288	866.690904	866.64324	
14.81153	897.707708	897.675194	866.728113	866.686873	
14.82163	897.74408	897.710101	866.764486	866.72178	
14.83193	897.780567	897.745007	866.800973	866.756686	
14.84314	897.819478	897.779914	866.839884	866.791593	
14.85295	897.853012	897.814821	866.873418	866.835226	
14.86311	897.887155	897.849727	866.90756	866.861406	
14.87321	897.920502	897.884634	866.940908	866.896313	
14.88358	897.954112	897.91954	866.974518	866.931219	
14.89363	897.986082	897.94572	867.006487	866.966126	
14.90369	898.017528	897.980627	867.037934	866.992306	
14.91399	898.049101	898.006807	867.069507	867.027213	
14.93211	898.102331	898.059167	867.122737	867.079572	
14.93668	898.115796	898.07662	867.136202	867.097026	
14.95501	898.16723	898.12898	867.187636	867.149386	
14.95959	898.180135	898.146433	867.20054	867.158112	
14.96975	898.207992	898.172613	867.228398	867.184292	
14.9799	898.23525	898.198793	867.255656	867.210472	
14.99006	898.261942	898.2337	867.282348	867.236652	
15.00021	898.288035	898.251153	867.308441	867.262832	
15.01036	898.313516	898.286059	867.333922	867.289012	
15.02054	898.338488	898.303513	867.358894	867.315192	
15.03064	898.362681	898.329693	867.383087	867.332645	
15.04077	898.386346	898.355873	867.406752	867.358825	
15.05106	898.409788	898.382053	867.430194	867.376278	
15.06113	898.432163	898.399506	867.452568	867.393732	
15.07132	898.454195	898.425686	867.474601	867.419912	
15.08143	898.475488	898.443139	867.495893	867.437365	
15.09191	898.496934	898.460592	867.517339	867.463545	
15.10176	898.516555	898.486772	867.536961	867.472271	
15.11187	898.536104	898.504226	867.55651	867.498451	
15.12204	898.555193	898.530406	867.575599	867.507178	
15.13218	898.57363	898.539132	867.594036	867.524631	
15.14231	898.591487	898.556585	867.611893	867.542085	
15.15269	898.609179	898.574039	867.629585	867.559538	
15.1628	898.625825	898.582765	867.646231	867.568265	
15.17291	898.641908	898.600219	867.662313	867.585718	
15.1831	898.657549	898.617672	867.677955	867.594445	
15.19358	898.673024	898.626399	867.69343	867.603171	
15.20336	898.686935	898.635125	867.707341	867.620624	
15.21359	898.700901	898.643852	867.721307	867.629351	
15.22366	898.714095	898.652579	867.734501	867.638078	
15.2338	898.726817	898.661305	867.747223	867.646804	
15.24397	898.739022	898.670032	867.759428	867.655531	
15.25453	898.751069	898.670032	867.771475	867.664258	
15.26463	898.762045	898.678758	867.782451	867.672984	
15.27477	898.77252	898.687485	867.792926	867.672984	
15.28492	898.782455	898.687485	867.802861	867.681711	
15.29512	898.791884	898.687485	867.81229	867.681711	
15.30526	898.800704	898.687485	867.82111	867.681711	
15.31538	898.80898	898.696212	867.829386	867.690438	
15.32562	898.81681	898.696212	867.837216	867.690438	
15.33569	898.823984	898.696212	867.84439	867.690438	
15.34585	898.830694	898.696212	867.8511	867.690438	
15.35645	898.837129	898.696212	867.857535	867.690438	
15.36629	898.842625	898.696212	867.863031	867.690438	
15.37645	898.847798	898.696212	867.868204	867.690438	
15.38659	898.852466	898.704938	867.872871	867.699164	
15.39673	898.856651	898.704938	867.877057	867.699164	
15.40699	898.860401	898.704938	867.880807	867.699164	
15.41706	898.863637	898.704938	867.884043	867.699164	
15.42723	898.866462	898.704938	867.886868	867.699164	
15.43744	898.868874	898.704938	867.88928	867.699164	
15.4475	898.870863	898.704938	867.891269	867.699164	
15.45885	898.872618	898.704938	867.893024	867.699164	
15.46912	898.877262	898.704938	867.897667	867.699164	
15.47924	898.877262	898.704938	867.897667	867.699164	
15.48939	898.877262	898.704938	867.897667	867.699164	
15.49951	898.877262	898.704938	867.897667	867.699164	
15.50972	898.877262	898.704938	867.897667	867.699164	
15.51983	898.877262	898.704938	867.897667	867.699164	
15.53038	898.877262	898.704938	867.897667	867.699164	
15.54022	898.877262	898.704938	867.897667	867.699164	
15.55054	898.877262	898.704938	867.897667	867.699164	
15.56161	898.877262	898.704938	867.897667	867.699164	
15.57169	898.877262	898.704938	867.897667	867.699164	
15.58189	898.877262	898.704938	867.897667	867.699164	
15.59199	898.877262	898.704938	867.897667	867.699164	
15.60452	898.877262	898.704938	867.897667	867.699164	
15.61227	898.877262	898.704938	867.897667	867.699164	
15.62239	898.877262	898.704938	867.897667	867.699164	
15.63253	898.877262	898.704938	867.897667	867.699164	
15.65065	898.877262	898.704938	867.897667	867.699164	
15.65532	898.877262	898.704938	867.897667	867.699164	
15.66557	898.877262	898.704938	867.897667	867.699164	
15.67568	898.877262	898.704938	867.897667	867.699164	
15.68588	898.877262	898.704938	867.897667	867.699164	
15.69597	898.877262	898.704938	867.897667	867.699164	
15.70616	898.877262	898.704938	867.897667	867.699164	
15.71634	898.877262	898.704938	867.897667	867.699164	
15.72647	898.877262	898.704938	867.897667	867.699164	
15.73661	898.877262	898.704938	867.897667	867.699164	
15.74702	898.877262	898.704938	867.897667	867.699164	
15.75694	898.877262	898.704938	867.897667	867.699164	
15.76748	898.877262	898.704938	867.897667	867.699164	
15.77729	898.877262	898.704938	867.897667	867.699164	
15.78746	898.877262	898.704938	867.897667	867.699164	
15.79767	898.877262	898.704938	867.897667	867.699164	
15.80772	898.877262	898.704938	867.897667	867.699164	
15.81787	898.877262	898.704938	867.897667	867.699164	
15.82803	898.877262	898.704938	867.897667	867.699164	
15.83822	898.877262	898.704938	867.897667	867.699164	
15.84834	898.877262	898.704938	867.897667	867.699164	
15.85849	898.877262	898.704938	867.897667	867.699164	
15.86977	898.877262	898.704938	867.897667	867.699164	
15.87966	898.877262	898.704938	867.897667	867.699164	
15.88978	898.877262	898.704938	867.897667	867.699164	
15.89992	898.877262	898.704938	867.897667	867.699164	
15.91051	898.877262	898.704938	867.897667	867.699164	
15.92026	898.877262	898.704938	867.897667	867.699164	
15.93041	898.877262	898.704938	867.897667	867.699164	
15.94055	898.877262	898.704938	867.897667	867.699164	
15.9507	898.877262	898.704938	867.897667	867.699164	
15.96083	898.877262	898.704938	867.897667	867.699164	
15.97241	898.877262	898.704938	867.897667	867.699164	
15.98225	898.877262	898.704938	867.897667	867.699164	
15.99241	898.877262	898.704938	867.897667	867.699164	
16.00253	898.877262	898.704938	867.897667	867.699164	
16.021	898.877262	898.704938	867.897667	867.699164	
16.02557	898.877262	898.704938	867.897667	867.699164	
16.03569	898.877262	898.704938	867.897667	867.699164	
16.04592	898.877262	898.704938	867.897667	867.699164	
16.05598	898.877262	898.704938	867.897667	867.699164	
16.06614	898.877262	898.704938	867.897667	867.699164	
16.07667	898.877262	898.704938	867.897667	867.699164	
16.08664	898.877262	898.704938	867.897667	867.699164	
16.09665	898.877262	898.704938	867.897667	867.699164	
16.10677	898.877262	898.704938	867.897667	867.699164	
16.11698	898.877262	898.704938	867.897667	867.699164	
16.12722	898.877262	898.704938	867.897667	867.699164	
16.13731	898.877262	898.704938	867.897667	867.699164	
16.14746	898.877262	898.704938	867.897667	867.699164	
16.15766	898.877262	898.704938	867.897667	867.699164	
16.1678	898.877262	898.704938	867.897667	867.699164	
16.17829	898.877262	898.704938	867.897667	867.699164	
16.18817	898.877262	898.704938	867.897667	867.699164	
16.19828	898.877262	898.704938	867.897667	867.699164	
16.20842	898.877262	898.704938	867.897667	867.699164	
16.21853	898.877262	898.704938	867.897667	867.699164	
16.22874	898.877262	898.704938	867.897667	867.699164	
16.23888	898.877262	898.704938	867.897667	867.699164	
16.24903	898.877262	898.704938	867.897667	867.699164	
16.25921	898.877262	898.704938	867.897667	867.699164	
16.26934	898.877262	898.704938	867.897667	867.699164	
16.28047	898.877262	898.704938	867.897667	867.707891	
16.29034	898.877262	898.704938	867.897667	867.707891	
16.30052	898.877262	898.704938	867.897667	867.707891	
16.31063	898.877262	898.704938	867.897667	867.716618	
16.32072	898.877262	898.704938	867.897667	867.725344	
16.33093	898.877262	898.704938	867.897667	867.734071	
16.34108	898.877262	898.704938	867.897667	867.742798	
16.35131	898.877262	898.704938	867.897667	867.742798	
16.36138	898.877262	898.704938	867.897667	867.751524	
16.37195	898.877262	898.704938	867.897667	867.760251	
16.38339	898.877262	898.704938	867.897667	867.768977	
16.39317	898.877262	898.704938	867.897667	867.777704	
16.40331	898.877262	898.704938	867.897667	867.777704	
16.41348	898.877262	898.704938	867.897667	867.795157	
16.42364	898.877262	898.704938	867.897667	867.803884	
16.43376	898.877262	898.704938	867.897667	867.812611	
16.44392	898.877262	898.704938	867.897667	867.821337	
16.45409	898.877262	898.704938	867.897667	867.830064	
16.46421	898.877262	898.704938	867.897667	867.838791	
16.47471	898.877262	898.704938	867.897667	867.847517	
16.48618	898.877262	898.704938	867.897667	867.864971	
16.49595	898.877262	898.704938	867.897667	867.882424	
16.5061	898.877262	898.704938	867.897667	867.89115	
16.5163	898.877262	898.704938	867.897667	867.899877	
16.52641	898.877262	898.704938	867.897667	867.91733	
16.53655	898.877262	898.704938	867.897667	867.926057	
16.54669	898.877262	898.704938	867.897667	867.934784	
16.55691	898.877262	898.704938	867.897667	867.94351	
16.57495	898.877262	898.704938	867.897667	867.952237	
16.5795	898.877262	898.704938	867.897667	867.952237	
16.58997	898.877262	898.704938	867.897667	867.952237	
16.59983	898.877262	898.704938	867.897667	867.960964	
16.61	898.877262	898.704938	867.897667	867.960964	
16.62023	898.877262	898.704938	867.897667	867.960964	
16.63058	898.877262	898.704938	867.897667	867.952237	
16.64044	898.877262	898.704938	867.897667	867.952237	
16.65062	898.877262	898.704938	867.897667	867.952237	
16.66076	898.877262	898.704938	867.897667	867.952237	
16.67091	898.877262	898.704938	867.897667	867.952237	
16.68102	898.877262	898.704938	867.897667	867.952237	
16.69156	898.877262	898.704938	867.897667	867.94351	
16.70168	898.877262	898.704938	867.897667	867.94351	
16.71172	898.877262	898.704938	867.897667	867.934784	
16.72185	898.877262	898.704938	867.897667	867.934784	
16.73208	898.877262	898.704938	867.897667	867.926057	
16.74218	898.877262	898.704938	867.897667	867.91733	
16.75229	898.877262	898.704938	867.897667	867.91733	
16.76369	898.877262	898.704938	867.897667	867.908604	
16.78225	898.877262	898.704938	867.897667	867.899877	
16.78682	898.877262	898.704938	867.897667	867.899877	
16.79958	898.877262	898.704938	867.897667	867.89115	
16.80971	898.877262	898.704938	867.897667	867.89115	
16.81982	898.877262	898.704938	867.897667	867.882424	
16.82998	898.877262	898.704938	867.897667	867.882424	
16.84011	898.877262	898.704938	867.897667	867.882424	
16.85062	898.877262	898.704938	867.897667	867.89115	
16.86073	898.877262	898.704938	867.897667	867.89115	
16.87087	898.877262	898.704938	867.897667	867.89115	
16.88099	898.877262	898.704938	867.897667	867.899877	
16.89383	898.877262	898.704938	867.897667	867.899877	
16.90137	898.877262	898.704938	867.897667	867.899877	
16.91154	898.877262	898.704938	867.897667	867.899877	
16.92163	898.877262	898.704938	867.897667	867.899877	
16.93175	898.877262	898.704938	867.897667	867.89115	
16.94205	898.877262	898.704938	867.897667	867.89115	
16.95206	898.877262	898.704938	867.897667	867.89115	
16.96221	898.877262	898.704938	867.897667	867.89115	
16.97239	898.877262	898.704938	867.897667	867.89115	
16.98248	898.877262	898.704938	867.897667	867.89115	
17.00149	898.877262	898.704938	867.897667	867.89115	
17.00611	898.877262	898.704938	867.897667	867.89115	
17.01624	898.877262	898.704938	867.897667	867.89115	
17.02639	898.877262	898.704938	867.897667	867.89115	
17.03653	898.877262	898.704938	867.897667	867.89115	
17.04673	898.877262	898.704938	867.897667	867.89115	
17.05687	898.877262	898.704938	867.897667	867.89115	
17.06699	898.877262	898.704938	867.897667	867.89115	
17.07719	898.877262	898.704938	867.897667	867.89115	
17.08753	898.877262	898.704938	867.897667	867.89115	
17.09931	898.877262	898.704938	867.897667	867.89115	
17.10766	898.877262	898.704938	867.897667	867.89115	
17.11796	898.877262	898.704938	867.897667	867.89115	
17.12796	898.877262	898.704938	867.897667	867.89115	
17.13807	898.877262	898.704938	867.897667	867.89115	
17.14829	898.877262	898.704938	867.897667	867.89115	
17.15842	898.877262	898.704938	867.897667	867.89115	
17.16855	898.877262	898.704938	867.897667	867.89115	
17.17872	898.877262	898.704938	867.897667	867.89115	
17.18884	898.877262	898.704938	867.897667	867.89115	
17.20173	898.877262	898.704938	867.897667	867.89115	
17.20924	898.877262	898.704938	867.897667	867.89115	
17.21936	898.877262	898.704938	867.897667	867.89115	
17.22954	898.877262	898.704938	867.897667	867.89115	
17.23964	898.877262	898.704938	867.897667	867.89115	
17.24984	898.877262	898.704938	867.897667	867.89115	
17.25998	898.877262	898.704938	867.897667	867.89115	
17.27018	898.877262	898.704938	867.897667	867.89115	
17.2803	898.877262	898.704938	867.897667	867.89115	
17.29065	898.877262	898.704938	867.897667	867.89115	
17.30313	898.877262	898.704938	867.897667	867.89115	
17.3108	898.877262	898.704938	867.897667	867.89115	
17.32091	898.877262	898.704938	867.897667	867.89115	
17.33109	898.877262	898.704938	867.897667	867.89115	
17.3413	898.877262	898.704938	867.897667	867.89115	
17.35179	898.877262	898.704938	867.897667	867.89115	
17.36156	898.877262	898.704938	867.897667	867.89115	
17.37171	898.877262	898.704938	867.897667	867.89115	
17.38191	898.877262	898.704938	867.897667	867.89115	
17.39198	898.877262	898.704938	867.897667	867.89115	
17.40214	898.877262	898.704938	867.897667	867.89115	
17.41244	898.877262	898.704938	867.897667	867.89115	
17.42253	898.877262	898.704938	867.897667	867.89115	
17.43271	898.877262	898.704938	867.897667	867.89115	
17.44283	898.877262	898.704938	867.897667	867.89115	
17.45329	898.877262	898.704938	867.897667	867.89115	
17.46311	898.877262	898.704938	867.897667	867.89115	
17.47323	898.877262	898.704938	867.897667	867.89115	
17.48338	898.877262	898.704938	867.897667	867.89115	
17.4935	898.877262	898.704938	867.897667	867.89115	
17.50368	898.877262	898.704938	867.897667	867.89115	
17.51416	898.877262	898.704938	867.897667	867.89115	
17.52403	898.877262	898.704938	867.897667	867.89115	
17.54207	898.877262	898.704938	867.897667	867.89115	
17.5466	898.877262	898.704938	867.897667	867.89115	
17.5568	898.877262	898.704938	867.897667	867.89115	
17.56695	898.877262	898.704938	867.897667	867.89115	
17.57711	898.877262	898.704938	867.897667	867.89115	
17.58732	898.877262	898.704938	867.897667	867.89115	
17.59744	898.877262	898.704938	867.897667	867.89115	
17.61224	898.877262	898.704938	867.897667	867.89115	
17.61785	898.877262	898.704938	867.897667	867.89115	
17.62813	898.877262	898.704938	867.897667	867.89115	
17.63808	898.877262	898.704938	867.897667	867.89115	
17.64819	898.877262	898.704938	867.897667	867.89115	
17.65841	898.877262	898.704938	867.897667	867.89115	
17.66857	898.877262	898.704938	867.897667	867.89115	
17.67871	898.877262	898.704938	867.897667	867.89115	
17.68887	898.877262	898.704938	867.897667	867.89115	
17.69897	898.877262	898.704938	867.897667	867.89115	
17.70917	898.877262	898.704938	867.897667	867.89115	
17.7277	898.877262	898.704938	867.897667	867.89115	
17.74045	898.877262	898.704938	867.897667	867.89115	
17.74502	898.877262	898.704938	867.897667	867.89115	
17.75513	898.877262	898.704938	867.897667	867.89115	
17.76533	898.877262	898.704938	867.897667	867.89115	
17.77554	898.877262	898.704938	867.897667	867.89115	
17.78566	898.877262	898.704938	867.897667	867.89115	
17.79583	898.877262	898.704938	867.897667	867.89115	
17.80601	898.877262	898.704938	867.897667	867.89115	
17.81781	898.877262	898.704938	867.897667	867.89115	
17.82634	898.877262	898.704938	867.897667	867.89115	
17.83651	898.877262	898.704938	867.897667	867.89115	
17.84663	898.877262	898.704938	867.897667	867.89115	
17.85673	898.877262	898.704938	867.897667	867.89115	
17.86691	898.877262	898.704938	867.897667	867.89115	
17.87711	898.877262	898.704938	867.897667	867.89115	
17.88734	898.877262	898.704938	867.897667	867.89115	
17.89742	898.877262	898.704938	867.897667	867.89115	
17.90755	898.877262	898.704938	867.897667	867.89115	
17.92039	898.877262	898.704938	867.897667	867.89115	
17.9361	898.877262	898.704938	867.897667	867.89115	
17.94075	898.877262	898.704938	867.897667	867.89115	
17.95085	898.877262	898.704938	867.897667	867.89115	
17.96095	898.877262	898.704938	867.897667	867.89115	
17.97112	898.877262	898.704938	867.897667	867.89115	
17.98136	898.877262	898.704938	867.897667	867.89115	
17.99147	898.877262	898.704938	867.897667	867.89115	
18.00158	898.877262	898.704938	867.897667	867.89115	
18.01198	898.877262	898.704938	867.897667	867.89115	
18.02489	898.877262	898.704938	867.897667	867.89115	
18.03201	898.877262	898.704938	867.897667	867.89115	
18.04216	898.877262	898.704938	867.897667	867.89115	
18.05236	898.877262	898.704938	867.897667	867.89115	
18.06246	898.877262	898.704938	867.897667	867.89115	
18.08088	898.877262	898.704938	867.897667	867.89115	
18.08564	898.877262	898.704938	867.897667	867.89115	
18.09562	898.877262	898.704938	867.897667	867.89115	
18.10574	898.877262	898.704938	867.897667	867.89115	
18.11587	898.877262	898.704938	867.897667	867.89115	
18.12869	898.877262	898.704938	867.897667	867.89115	
18.13867	898.877262	898.704938	867.897667	867.89115	
18.14888	898.877262	898.704938	867.897667	867.89115	
18.15903	898.877262	898.704938	867.897667	867.89115	
18.16914	898.877262	898.704938	867.897667	867.89115	
18.17937	898.877262	898.704938	867.897667	867.89115	
18.18952	898.877262	898.704938	867.897667	867.89115	
18.19966	898.877262	898.704938	867.897667	867.89115	
18.2098	898.877262	898.704938	867.897667	867.89115	
18.21996	898.877262	898.704938	867.897667	867.89115	
18.23179	898.877262	898.704938	867.897667	867.89115	
18.24138	898.877262	898.704938	867.897667	867.89115	
18.25155	898.877262	898.704938	867.897667	867.89115	
18.26172	898.877262	898.704938	867.897667	867.89115	
18.27202	898.877262	898.704938	867.897667	867.89115	
18.28196	898.877262	898.704938	867.897667	867.89115	
18.29211	898.877262	898.704938	867.897667	867.89115	
18.3023	898.877262	898.704938	867.897667	867.89115	
18.31238	898.877262	898.704938	867.897667	867.89115	
18.32254	898.877262	898.704938	867.897667	867.89115	
18.334	898.877262	898.704938	867.897667	867.89115	
18.34401	898.877262	898.704938	867.897667	867.89115	
18.35419	898.877262	898.704938	867.897667	867.89115	
18.36431	898.877262	898.704938	867.897667	867.89115	
18.37478	898.877262	898.704938	867.897667	867.89115	
18.38483	898.877262	898.704938	867.897667	867.89115	
18.395	898.877262	898.704938	867.897667	867.89115	
18.4052	898.877262	898.704938	867.897667	867.89115	
18.4154	898.877262	898.704938	867.897667	867.89115	
18.4255	898.877262	898.704938	867.897667	867.89115	
18.43684	898.877262	898.704938	867.897667	867.89115	
18.44676	898.877262	898.704938	867.897667	867.89115	
18.45689	898.877262	898.704938	867.897667	867.89115	
18.46706	898.877262	898.704938	867.897667	867.89115	
18.4772	898.877262	898.704938	867.897667	867.89115	
18.48747	898.877262	898.704938	867.897667	867.89115	
18.49755	898.877262	898.704938	867.897667	867.89115	
18.50771	898.877262	898.704938	867.897667	867.89115	
18.51795	898.877262	898.704938	867.897667	867.89115	
18.52799	898.877262	898.704938	867.897667	867.89115	
18.54742	898.877262	898.704938	867.897667	867.89115	
18.55203	898.877262	898.704938	867.897667	867.89115	
18.56215	898.877262	898.704938	867.897667	867.89115	
18.5723	898.877262	898.704938	867.897667	867.89115	
18.58247	898.877262	898.704938	867.897667	867.89115	
18.5927	898.877262	898.704938	867.897667	867.89115	
18.60282	898.877262	898.704938	867.897667	867.89115	
18.61367	898.877262	898.704938	867.897667	867.89115	
18.62379	898.877262	898.704938	867.897667	867.89115	
18.63392	898.877262	898.704938	867.897667	867.89115	
18.65215	898.877262	898.704938	867.897667	867.89115	
18.65676	898.877262	898.704938	867.897667	867.89115	
18.66691	898.877262	898.704938	867.897667	867.89115	
18.67707	898.877262	898.704938	867.897667	867.89115	
18.68726	898.877262	898.704938	867.897667	867.89115	
18.69739	898.877262	898.704938	867.897667	867.89115	
18.70755	898.877262	898.704938	867.897667	867.89115	
18.71771	898.877262	898.704938	867.897667	867.89115	
18.72781	898.877262	898.704938	867.897667	867.89115	
18.74054	898.877262	898.704938	867.897667	867.89115	
18.74823	898.877262	898.704938	867.897667	867.89115	
18.75832	898.877262	898.704938	867.897667	867.89115	
18.77806	898.877262	898.704938	867.897667	867.89115	
18.79096	898.877262	898.704938	867.897667	867.89115	
18.79553	898.877262	898.704938	867.897667	867.89115	
18.8057	898.877262	898.704938	867.897667	867.89115	
18.81582	898.877262	898.704938	867.897667	867.89115	
18.82594	898.877262	898.704938	867.897667	867.89115	
18.83613	898.877262	898.704938	867.897667	867.89115	
18.85543	898.877262	898.704938	867.897667	867.89115	
18.86004	898.877262	898.704938	867.897667	867.89115	
18.87023	898.877262	898.704938	867.897667	867.89115	
18.88046	898.877262	898.704938	867.897667	867.89115	
18.89065	898.877262	898.704938	867.897667	867.89115	
18.90067	898.877262	898.704938	867.897667	867.89115	
18.91091	898.877262	898.704938	867.897667	867.89115	
18.9209	898.877262	898.704938	867.897667	867.89115	
18.9311	898.877262	898.704938	867.897667	867.89115	
18.9412	898.877262	898.704938	867.897667	867.89115	
18.95154	898.877262	898.704938	867.897667	867.89115	
18.96161	898.877262	898.704938	867.897667	867.89115	
18.97173	898.877262	898.704938	867.897667	867.89115	
18.98194	898.877262	898.704938	867.897667	867.89115	
18.99207	898.877262	898.704938	867.897667	867.89115	
19.00219	898.877262	898.704938	867.897667	867.89115	
19.01232	898.877262	898.704938	867.897667	867.89115	
19.02249	898.877262	898.704938	867.897667	867.89115	
19.03266	898.877262	898.704938	867.897667	867.89115	
19.04337	898.877262	898.704938	867.897667	867.89115	
19.05294	898.877262	898.704938	867.897667	867.89115	
19.06311	898.877262	898.704938	867.897667	867.89115	
19.07325	898.877262	898.704938	867.897667	867.89115	
19.0834	898.877262	898.704938	867.897667	867.89115	
19.09362	898.877262	898.713665	867.897667	867.89115	
19.10368	898.877262	898.722392	867.897667	867.89115	
19.11386	898.877262	898.722392	867.897667	867.89115	
19.12401	898.877262	898.722392	867.897667	867.89115	
19.13424	898.877262	898.731118	867.897667	867.89115	
19.14473	898.877262	898.739845	867.897667	867.89115	
19.15529	898.877262	898.748572	867.897667	867.89115	
19.16548	898.877262	898.757298	867.897667	867.89115	
19.17566	898.877262	898.757298	867.897667	867.89115	
19.18578	898.877262	898.774752	867.897667	867.89115	
19.19634	898.877262	898.774752	867.897667	867.89115	
19.20616	898.877262	898.783478	867.897667	867.89115	
19.21626	898.877262	898.792205	867.897667	867.89115	
19.22645	898.877262	898.800932	867.897667	867.89115	
19.23661	898.877262	898.809658	867.897667	867.89115	
19.24675	898.877262	898.809658	867.897667	867.89115	
19.25803	898.877262	898.818385	867.897667	867.89115	
19.2682	898.877262	898.827111	867.897667	867.89115	
19.2784	898.877262	898.827111	867.897667	867.89115	
19.28851	898.877262	898.835838	867.897667	867.89115	
19.29863	898.877262	898.844565	867.897667	867.89115	
19.30882	898.877262	898.853291	867.897667	867.89115	
19.31892	898.877262	898.862018	867.897667	867.89115	
19.32913	898.877262	898.870745	867.897667	867.89115	
19.33926	898.877262	898.879471	867.897667	867.89115	
19.34939	898.877262	898.879471	867.897667	867.89115	
19.35999	898.877262	898.888198	867.897667	867.89115	
19.3702	898.877262	898.896925	867.897667	867.89115	
19.3803	898.877262	898.896925	867.897667	867.89115	
19.39046	898.877262	898.896925	867.897667	867.89115	
19.40069	898.877262	898.896925	867.897667	867.89115	
19.41078	898.877262	898.896925	867.897667	867.89115	
19.42093	898.877262	898.888198	867.897667	867.89115	
19.43105	898.877262	898.888198	867.897667	867.89115	
19.44117	898.877262	898.888198	867.897667	867.89115	
19.45178	898.877262	898.888198	867.897667	867.89115	
19.46156	898.877262	898.888198	867.897667	867.89115	
19.47169	898.877262	898.879471	867.897667	867.89115	
19.48181	898.877262	898.879471	867.897667	867.89115	
19.49196	898.877262	898.879471	867.897667	867.89115	
19.50216	898.877262	898.879471	867.897667	867.89115	
19.51229	898.877262	898.879471	867.897667	867.89115	
19.52241	898.877262	898.879471	867.897667	867.89115	
19.5326	898.877262	898.879471	867.897667	867.89115	
19.54278	898.877262	898.879471	867.897667	867.89115	
19.55287	898.877262	898.879471	867.897667	867.89115	
19.56302	898.877262	898.879471	867.897667	867.89115	
19.57315	898.877262	898.879471	867.897667	867.89115	
19.58326	898.877262	898.879471	867.897667	867.89115	
19.59345	898.877262	898.879471	867.897667	867.89115	
19.60359	898.877262	898.879471	867.897667	867.89115	
19.62388	898.877262	898.879471	867.897667	867.89115	
19.62842	898.877262	898.879471	867.897667	867.89115	
19.63857	898.877262	898.879471	867.897667	867.89115	
19.64869	898.877262	898.879471	867.897667	867.89115	
19.6589	898.877262	898.879471	867.897667	867.89115	
19.66905	898.877262	898.879471	867.897667	867.89115	
19.67921	898.877262	898.879471	867.897667	867.89115	
19.68936	898.877262	898.879471	867.897667	867.89115	
19.6995	898.877262	898.879471	867.897667	867.89115	
19.70968	898.877262	898.879471	867.897667	867.89115	
19.71983	898.877262	898.879471	867.897667	867.89115	
19.72998	898.877262	898.879471	867.897667	867.89115	
19.74013	898.877262	898.879471	867.897667	867.89115	
19.75033	898.877262	898.879471	867.897667	867.89115	
19.76044	898.877262	898.879471	867.897667	867.89115	
19.77058	898.877262	898.879471	867.897667	867.89115	
19.78076	898.877262	898.879471	867.897667	867.89115	
19.79089	898.877262	898.879471	867.897667	867.89115	
19.80103	898.877262	898.879471	867.897667	867.89115	
19.8112	898.877262	898.879471	867.897667	867.89115	
19.82938	898.877262	898.879471	867.897667	867.89115	
19.83396	898.877262	898.879471	867.897667	867.89115	
19.84412	898.877262	898.879471	867.897667	867.89115	
19.85435	898.877262	898.879471	867.897667	867.89115	
19.86441	898.877262	898.879471	867.897667	867.89115	
19.87458	898.877262	898.879471	867.897667	867.89115	
19.88477	898.877262	898.879471	867.897667	867.89115	
19.89491	898.877262	898.879471	867.897667	867.89115	
19.90506	898.877262	898.879471	867.897667	867.89115	
19.91533	898.877262	898.879471	867.897667	867.89115	
19.92552	898.877262	898.879471	867.897667	867.89115	
19.93572	898.877262	898.879471	867.897667	867.89115	
19.94584	898.877262	898.879471	867.897667	867.89115	
19.95603	898.877262	898.879471	867.897667	867.89115	
19.96623	898.877262	898.879471	867.897667	867.89115	
19.97634	898.877262	898.879471	867.897667	867.89115	
19.98649	898.877262	898.879471	867.897667	867.89115	
19.99672	898.877262	898.879471	867.897667	867.89115	
20.00682	898.877262	898.879471	867.897667	867.89115	
20.01696	898.877262	898.879471	867.897667	867.89115	
20.02712	898.877262	898.879471	867.897667	867.89115	
20.03733	898.877262	898.879471	867.897667	867.89115	
20.04755	898.877262	898.879471	867.897667	867.89115	
20.05762	898.877262	898.879471	867.897667	867.89115	
20.06775	898.877262	898.879471	867.897667	867.89115	
20.07798	898.877262	898.879471	867.897667	867.89115	
20.08824	898.877262	898.879471	867.897667	867.89115	
20.09824	898.877262	898.879471	867.897667	867.89115	
20.10836	898.877262	898.879471	867.897667	867.89115	
20.11855	898.877262	898.879471	867.897667	867.89115	
20.12871	898.877262	898.879471	867.897667	867.89115	
20.13886	898.877262	898.879471	867.897667	867.89115	
20.14905	898.877262	898.879471	867.897667	867.89115	
20.15922	898.877262	898.879471	867.897667	867.89115	
20.16932	898.877262	898.879471	867.897667	867.89115	
20.17952	898.877262	898.879471	867.897667	867.89115	
20.18961	898.877262	898.879471	867.897667	867.89115	
20.19985	898.877262	898.879471	867.897667	867.89115	
20.20997	898.877262	898.879471	867.897667	867.89115	
20.22011	898.877262	898.879471	867.897667	867.89115	
20.23032	898.877262	898.879471	867.897667	867.89115	
20.24064	898.877262	898.879471	867.897667	867.89115	
20.25059	898.877262	898.879471	867.897667	867.89115	
20.26076	898.877262	898.879471	867.897667	867.89115	
20.27088	898.877262	898.879471	867.897667	867.89115	
20.28102	898.877262	898.879471	867.897667	867.89115	
20.29116	898.877262	898.879471	867.897667	867.89115	
20.30138	898.877262	898.879471	867.897667	867.89115	
20.31156	898.877262	898.879471	867.897667	867.89115	
20.32164	898.877262	898.879471	867.897667	867.89115	
20.33178	898.877262	898.879471	867.897667	867.89115	
20.34199	898.877262	898.879471	867.897667	867.89115	
20.35209	898.877262	898.879471	867.897667	867.89115	
20.36224	898.877262	898.879471	867.897667	867.89115	
20.37239	898.877262	898.879471	867.897667	867.89115	
20.38255	898.877262	898.879471	867.897667	867.89115	
20.40053	898.877262	898.879471	867.897667	867.89115	
20.4051	898.877262	898.879471	867.897667	867.89115	
20.41529	898.877262	898.879471	867.897667	867.89115	
20.4254	898.877262	898.879471	867.897667	867.89115	
20.43558	898.877262	898.879471	867.897667	867.89115	
20.44575	898.877262	898.879471	867.897667	867.89115	
20.45589	898.877262	898.879471	867.897667	867.89115	
20.46618	898.877262	898.879471	867.897667	867.89115	
20.4762	898.877262	898.879471	867.897667	867.89115	
20.48641	898.877262	898.879471	867.897667	867.89115	
20.49652	898.877262	898.879471	867.897667	867.89115	
20.50667	898.877262	898.879471	867.897667	867.89115	
20.51688	898.877262	898.879471	867.897667	867.89115	
20.52701	898.877262	898.879471	867.897667	867.89115	
20.53753	898.877262	898.879471	867.897667	867.89115	
20.54771	898.877262	898.879471	867.897667	867.89115	
20.55788	898.877262	898.879471	867.897667	867.89115	
20.56797	898.877262	898.879471	867.897667	867.89115	
20.57813	898.877262	898.879471	867.897667	867.89115	
20.58845	898.877262	898.879471	867.897667	867.89115	
20.59851	898.877262	898.879471	867.897667	867.89115	
20.6086	898.877262	898.879471	867.897667	867.89115	
20.61878	898.877262	898.879471	867.897667	867.89115	
20.62892	898.877262	898.879471	867.897667	867.89115	
20.63904	898.877262	898.879471	867.897667	867.89115	
20.64916	898.877262	898.879471	867.897667	867.89115	
20.65939	898.877262	898.879471	867.897667	867.89115	
20.66957	898.877262	898.879471	867.897667	867.89115	
20.67976	898.877262	898.879471	867.897667	867.89115	
20.68989	898.877262	898.879471	867.897667	867.89115	
20.70003	898.877262	898.879471	867.897667	867.89115	
20.71028	898.877262	898.879471	867.897667	867.89115	
20.72034	898.877262	898.879471	867.897667	867.89115	
20.73048	898.877262	898.879471	867.897667	867.89115	
20.74066	898.877262	898.879471	867.897667	867.89115	
20.7508	898.877262	898.879471	867.897667	867.89115	
20.76122	898.877262	898.879471	867.897667	867.89115	
20.77987	898.877262	898.879471	867.897667	867.89115	
20.78456	898.877262	898.879471	867.897667	867.89115	
20.7947	898.877262	898.879471	867.897667	867.89115	
20.80491	898.877262	898.879471	867.897667	867.89115	
20.81499	898.877262	898.879471	867.897667	867.89115	
20.82517	898.877262	898.879471	867.897667	867.89115	
20.83532	898.877262	898.879471	867.897667	867.89115	
20.84549	898.877262	898.879471	867.897667	867.89115	
20.85568	898.877262	898.879471	867.897667	867.89115	
20.87385	898.877262	898.879471	867.897667	867.89115	
20.87846	898.877262	898.879471	867.897667	867.89115	
20.88857	898.877262	898.879471	867.897667	867.89115	
20.89872	898.877262	898.879471	867.897667	867.89115	
20.9089	898.877262	898.879471	867.897667	867.89115	
20.91899	898.877262	898.879471	867.897667	867.89115	
20.92919	898.877262	898.879471	867.897667	867.89115	
20.93933	898.877262	898.879471	867.897667	867.89115	
20.9495	898.877262	898.879471	867.897667	867.89115	
20.95969	898.877262	898.879471	867.897667	867.89115	
20.96982	898.877262	898.879471	867.897667	867.89115	
20.97995	898.877262	898.879471	867.897667	867.89115	
20.99019	898.877262	898.879471	867.897667	867.89115	
21.00027	898.877262	898.879471	867.897667	867.89115	
21.01041	898.877262	898.879471	867.897667	867.89115	
21.02054	898.877262	898.879471	867.897667	867.89115	
21.03071	898.877262	898.879471	867.897667	867.89115	
21.04078	898.877262	898.879471	867.897667	867.89115	
21.051	898.877262	898.879471	867.897667	867.89115	
21.06112	898.877262	898.879471	867.897667	867.89115	
21.07124	898.877262	898.879471	867.897667	867.89115	
21.08147	898.877262	898.879471	867.897667	867.89115	
21.09177	898.877262	898.879471	867.897667	867.89115	
21.10172	898.877262	898.879471	867.897667	867.89115	
21.11189	898.877262	898.879471	867.897667	867.89115	
21.12206	898.877262	898.879471	867.897667	867.89115	
21.13219	898.877262	898.879471	867.897667	867.89115	
21.14238	898.877262	898.879471	867.897667	867.89115	
21.15249	898.877262	898.879471	867.897667	867.89115	
21.16271	898.877262	898.879471	867.897667	867.89115	
21.17289	898.877262	898.879471	867.897667	867.89115	
21.18305	898.877262	898.879471	867.897667	867.89115	
21.19312	898.877262	898.879471	867.897667	867.89115	
21.21469	898.877262	898.879471	867.897667	867.89115	
21.22513	898.877262	898.879471	867.897667	867.89115	
