3.534332	
3.544532	
3.555005	
3.564763	
3.574865	
3.585044	
3.595199	
3.605326	
3.615452	
3.625651	
3.635767	
3.653792	
3.658197	
3.668404	
3.678508	
3.688662	
3.698899	
3.708974	
3.719116	
3.729311	
3.739458	
3.749599	
3.759731	
3.769909	
3.780113	
3.790199	
3.80035	
3.810537	
3.820645	
3.83108	
3.841027	
3.851239	
3.861346	
3.871448	
3.88168	
3.891786	
3.901922	
3.91207	
3.922194	
3.932538	
3.94251	
3.952649	
3.962889	
3.97296	
3.983088	
3.993244	
4.003601	
4.013624	
4.033093	
4.037653	
4.047786	
4.057937	
4.068048	
4.078198	
4.088349	
4.098607	
4.108844	
4.118981	
4.129104	
4.139328	
4.149455	
4.159607	
4.169718	
4.179901	
4.190066	
4.200183	
4.21031	
4.220504	
4.230673	
4.240812	
4.251077	
4.261124	
4.271266	
4.281475	
4.291587	
4.301728	
4.311875	
4.321989	
4.332178	
4.34232	
4.352509	
4.362593	
4.372774	
4.382903	
4.393011	
4.403248	
4.413399	
4.42351	
4.433671	
4.443938	
4.453975	
4.464095	
4.474236	
4.484408	
4.494582	
4.505622	
4.514883	
4.524933	
4.535053	
4.545274	
4.555414	
4.565556	
4.57569	
4.585881	
4.596459	
4.606131	
4.61628	
4.626527	
4.636711	
4.646795	
4.656918	
4.667174	
4.677256	
4.687479	
4.697618	
4.707699	
4.718022	
4.728166	
4.738343	
4.748581	
4.758708	
4.768876	
4.780513	1138.88092	1138.8797	1107.90132	1107.9001	
4.790522	1138.88252	1138.8797	1107.90292	1107.9001	
4.800632	1138.88475	1138.8797	1107.90515	1107.9001	
4.810819	1138.88762	1138.8797	1107.90803	1107.9001	
4.821069	1138.89115	1138.8797	1107.91156	1107.9001	
4.831255	1138.89527	1138.88842	1107.91568	1107.9001	
4.841389	1138.89999	1138.88842	1107.92039	1107.90883	
4.851574	1138.90535	1138.89715	1107.92576	1107.91756	
4.861673	1138.91128	1138.89715	1107.93169	1107.91756	
4.871897	1138.91792	1138.89715	1107.93832	1107.92628	
4.883162	1138.92602	1138.90588	1107.94643	1107.93501	
4.893226	1138.93383	1138.9146	1107.95424	1107.93501	
4.903414	1138.94237	1138.92333	1107.96277	1107.94374	
4.913558	1138.95148	1138.93206	1107.97189	1107.95246	
4.92387	1138.96139	1138.94078	1107.9818	1107.96119	
4.933837	1138.97156	1138.94951	1107.99197	1107.96119	
4.943977	1138.98252	1138.96696	1108.00292	1107.96992	
4.954132	1138.99412	1138.97569	1108.01452	1107.96992	
4.964271	1139.00631	1138.99314	1108.02671	1107.97864	
4.974371	1139.01907	1139.00187	1108.03948	1107.98737	
4.985742	1139.03425	1139.01932	1108.05466	1108.00482	
5.003792	1139.06068	1139.02805	1108.08108	1108.01355	
5.008454	1139.06743	1139.0455	1108.08784	1108.03973	
5.018543	1139.08285	1139.06296	1108.10326	1108.05718	
5.028717	1139.09903	1139.07168	1108.11943	1108.07464	
5.03888	1139.1158	1139.08914	1108.1362	1108.10954	
5.04903	1139.13317	1139.10659	1108.15357	1108.13572	
5.059234	1139.15126	1139.12404	1108.17166	1108.1619	
5.069314	1139.16973	1139.1415	1108.19013	1108.18808	
5.07949	1139.18901	1139.16768	1108.20942	1108.21426	
5.089765	1139.20911	1139.19386	1108.22952	1108.24917	
5.099895	1139.22954	1139.21131	1108.24994	1108.26662	
5.11004	1139.25061	1139.23749	1108.27101	1108.2928	
5.120152	1139.27222	1139.26367	1108.29263	1108.31025	
5.130364	1139.29469	1139.28112	1108.3151	1108.33643	
5.14056	1139.31774	1139.31603	1108.33814	1108.35389	
5.150668	1139.34121	1139.33348	1108.36161	1108.37134	
5.160817	1139.36538	1139.35966	1108.38578	1108.38879	
5.17101	1139.39029	1139.38584	1108.41069	1108.39752	
5.181148	1139.41566	1139.4033	1108.43607	1108.41497	
5.19369	1139.44813	1139.42948	1108.46853	1108.4237	
5.203733	1139.47463	1139.45566	1108.49504	1108.44115	
5.213849	1139.50193	1139.47311	1108.52234	1108.45861	
5.22399	1139.52994	1139.49056	1108.55034	1108.47606	
5.234161	1139.55864	1139.51674	1108.57905	1108.50224	
5.244339	1139.58798	1139.54292	1108.60838	1108.52842	
5.254536	1139.618	1139.56038	1108.63841	1108.56333	
5.264645	1139.64839	1139.59528	1108.6688	1108.60696	
5.274781	1139.67946	1139.63019	1108.69986	1108.65059	
5.285189	1139.71204	1139.66509	1108.73244	1108.70295	
5.296572	1139.74848	1139.7	1108.76888	1108.75531	
5.306461	1139.78065	1139.74363	1108.80105	1108.80767	
5.316629	1139.81438	1139.78727	1108.83479	1108.85131	
5.326732	1139.8485	1139.83963	1108.8689	1108.89494	
5.336947	1139.88363	1139.88326	1108.90404	1108.93857	
5.347142	1139.91932	1139.92689	1108.93972	1108.97348	
5.357202	1139.95512	1139.97925	1108.97553	1109.00839	
5.375234	1140.02171	1140.04907	1109.04211	1109.06947	
5.379769	1140.03839	1140.06652	1109.0588	1109.0782	
5.389953	1140.07664	1140.10143	1109.09705	1109.11311	
5.408365	1140.14833	1140.13633	1109.16874	1109.13929	
5.413061	1140.16652	1140.17997	1109.18693	1109.16547	
5.423183	1140.20657	1140.20615	1109.22698	1109.19165	
5.433335	1140.24756	1140.24105	1109.26796	1109.22655	
5.443931	1140.29063	1140.27596	1109.31104	1109.26146	
5.453682	1140.33095	1140.30214	1109.35136	1109.29637	
5.46381	1140.37349	1140.32832	1109.39389	1109.33127	
5.473988	1140.41686	1140.36323	1109.43727	1109.37491	
5.4841	1140.46056	1140.39813	1109.48097	1109.41854	
5.494225	1140.50497	1140.43304	1109.52537	1109.4709	
5.504545	1140.55101	1140.4854	1109.57141	1109.52326	
5.514619	1140.59619	1140.53776	1109.61659	1109.57562	
5.524797	1140.64266	1140.59012	1109.66307	1109.62798	
5.534911	1140.68946	1140.64248	1109.70987	1109.68907	
5.545277	1140.73809	1140.70357	1109.7585	1109.75015	
5.555252	1140.78543	1140.76465	1109.80583	1109.80251	
5.565347	1140.83397	1140.82574	1109.85438	1109.85487	
5.575481	1140.88333	1140.88683	1109.90374	1109.91596	
5.585659	1140.93353	1140.94791	1109.95393	1109.97704	
5.595775	1140.98403	1141.009	1110.00443	1110.0294	
5.606094	1141.03621	1141.06136	1110.05661	1110.08176	
5.616131	1141.0875	1141.11372	1110.1079	1110.13412	
5.626307	1141.14017	1141.15735	1110.16057	1110.17776	
5.636411	1141.19306	1141.20098	1110.21347	1110.23012	
5.646782	1141.24803	1141.24462	1110.26844	1110.27375	
5.656711	1141.30121	1141.28825	1110.32162	1110.30866	
5.66687	1141.35624	1141.32316	1110.37664	1110.35229	
5.677027	1141.41189	1141.36679	1110.4323	1110.39592	
5.687121	1141.46782	1141.4017	1110.48823	1110.44828	
5.6973	1141.52486	1141.44533	1110.54527	1110.49192	
5.70757	1141.58306	1141.49769	1110.60346	1110.54428	
5.717644	1141.64064	1141.55005	1110.66105	1110.59664	
5.727801	1141.69939	1141.61986	1110.71979	1110.65772	
5.737978	1141.75886	1141.68095	1110.77927	1110.71881	
5.748163	1141.81903	1141.75076	1110.83944	1110.7799	
5.758304	1141.87955	1141.8293	1110.89995	1110.84971	
5.7685	1141.941	1141.89912	1110.9614	1110.92825	
5.778645	1142.00277	1141.97766	1111.02317	1110.99806	
5.788766	1142.06502	1142.0562	1111.08542	1111.0766	
5.798972	1142.12841	1142.13474	1111.14882	1111.14641	
5.81003	1142.19787	1142.21328	1111.21827	1111.23368	
5.820158	1142.26206	1142.28309	1111.28247	1111.30349	
5.830333	1142.32718	1142.3529	1111.34758	1111.37331	
5.840508	1142.3929	1142.42272	1111.41331	1111.44312	
5.850637	1142.45893	1142.4838	1111.47934	1111.50421	
5.860814	1142.52594	1142.54489	1111.54635	1111.56529	
5.870991	1142.59353	1142.59725	1111.61394	1111.61765	
5.881136	1142.66156	1142.64961	1111.68196	1111.67001	
5.891312	1142.73038	1142.70197	1111.75078	1111.7311	
5.901421	1142.79938	1142.75433	1111.81979	1111.78346	
5.91269	1142.87713	1142.81541	1111.89754	1111.84455	
5.922818	1142.94756	1142.8765	1111.96797	1111.90563	
5.932953	1143.01865	1142.93759	1112.03906	1111.96672	
5.943115	1143.09053	1143.0074	1112.11094	1112.03653	
5.953206	1143.16257	1143.07721	1112.18298	1112.10635	
5.963502	1143.23667	1143.15575	1112.25708	1112.17616	
5.973556	1143.30964	1143.23429	1112.33005	1112.26343	
5.983699	1143.38388	1143.33029	1112.40429	1112.33324	
5.993887	1143.45907	1143.41755	1112.47948	1112.42923	
6.003953	1143.53401	1143.50482	1112.55441	1112.50777	
6.017186	1143.63479	1143.60954	1112.6552	1112.61249	
6.025498	1143.6965	1143.71426	1112.71691	1112.70848	
6.035643	1143.77391	1143.80153	1112.79432	1112.80448	
6.045746	1143.85161	1143.88879	1112.87201	1112.89174	
6.064217	1143.99623	1143.97606	1113.01664	1112.97901	
6.068858	1144.03246	1144.08078	1113.05287	1113.09246	
6.079019	1144.11265	1144.15059	1113.13306	1113.171	
6.089185	1144.19351	1144.23786	1113.21392	1113.25826	
6.099376	1144.27515	1144.30767	1113.29556	1113.3368	
6.109508	1144.35697	1144.37748	1113.37738	1113.40662	
6.119956	1144.44205	1144.4473	1113.46246	1113.47643	
6.129926	1144.52373	1144.51711	1113.54413	1113.54624	
6.14005	1144.60731	1144.58692	1113.62771	1113.61606	
6.150146	1144.69129	1144.65674	1113.71169	1113.67714	
6.160329	1144.7766	1144.72655	1113.79701	1113.73823	
6.170481	1144.8623	1144.79636	1113.8827	1113.80804	
6.180751	1144.94963	1144.88363	1113.97003	1113.88658	
6.192863	1145.05361	1144.96217	1114.07402	1113.96512	
6.200925	1145.123	1145.04944	1114.14341	1114.04366	
6.211165	1145.21191	1145.14543	1114.23232	1114.13093	
6.221593	1145.30321	1145.24142	1114.32362	1114.22692	
6.231481	1145.39024	1145.33742	1114.41065	1114.33164	
6.241619	1145.48013	1145.44213	1114.50053	1114.43636	
6.251796	1145.57096	1145.54685	1114.59137	1114.54981	
6.261906	1145.66183	1145.65157	1114.68224	1114.66325	
6.272094	1145.75404	1145.75629	1114.77445	1114.7767	
6.282265	1145.84671	1145.86101	1114.86711	1114.88142	
6.292594	1145.94149	1145.96573	1114.96189	1114.98614	
6.302676	1146.03454	1146.053	1115.05494	1115.09086	
6.312806	1146.12869	1146.14899	1115.1491	1115.19558	
6.323302	1146.22692	1146.24499	1115.24732	1115.29157	
6.33379	1146.32575	1146.33225	1115.34616	1115.37884	
6.343927	1146.42181	1146.41952	1115.44222	1115.4661	
6.354096	1146.51887	1146.49806	1115.53928	1115.54464	
6.364172	1146.61564	1146.5766	1115.63604	1115.62318	
6.374348	1146.71394	1146.66387	1115.73435	1115.70172	
6.384577	1146.81343	1146.75113	1115.83383	1115.78026	
6.394672	1146.91219	1146.8384	1115.9326	1115.8588	
6.404828	1147.01219	1146.93439	1116.03259	1115.94607	
6.415204	1147.11504	1147.03038	1116.13545	1116.03334	
6.425978	1147.22252	1147.1351	1116.24293	1116.13806	
6.436081	1147.32386	1147.23982	1116.34427	1116.24278	
6.446589	1147.42998	1147.35327	1116.45039	1116.3475	
6.456356	1147.52912	1147.46672	1116.54953	1116.46967	
6.46679	1147.63581	1147.58016	1116.65622	1116.59184	
6.476745	1147.73807	1147.69361	1116.75847	1116.71402	
6.486825	1147.84225	1147.81578	1116.86266	1116.83619	
6.49697	1147.94777	1147.93796	1116.96818	1116.96709	
6.507182	1148.05459	1148.0514	1117.075	1117.08926	
6.517267	1148.16075	1148.17358	1117.18115	1117.21143	
6.528668	1148.28186	1148.30447	1117.30226	1117.35106	
6.538846	1148.38987	1148.40919	1117.41028	1117.46451	
6.549001	1148.49862	1148.52264	1117.51903	1117.56923	
6.559116	1148.60756	1148.62736	1117.62796	1117.67395	
6.56929	1148.71785	1148.73208	1117.73825	1117.76994	
6.579494	1148.82896	1148.8368	1117.84937	1117.86593	
6.58958	1148.93944	1148.93279	1117.95984	1117.9532	
6.599759	1149.05155	1149.02879	1118.07196	1118.04919	
6.609881	1149.16369	1149.12478	1118.1841	1118.13646	
6.62009	1149.27741	1149.2295	1118.29781	1118.22373	
6.631391	1149.40412	1149.33422	1118.42452	1118.32844	
6.641582	1149.51892	1149.43894	1118.53933	1118.43316	
6.651748	1149.63405	1149.55239	1118.65445	1118.53788	
6.661875	1149.74938	1149.66583	1118.76978	1118.65133	
6.671993	1149.86525	1149.77928	1118.88566	1118.7735	
6.682195	1149.98267	1149.90145	1119.00308	1118.89568	
6.692347	1150.10014	1150.03235	1119.12055	1119.0353	
6.702487	1150.21806	1150.15452	1119.23846	1119.17493	
6.712646	1150.33687	1150.2767	1119.35728	1119.31456	
6.722773	1150.45589	1150.41632	1119.4763	1119.45418	
6.734114	1150.59004	1150.56468	1119.61044	1119.61126	
6.744278	1150.7108	1150.69558	1119.73121	1119.75089	
6.754429	1150.83208	1150.8352	1119.85249	1119.88179	
6.764608	1150.95423	1150.97483	1119.97464	1120.01269	
6.775023	1151.07925	1151.10573	1120.09965	1120.14359	
6.785028	1151.19929	1151.23663	1120.2197	1120.26576	
6.795236	1151.32177	1151.36753	1120.34217	1120.38793	
6.805299	1151.44256	1151.4897	1120.46296	1120.50138	
6.815429	1151.56411	1151.61187	1120.58451	1120.6061	
6.82556	1151.68571	1151.72532	1120.70612	1120.71082	
6.836771	1151.82021	1151.84749	1120.84062	1120.81554	
6.84692	1151.94201	1151.95221	1120.96242	1120.92026	
6.857488	1152.06886	1152.05693	1121.08927	1121.02498	
6.867285	1152.18634	1152.15293	1121.20675	1121.1297	
6.885713	1152.40751	1152.33619	1121.42792	1121.33914	
6.890302	1152.46257	1152.37982	1121.48298	1121.38277	
6.900476	1152.58466	1152.49326	1121.60506	1121.50494	
6.91061	1152.70624	1152.60671	1121.72665	1121.62712	
6.920714	1152.82787	1152.72016	1121.84828	1121.75802	
6.930923	1152.95001	1152.85106	1121.97042	1121.89764	
6.941516	1153.07721	1152.98196	1122.09762	1122.02854	
6.951263	1153.1941	1153.12158	1122.21451	1122.16817	
6.961652	1153.31882	1153.26121	1122.33922	1122.3078	
6.971644	1153.43866	1153.40956	1122.45907	1122.44742	
6.981695	1153.55925	1153.55792	1122.57966	1122.58705	
6.991897	1153.6817	1153.69754	1122.7021	1122.72667	
7.002059	1153.80365	1153.83717	1122.82406	1122.85757	
7.012212	1153.92553	1153.97679	1122.94593	1122.9972	
7.022347	1154.0471	1154.10769	1123.0675	1123.11937	
7.032454	1154.16838	1154.22987	1123.18879	1123.24155	
7.042942	1154.29432	1154.35204	1123.31473	1123.35499	
7.052896	1154.41366	1154.46549	1123.43407	1123.46844	
7.063021	1154.53517	1154.57021	1123.55558	1123.57316	
7.073148	1154.65673	1154.6662	1123.67714	1123.67788	
7.083318	1154.77873	1154.76219	1123.79913	1123.7826	
7.093512	1154.90107	1154.85819	1123.92147	1123.88732	
7.103625	1155.02242	1154.95418	1124.04283	1123.99204	
7.1138	1155.14452	1155.0589	1124.16493	1124.09676	
7.123921	1155.26599	1155.16362	1124.28639	1124.20148	
7.134017	1155.38721	1155.26834	1124.40762	1124.31492	
7.144788	1155.5164	1155.39924	1124.53681	1124.4371	
7.154892	1155.63767	1155.53014	1124.65808	1124.55054	
7.164999	1155.75891	1155.66104	1124.77932	1124.69017	
7.175153	1155.88077	1155.80066	1124.90118	1124.82107	
7.185294	1156.00249	1155.94029	1125.02289	1124.95197	
7.20481	1156.23671	1156.21954	1125.25712	1125.2225	
7.209366	1156.29133	1156.28063	1125.31173	1125.28358	
7.219558	1156.41362	1156.42898	1125.43402	1125.42321	
7.229651	1156.53473	1156.57734	1125.55514	1125.56283	
7.239824	1156.65683	1156.71696	1125.67724	1125.70246	
7.250101	1156.78022	1156.84786	1125.80062	1125.84209	
7.260181	1156.90019	1156.97876	1125.92059	1125.97299	
7.270344	1157.02061	1157.10093	1126.04102	1126.10389	
7.280515	1157.14054	1157.21438	1126.16095	1126.22606	
7.2908	1157.26117	1157.32783	1126.28157	1126.33078	
7.300921	1157.37922	1157.43255	1126.39963	1126.44423	
7.311021	1157.49644	1157.53727	1126.51685	1126.54895	
7.32115	1157.61342	1157.62453	1126.63382	1126.65367	
7.331354	1157.73063	1157.72053	1126.75104	1126.74966	
7.341468	1157.8462	1157.81652	1126.86661	1126.84565	
7.351713	1157.96269	1157.91251	1126.9831	1126.94164	
7.361844	1158.07716	1158.00851	1127.09756	1127.03764	
7.371973	1158.19106	1158.1045	1127.21146	1127.13363	
7.382152	1158.30491	1158.20922	1127.32532	1127.23835	
7.392242	1158.41713	1158.32266	1127.43753	1127.34307	
7.402464	1158.53026	1158.43611	1127.55066	1127.45652	
7.412649	1158.6423	1158.55828	1127.66271	1127.57869	
7.422783	1158.75317	1158.68046	1127.77358	1127.70086	
7.432931	1158.86382	1158.81136	1127.88423	1127.82304	
7.443042	1158.97308	1158.94226	1127.99348	1127.95394	
7.453635	1159.08716	1159.07316	1128.10757	1128.07611	
7.463498	1159.19255	1159.21278	1128.21296	1128.21574	
7.473652	1159.30065	1159.33496	1128.32106	1128.33791	
7.483832	1159.40834	1159.45713	1128.42875	1128.46008	
7.493907	1159.51436	1159.5793	1128.53477	1128.58225	
7.504087	1159.6208	1159.70147	1128.6412	1128.70443	
7.514246	1159.72643	1159.80619	1128.74684	1128.80915	
7.524394	1159.83137	1159.90219	1128.85178	1128.91387	
7.534574	1159.93597	1159.98945	1128.95638	1129.01859	
7.545024	1160.0428	1160.07672	1129.0632	1129.11458	
7.555438	1160.14849	1160.16399	1129.1689	1129.21057	
7.565508	1160.25013	1160.24253	1129.27054	1129.29784	
7.575643	1160.35184	1160.31234	1129.37224	1129.37638	
7.585849	1160.45361	1160.39961	1129.47402	1129.46365	
7.596422	1160.55844	1160.46942	1129.57884	1129.54219	
7.606108	1160.65386	1160.55669	1129.67427	1129.62073	
7.61628	1160.75348	1160.64395	1129.77389	1129.70799	
7.626365	1160.85163	1160.74867	1129.87203	1129.78653	
7.637209	1160.95651	1160.85339	1129.97692	1129.88252	
7.646788	1161.04859	1160.95811	1130.069	1129.97852	
7.658134	1161.15682	1161.09774	1130.17723	1130.10069	
7.668284	1161.2531	1161.21118	1130.27351	1130.20541	
7.678424	1161.34864	1161.33336	1130.36905	1130.31013	
7.68853	1161.44324	1161.45553	1130.46365	1130.4323	
7.698746	1161.53831	1161.56898	1130.55872	1130.54575	
7.708988	1161.63298	1161.69115	1130.65338	1130.6592	
7.719148	1161.72625	1161.79587	1130.74666	1130.77264	
7.729296	1161.81885	1161.90059	1130.83926	1130.88609	
7.739476	1161.91108	1161.99658	1130.93148	1130.99081	
7.749621	1162.00242	1162.08385	1131.02283	1131.0868	
7.760798	1162.10258	1162.17984	1131.12298	1131.19152	
7.770925	1162.19217	1162.24966	1131.21257	1131.27879	
7.781056	1162.28146	1162.31947	1131.30186	1131.35733	
7.791225	1162.37045	1162.38056	1131.39085	1131.42714	
7.801349	1162.4585	1162.44164	1131.47891	1131.49695	
7.811583	1162.54686	1162.50273	1131.56727	1131.56677	
7.821643	1162.63313	1162.56381	1131.65354	1131.63658	
7.831832	1162.71987	1162.63363	1131.74027	1131.69767	
7.842029	1162.80609	1162.70344	1131.82649	1131.76748	
7.852135	1162.89092	1162.79071	1131.91133	1131.83729	
7.863491	1162.98546	1162.8867	1132.00587	1131.91583	
7.873619	1163.06918	1162.98269	1132.08959	1132.0031	
7.883776	1163.15252	1163.08741	1132.17293	1132.09037	
7.893903	1163.23502	1163.19213	1132.25543	1132.17763	
7.912304	1163.38252	1163.38412	1132.40292	1132.36089	
7.916958	1163.41983	1163.43648	1132.44024	1132.40453	
7.927091	1163.5004	1163.53247	1132.52081	1132.50925	
7.937242	1163.58049	1163.63719	1132.6009	1132.61396	
7.947484	1163.66068	1163.73319	1132.68108	1132.71868	
7.957958	1163.74203	1163.82045	1132.76244	1132.81468	
7.968062	1163.81992	1163.90772	1132.84033	1132.91067	
7.978283	1163.89807	1163.97753	1132.91847	1132.99794	
7.988397	1163.97481	1164.04734	1132.99521	1133.06775	
7.998528	1164.05106	1164.11716	1133.07147	1133.14629	
8.008927	1164.1287	1164.16952	1133.14911	1133.20738	
8.029038	1164.27587	1164.27424	1133.29628	1133.32082	
8.033639	1164.30961	1164.30042	1133.33001	1133.347	
8.043816	1164.38351	1164.34405	1133.40392	1133.39936	
8.053917	1164.45628	1164.39641	1133.47669	1133.45172	
8.066145	1164.54334	1164.44877	1133.56375	1133.50408	
8.074547	1164.60284	1164.51858	1133.62324	1133.55644	
8.084667	1164.67384	1164.57967	1133.69425	1133.61753	
8.094772	1164.74416	1164.65821	1133.76457	1133.67862	
8.105227	1164.8163	1164.73675	1133.8367	1133.74843	
8.115115	1164.8839	1164.82402	1133.9043	1133.81824	
8.125255	1164.95261	1164.91128	1133.97302	1133.90551	
8.135387	1165.0207	1165.00728	1134.0411	1133.98405	
8.145508	1165.08811	1165.09454	1134.10852	1134.07131	
8.155704	1165.15543	1165.18181	1134.17584	1134.15858	
8.16742	1165.23188	1165.26908	1134.25228	1134.25457	
8.184228	1165.33964	1165.4087	1134.36005	1134.41165	
8.188888	1165.36951	1165.44361	1134.38991	1134.45529	
8.199592	1165.43739	1165.52215	1134.4578	1134.53383	
8.209699	1165.50086	1165.58323	1134.52126	1134.60364	
8.219851	1165.56402	1165.63559	1134.58443	1134.67345	
8.229994	1165.62649	1165.67923	1134.6469	1134.72581	
8.240158	1165.6885	1165.72286	1134.7089	1134.77817	
8.250328	1165.74994	1165.75777	1134.77034	1134.81308	
8.260476	1165.81066	1165.79267	1134.83106	1134.85671	
8.272988	1165.88453	1165.82758	1134.90494	1134.90035	
8.28093	1165.93109	1165.86249	1134.9515	1134.93525	
8.291179	1165.99054	1165.90612	1135.01095	1134.97016	
8.301209	1166.04813	1165.95848	1135.06853	1135.01379	
8.311317	1166.10556	1166.01084	1135.12597	1135.05743	
8.321494	1166.16282	1166.07193	1135.18323	1135.10979	
8.331717	1166.21966	1166.14174	1135.24007	1135.16215	
8.341799	1166.27514	1166.21155	1135.29554	1135.23196	
8.351971	1166.3305	1166.28137	1135.3509	1135.29305	
8.362125	1166.3852	1166.36863	1135.40561	1135.36286	
8.374221	1166.44941	1166.43845	1135.46981	1135.4414	
8.382744	1166.49431	1166.51699	1135.51471	1135.51121	
8.392557	1166.54534	1166.59553	1135.56575	1135.58102	
8.402754	1166.59782	1166.65661	1135.61823	1135.65084	
8.412948	1166.64965	1166.7177	1135.67005	1135.72065	
8.423227	1166.70133	1166.77878	1135.72173	1135.79046	
8.43342	1166.75193	1166.83114	1135.77234	1135.85155	
8.443551	1166.80163	1166.86605	1135.82204	1135.89518	
8.453794	1166.85126	1166.90096	1135.87167	1135.93882	
8.463897	1166.89965	1166.92714	1135.92005	1135.97372	
8.476977	1166.96115	1166.94459	1135.98156	1135.9999	
8.484232	1166.99506	1166.9795	1136.01547	1136.03481	
8.494308	1167.04148	1166.99695	1136.06189	1136.06099	
8.50444	1167.08757	1167.03186	1136.10798	1136.08717	
8.514683	1167.13356	1167.05804	1136.15397	1136.11335	
8.525127	1167.17983	1167.09294	1136.20023	1136.13953	
8.534968	1167.22283	1167.13658	1136.24323	1136.17444	
8.545101	1167.26652	1167.18021	1136.28693	1136.20934	
8.555325	1167.30999	1167.2413	1136.3304	1136.24425	
8.565389	1167.3522	1167.29366	1136.3726	1136.29661	
8.578378	1167.40561	1167.35474	1136.42601	1136.34897	
8.593748	1167.46727	1167.41583	1136.48768	1136.41006	
8.598651	1167.48695	1167.5031	1136.50735	1136.4886	
8.608586	1167.52609	1167.56418	1136.54649	1136.54968	
8.618693	1167.56532	1167.62527	1136.58573	1136.6195	
8.628948	1167.60453	1167.68636	1136.62493	1136.68058	
8.639246	1167.64329	1167.72999	1136.66369	1136.73294	
8.649212	1167.6802	1167.7649	1136.70061	1136.7853	
8.65949	1167.71766	1167.79108	1136.73807	1136.82893	
8.669514	1167.75362	1167.80853	1136.77403	1136.85511	
8.682519	1167.79921	1167.82598	1136.81962	1136.87257	
8.689932	1167.82497	1167.83471	1136.84538	1136.89875	
8.700035	1167.85941	1167.84344	1136.87982	1136.90747	
8.710176	1167.89339	1167.85216	1136.9138	1136.9162	
8.720304	1167.92675	1167.86962	1136.94715	1136.92493	
8.73052	1167.95977	1167.88707	1136.98017	1136.93365	
8.740693	1167.99207	1167.90452	1137.01247	1136.94238	
8.750819	1168.02362	1167.9307	1137.04402	1136.95983	
8.761016	1168.05479	1167.96561	1137.07519	1136.97729	
8.771127	1168.08511	1168.00924	1137.10551	1137.01219	
8.783823	1168.12218	1168.05288	1137.14259	1137.0471	
8.7917	1168.14491	1168.09651	1137.16531	1137.08201	
8.801655	1168.173	1168.14887	1137.19341	1137.13437	
8.811858	1168.2012	1168.20123	1137.22161	1137.18673	
8.821921	1168.22844	1168.25359	1137.24885	1137.23909	
8.832115	1168.25543	1168.30595	1137.27584	1137.29145	
8.842341	1168.28191	1168.35831	1137.30232	1137.35253	
8.852435	1168.30746	1168.39321	1137.32787	1137.39617	
8.862602	1168.3326	1168.42812	1137.353	1137.43107	
8.872696	1168.35698	1168.44557	1137.37739	1137.46598	
8.882921	1168.38108	1168.46303	1137.40149	1137.49216	
8.893223	1168.40477	1168.46303	1137.42517	1137.50961	
8.903341	1168.42753	1168.46303	1137.44793	1137.51834	
8.913505	1168.4496	1168.4543	1137.47001	1137.51834	
8.923695	1168.47126	1168.44557	1137.49166	1137.50961	
8.933873	1168.4923	1168.44557	1137.5127	1137.50089	
8.943949	1168.51255	1168.44557	1137.53295	1137.50089	
8.954172	1168.5325	1168.44557	1137.55291	1137.49216	
8.96427	1168.55164	1168.46303	1137.57204	1137.49216	
8.974389	1168.57024	1168.48048	1137.59065	1137.50089	
8.985021	1168.58914	1168.49793	1137.60954	1137.51834	
8.994786	1168.60598	1168.53284	1137.62639	1137.53579	
9.013045	1168.63516	1168.60265	1137.65556	1137.59688	
9.017751	1168.64273	1168.62011	1137.66314	1137.61433	
9.027878	1168.65832	1168.67247	1137.67872	1137.65797	
9.038048	1168.6734	1168.70737	1137.6938	1137.7016	
9.048197	1168.68787	1168.75101	1137.70828	1137.74523	
9.058404	1168.70186	1168.78591	1137.72226	1137.78014	
9.068502	1168.71514	1168.81209	1137.73554	1137.81505	
9.078658	1168.72793	1168.82955	1137.74833	1137.84123	
9.088824	1168.74021	1168.82955	1137.76062	1137.84995	
9.099054	1168.75191	1168.82955	1137.77232	1137.85868	
9.109211	1168.76302	1168.81209	1137.78342	1137.85868	
9.119369	1168.77357	1168.79464	1137.79398	1137.84995	
9.129492	1168.78354	1168.77719	1137.80395	1137.8325	
9.139731	1168.79307	1168.75973	1137.81348	1137.81505	
9.149826	1168.80193	1168.74228	1137.82233	1137.79759	
9.160017	1168.81032	1168.72483	1137.83073	1137.78014	
9.17019	1168.81817	1168.72483	1137.83857	1137.77141	
9.180294	1168.82543	1168.73355	1137.84584	1137.77141	
9.190462	1168.83222	1168.74228	1137.85263	1137.77141	
9.209892	1168.84282	1168.79464	1137.86323	1137.78887	
9.214911	1168.84563	1168.81209	1137.86603	1137.80632	
9.224632	1168.8505	1168.847	1137.8709	1137.82377	
9.235118	1168.85522	1168.88191	1137.87563	1137.84995	
9.24501	1168.85924	1168.91681	1137.87965	1137.88486	
9.255159	1168.8629	1168.94299	1137.88331	1137.91104	
9.265377	1168.86614	1168.96917	1137.88654	1137.94595	
9.275493	1168.86891	1168.96917	1137.88932	1137.9634	
9.28557	1168.87128	1168.96917	1137.89169	1137.98085	
9.298335	1168.87359	1168.96045	1137.894	1137.98085	
9.306325	1168.8749	1168.94299	1137.89531	1137.98085	
9.31607	1168.8797	1168.91681	1137.9001	1137.97213	
9.326169	1168.8797	1168.88191	1137.9001	1137.95467	
9.336396	1168.8797	1168.85573	1137.9001	1137.92849	
9.346774	1168.8797	1168.82955	1137.9001	1137.91104	
9.356596	1168.8797	1168.80337	1137.9001	1137.88486	
9.366801	1168.8797	1168.78591	1137.9001	1137.84995	
9.376943	1168.8797	1168.77719	1137.9001	1137.8325	
9.387034	1168.8797	1168.79464	1137.9001	1137.81505	
9.39881	1168.8797	1168.80337	1137.9001	1137.81505	
9.407851	1168.8797	1168.82955	1137.9001	1137.82377	
9.417549	1168.8797	1168.85573	1137.9001	1137.84123	
9.427794	1168.8797	1168.88191	1137.9001	1137.85868	
9.437865	1168.8797	1168.91681	1137.9001	1137.88486	
9.448281	1168.8797	1168.94299	1137.9001	1137.91104	
9.458243	1168.8797	1168.96917	1137.9001	1137.93722	
9.468389	1168.8797	1168.9779	1137.9001	1137.95467	
9.478546	1168.8797	1168.9779	1137.9001	1137.98085	
9.488651	1168.8797	1168.96917	1137.9001	1137.98958	
9.498908	1168.8797	1168.95172	1137.9001	1137.98958	
9.509327	1168.8797	1168.92554	1137.9001	1137.98085	
9.519291	1168.8797	1168.89936	1137.9001	1137.9634	
9.529438	1168.8797	1168.86445	1137.9001	1137.94595	
9.53967	1168.8797	1168.82955	1137.9001	1137.91977	
9.549758	1168.8797	1168.81209	1137.9001	1137.89359	
9.559928	1168.8797	1168.78591	1137.9001	1137.86741	
9.570086	1168.8797	1168.77719	1137.9001	1137.84995	
9.580241	1168.8797	1168.77719	1137.9001	1137.8325	
9.590365	1168.8797	1168.79464	1137.9001	1137.82377	
9.600542	1168.8797	1168.81209	1137.9001	1137.82377	
9.610716	1168.8797	1168.847	1137.9001	1137.84123	
9.620906	1168.8797	1168.88191	1137.9001	1137.84995	
9.631043	1168.8797	1168.91681	1137.9001	1137.86741	
9.641157	1168.8797	1168.94299	1137.9001	1137.89359	
9.651344	1168.8797	1168.96917	1137.9001	1137.91977	
9.661502	1168.8797	1168.9779	1137.9001	1137.93722	
9.671618	1168.8797	1168.98663	1137.9001	1137.95467	
9.681827	1168.8797	1168.96917	1137.9001	1137.97213	
9.691994	1168.8797	1168.95172	1137.9001	1137.98085	
9.702137	1168.8797	1168.92554	1137.9001	1137.98085	
9.712288	1168.8797	1168.89936	1137.9001	1137.98085	
9.722456	1168.8797	1168.86445	1137.9001	1137.9634	
9.732633	1168.8797	1168.82955	1137.9001	1137.94595	
9.742747	1168.8797	1168.80337	1137.9001	1137.91977	
9.752974	1168.8797	1168.78591	1137.9001	1137.90231	
9.7711	1168.8797	1168.78591	1137.9001	1137.84995	
9.775723	1168.8797	1168.78591	1137.9001	1137.84995	
9.785976	1168.8797	1168.80337	1137.9001	1137.84123	
9.796087	1168.8797	1168.82955	1137.9001	1137.84123	
9.80619	1168.8797	1168.85573	1137.9001	1137.84123	
9.816291	1168.8797	1168.88191	1137.9001	1137.84995	
9.826491	1168.8797	1168.91681	1137.9001	1137.85868	
9.836616	1168.8797	1168.94299	1137.9001	1137.88486	
9.846763	1168.8797	1168.96045	1137.9001	1137.90231	
9.856911	1168.8797	1168.96917	1137.9001	1137.91977	
9.867073	1168.8797	1168.9779	1137.9001	1137.93722	
9.877221	1168.8797	1168.96917	1137.9001	1137.95467	
9.887657	1168.8797	1168.95172	1137.9001	1137.9634	
9.897538	1168.8797	1168.92554	1137.9001	1137.9634	
9.907759	1168.8797	1168.89936	1137.9001	1137.9634	
9.917856	1168.8797	1168.86445	1137.9001	1137.95467	
9.928042	1168.8797	1168.83827	1137.9001	1137.94595	
9.93824	1168.8797	1168.81209	1137.9001	1137.91977	
9.948381	1168.8797	1168.79464	1137.9001	1137.91104	
9.958545	1168.8797	1168.78591	1137.9001	1137.88486	
9.968701	1168.8797	1168.79464	1137.9001	1137.86741	
9.97888	1168.8797	1168.80337	1137.9001	1137.84995	
9.989228	1168.8797	1168.82955	1137.9001	1137.84995	
9.999214	1168.8797	1168.847	1137.9001	1137.84995	
10.00952	1168.8797	1168.88191	1137.9001	1137.84995	
10.02961	1168.8797	1168.93427	1137.9001	1137.86741	
10.03427	1168.8797	1168.95172	1137.9001	1137.87613	
10.04435	1168.8797	1168.96917	1137.9001	1137.89359	
10.05458	1168.8797	1168.96917	1137.9001	1137.91104	
10.06467	1168.8797	1168.96917	1137.9001	1137.91977	
10.0748	1168.8797	1168.95172	1137.9001	1137.93722	
10.08498	1168.8797	1168.93427	1137.9001	1137.95467	
10.09514	1168.8797	1168.91681	1137.9001	1137.95467	
10.10543	1168.8797	1168.89063	1137.9001	1137.9634	
10.11542	1168.8797	1168.86445	1137.9001	1137.95467	
10.12556	1168.8797	1168.82955	1137.9001	1137.95467	
10.13569	1168.8797	1168.81209	1137.9001	1137.93722	
10.14588	1168.8797	1168.79464	1137.9001	1137.91977	
10.15649	1168.8797	1168.78591	1137.9001	1137.91104	
10.16613	1168.8797	1168.78591	1137.9001	1137.88486	
10.17635	1168.8797	1168.80337	1137.9001	1137.87613	
10.18643	1168.8797	1168.82082	1137.9001	1137.85868	
10.19654	1168.8797	1168.847	1137.9001	1137.84995	
10.20677	1168.8797	1168.88191	1137.9001	1137.84123	
10.21688	1168.8797	1168.90809	1137.9001	1137.84123	
10.22702	1168.8797	1168.93427	1137.9001	1137.84123	
10.23725	1168.8797	1168.95172	1137.9001	1137.84995	
10.24741	1168.8797	1168.96917	1137.9001	1137.85868	
10.25754	1168.8797	1168.9779	1137.9001	1137.87613	
10.26778	1168.8797	1168.96917	1137.9001	1137.89359	
10.27789	1168.8797	1168.95172	1137.9001	1137.91977	
10.28804	1168.8797	1168.93427	1137.9001	1137.93722	
10.29829	1168.8797	1168.90809	1137.9001	1137.95467	
10.3084	1168.8797	1168.88191	1137.9001	1137.9634	
10.31852	1168.8797	1168.847	1137.9001	1137.97213	
10.32869	1168.8797	1168.82082	1137.9001	1137.9634	
10.33886	1168.8797	1168.79464	1137.9001	1137.95467	
10.34909	1168.8797	1168.78591	1137.9001	1137.94595	
10.35914	1168.8797	1168.77719	1137.9001	1137.91977	
10.36937	1168.8797	1168.79464	1137.9001	1137.91104	
10.37955	1168.8797	1168.81209	1137.9001	1137.88486	
10.38966	1168.8797	1168.83827	1137.9001	1137.86741	
10.39981	1168.8797	1168.86445	1137.9001	1137.84995	
10.41003	1168.8797	1168.89936	1137.9001	1137.84123	
10.42017	1168.8797	1168.92554	1137.9001	1137.8325	
10.43029	1168.8797	1168.95172	1137.9001	1137.8325	
10.44044	1168.8797	1168.96917	1137.9001	1137.84123	
10.45061	1168.8797	1168.9779	1137.9001	1137.84995	
10.46077	1168.8797	1168.96917	1137.9001	1137.85868	
10.47091	1168.8797	1168.96045	1137.9001	1137.88486	
10.48111	1168.8797	1168.94299	1137.9001	1137.90231	
10.49125	1168.8797	1168.91681	1137.9001	1137.91977	
10.5014	1168.8797	1168.88191	1137.9001	1137.94595	
10.51158	1168.8797	1168.85573	1137.9001	1137.95467	
10.52172	1168.8797	1168.82955	1137.9001	1137.97213	
10.53193	1168.8797	1168.80337	1137.9001	1137.97213	
10.54204	1168.8797	1168.79464	1137.9001	1137.9634	
10.55217	1168.8797	1168.78591	1137.9001	1137.95467	
10.56237	1168.8797	1168.79464	1137.9001	1137.93722	
10.57247	1168.8797	1168.81209	1137.9001	1137.91977	
10.58267	1168.8797	1168.82955	1137.9001	1137.89359	
10.59283	1168.8797	1168.85573	1137.9001	1137.87613	
10.60296	1168.8797	1168.88191	1137.9001	1137.84995	
10.61318	1168.8797	1168.91681	1137.9001	1137.84123	
10.62329	1168.8797	1168.93427	1137.9001	1137.82377	
10.63343	1168.8797	1168.95172	1137.9001	1137.81505	
10.64366	1168.8797	1168.96917	1137.9001	1137.82377	
10.65375	1168.8797	1168.96917	1137.9001	1137.84123	
10.6639	1168.8797	1168.96917	1137.9001	1137.85868	
10.67401	1168.8797	1168.95172	1137.9001	1137.88486	
10.68421	1168.8797	1168.93427	1137.9001	1137.90231	
10.69436	1168.8797	1168.90809	1137.9001	1137.92849	
10.70447	1168.8797	1168.88191	1137.9001	1137.95467	
10.7147	1168.8797	1168.847	1137.9001	1137.97213	
10.72484	1168.8797	1168.82955	1137.9001	1137.98085	
10.73495	1168.8797	1168.80337	1137.9001	1137.98958	
10.74514	1168.8797	1168.79464	1137.9001	1137.98085	
10.75525	1168.8797	1168.78591	1137.9001	1137.9634	
10.76544	1168.8797	1168.79464	1137.9001	1137.94595	
10.77556	1168.8797	1168.80337	1137.9001	1137.91977	
10.78571	1168.8797	1168.82955	1137.9001	1137.90231	
10.80382	1168.8797	1168.847	1137.9001	1137.87613	
10.80839	1168.8797	1168.89063	1137.9001	1137.84995	
10.81858	1168.8797	1168.91681	1137.9001	1137.82377	
10.82889	1168.8797	1168.95172	1137.9001	1137.81505	
10.83901	1168.8797	1168.96917	1137.9001	1137.81505	
10.84917	1168.8797	1168.9779	1137.9001	1137.82377	
10.85935	1168.8797	1168.9779	1137.9001	1137.84123	
10.86949	1168.8797	1168.96917	1137.9001	1137.85868	
10.87965	1168.8797	1168.95172	1137.9001	1137.88486	
10.88984	1168.8797	1168.91681	1137.9001	1137.91977	
10.90009	1168.8797	1168.89063	1137.9001	1137.94595	
10.91018	1168.8797	1168.85573	1137.9001	1137.9634	
10.92032	1168.8797	1168.82955	1137.9001	1137.98085	
10.93066	1168.8797	1168.80337	1137.9001	1137.98958	
10.94067	1168.8797	1168.78591	1137.9001	1137.98958	
10.9508	1168.8797	1168.77719	1137.9001	1137.98085	
10.96098	1168.8797	1168.78591	1137.9001	1137.95467	
10.97114	1168.8797	1168.80337	1137.9001	1137.93722	
10.98135	1168.8797	1168.82955	1137.9001	1137.91104	
10.99152	1168.8797	1168.85573	1137.9001	1137.87613	
11.00163	1168.8797	1168.88191	1137.9001	1137.84995	
11.01208	1168.8797	1168.91681	1137.9001	1137.8325	
11.02198	1168.8797	1168.94299	1137.9001	1137.81505	
11.03213	1168.8797	1168.96045	1137.9001	1137.81505	
11.04237	1168.8797	1168.9779	1137.9001	1137.81505	
11.05247	1168.8797	1168.9779	1137.9001	1137.8325	
11.06262	1168.8797	1168.96917	1137.9001	1137.84995	
11.07273	1168.8797	1168.95172	1137.9001	1137.87613	
11.08294	1168.8797	1168.92554	1137.9001	1137.90231	
11.0931	1168.8797	1168.89936	1137.9001	1137.93722	
11.10323	1168.8797	1168.86445	1137.9001	1137.95467	
11.11341	1168.8797	1168.83827	1137.9001	1137.98085	
11.12352	1168.8797	1168.81209	1137.9001	1137.98958	
11.13368	1168.8797	1168.79464	1137.9001	1137.98958	
11.14386	1168.8797	1168.77719	1137.9001	1137.98085	
11.154	1168.8797	1168.77719	1137.9001	1137.9634	
11.16419	1168.8797	1168.79464	1137.9001	1137.94595	
11.17428	1168.8797	1168.81209	1137.9001	1137.91977	
11.18443	1168.8797	1168.847	1137.9001	1137.88486	
11.19464	1168.8797	1168.87318	1137.9001	1137.85868	
11.21481	1168.8797	1168.93427	1137.9001	1137.81505	
11.21937	1168.8797	1168.95172	1137.9001	1137.80632	
11.22951	1168.8797	1168.96917	1137.9001	1137.79759	
11.23972	1168.8797	1168.9779	1137.9001	1137.79759	
11.2499	1168.8797	1168.96917	1137.9001	1137.81505	
11.2601	1168.8797	1168.96045	1137.9001	1137.8325	
11.27022	1168.8797	1168.94299	1137.9001	1137.86741	
11.28037	1168.8797	1168.91681	1137.9001	1137.89359	
11.29055	1168.8797	1168.88191	1137.9001	1137.92849	
11.30073	1168.8797	1168.85573	1137.9001	1137.9634	
11.31084	1168.8797	1168.82955	1137.9001	1137.98085	
11.32097	1168.8797	1168.80337	1137.9001	1137.98958	
11.33116	1168.8797	1168.77719	1137.9001	1137.99831	
11.34138	1168.8797	1168.77719	1137.9001	1137.98958	
11.35153	1168.8797	1168.77719	1137.9001	1137.97213	
11.36165	1168.8797	1168.79464	1137.9001	1137.95467	
11.37191	1168.8797	1168.82082	1137.9001	1137.91977	
11.382	1168.8797	1168.847	1137.9001	1137.89359	
11.39214	1168.8797	1168.88191	1137.9001	1137.85868	
11.40234	1168.8797	1168.91681	1137.9001	1137.8325	
11.41245	1168.8797	1168.94299	1137.9001	1137.81505	
11.42261	1168.8797	1168.96917	1137.9001	1137.79759	
11.43273	1168.8797	1168.9779	1137.9001	1137.78887	
11.44291	1168.8797	1168.9779	1137.9001	1137.79759	
11.45315	1168.8797	1168.96917	1137.9001	1137.81505	
11.46323	1168.8797	1168.95172	1137.9001	1137.84995	
11.47341	1168.8797	1168.91681	1137.9001	1137.87613	
11.48356	1168.8797	1168.89063	1137.9001	1137.91104	
11.49372	1168.8797	1168.86445	1137.9001	1137.94595	
11.50387	1168.8797	1168.82955	1137.9001	1137.98085	
11.51418	1168.8797	1168.80337	1137.9001	1137.99831	
11.52419	1168.8797	1168.78591	1137.9001	1138.01576	
11.53429	1168.8797	1168.77719	1137.9001	1138.01576	
11.54442	1168.8797	1168.77719	1137.9001	1137.99831	
11.55459	1168.8797	1168.79464	1137.9001	1137.98085	
11.56477	1168.8797	1168.81209	1137.9001	1137.95467	
11.57489	1168.8797	1168.847	1137.9001	1137.91977	
11.58504	1168.8797	1168.88191	1137.9001	1137.87613	
11.5952	1168.8797	1168.91681	1137.9001	1137.84995	
11.60542	1168.8797	1168.95172	1137.9001	1137.82377	
11.61552	1168.8797	1168.96917	1137.9001	1137.81505	
11.62567	1168.8797	1168.98663	1137.9001	1137.81505	
11.64384	1168.8797	1168.99535	1137.9001	1137.82377	
11.64839	1168.8797	1168.98663	1137.9001	1137.84995	
11.65859	1168.8797	1168.96917	1137.9001	1137.87613	
11.6688	1168.8797	1168.94299	1137.9001	1137.90231	
11.67893	1168.8797	1168.91681	1137.9001	1137.92849	
11.68906	1168.8797	1168.88191	1137.9001	1137.95467	
11.69923	1168.8797	1168.847	1137.9001	1137.98085	
11.70941	1168.8797	1168.82082	1137.9001	1137.99831	
11.71952	1168.8797	1168.80337	1137.9001	1138.00703	
11.72968	1168.8797	1168.79464	1137.9001	1138.00703	
11.73993	1168.8797	1168.79464	1137.9001	1137.99831	
11.75	1168.8797	1168.80337	1137.9001	1137.98085	
11.76016	1168.8797	1168.82082	1137.9001	1137.95467	
11.77036	1168.8797	1168.847	1137.9001	1137.91977	
11.78051	1168.8797	1168.87318	1137.9001	1137.88486	
11.79068	1168.8797	1168.89936	1137.9001	1137.86741	
11.80082	1168.8797	1168.93427	1137.9001	1137.84995	
11.811	1168.8797	1168.96045	1137.9001	1137.8325	
11.82116	1168.8797	1168.98663	1137.9001	1137.82377	
11.8313	1168.8797	1168.99535	1137.9001	1137.8325	
11.84147	1168.8797	1168.99535	1137.9001	1137.84123	
11.85166	1168.8797	1168.98663	1137.9001	1137.84995	
11.86218	1168.8797	1168.96917	1137.9001	1137.87613	
11.87235	1168.8797	1168.95172	1137.9001	1137.89359	
11.88252	1168.8797	1168.91681	1137.9001	1137.91977	
11.89267	1168.8797	1168.89936	1137.9001	1137.94595	
11.90281	1168.8797	1168.86445	1137.9001	1137.9634	
11.91295	1168.8797	1168.847	1137.9001	1137.98085	
11.92311	1168.8797	1168.82955	1137.9001	1137.98958	
11.93332	1168.8797	1168.82955	1137.9001	1137.98958	
11.94342	1168.8797	1168.82955	1137.9001	1137.98958	
11.95358	1168.8797	1168.83827	1137.9001	1137.97213	
11.96381	1168.8797	1168.847	1137.9001	1137.94595	
11.97388	1168.8797	1168.86445	1137.9001	1137.91977	
11.98405	1168.8797	1168.88191	1137.9001	1137.88486	
11.99419	1168.8797	1168.89936	1137.9001	1137.86741	
12.00439	1168.8797	1168.91681	1137.9001	1137.84123	
12.01565	1168.8797	1168.93427	1137.9001	1137.8325	
12.02464	1168.8797	1168.94299	1137.9001	1137.82377	
12.03478	1168.8797	1168.95172	1137.9001	1137.8325	
12.04492	1168.8797	1168.95172	1137.9001	1137.84123	
12.05506	1168.8797	1168.95172	1137.9001	1137.85868	
12.06525	1168.8797	1168.94299	1137.9001	1137.88486	
12.07538	1168.8797	1168.93427	1137.9001	1137.90231	
12.09874	1168.8797	1168.91681	1137.9001	1137.95467	
