5.562837	
5.572583	
5.582694	
5.592826	
5.603008	
5.613255	
5.623308	
5.633483	
5.643584	
5.653782	
5.663951	
5.674089	
5.684221	
5.694372	
5.704514	
5.714792	
5.724842	
5.734976	
5.745156	
5.755249	
5.765432	
5.775595	
5.78573	
5.80372	
5.808126	
5.818239	
5.828414	
5.838529	
5.848669	
5.858848	
5.868965	
5.879098	
5.889247	
5.89939	
5.909581	
5.919712	
5.929922	
5.940094	
5.950219	
5.960329	
5.970593	
5.980665	
5.990833	
6.000997	
6.011074	
6.021247	
6.031441	
6.041597	
6.051731	
6.061874	
6.072859	
6.082962	
6.093089	
6.103222	
6.113418	
6.12357	
6.133958	
6.1439	
6.154038	
6.164189	
6.174337	
6.184486	
6.19464	
6.213932	
6.218351	
6.228475	
6.238623	
6.248709	
6.258923	
6.269016	
6.27916	
6.289313	
6.299513	
6.317457	
6.32181	
6.332062	
6.342139	
6.352249	
6.362528	
6.372582	
6.382728	
6.39285	
6.403039	
6.413169	
6.423305	
6.433485	
6.443629	
6.453802	
6.46397	
6.474067	
6.484257	
6.494388	
6.504496	
6.514672	
6.524832	
6.535159	
6.545149	
6.555291	
6.565398	
6.5756	
6.585748	
6.595894	
6.606026	
6.616146	
6.626316	
6.636468	
6.646595	
6.656782	
6.666942	
6.677051	
6.687167	
6.697333	
6.707455	
6.717589	
6.727745	
6.737882	
6.755872	
6.760416	
6.770463	
6.780553	
6.790703	
6.800866	
6.811038	
6.821181	
6.831333	
6.841493	
6.85165	
6.861795	
6.872006	
6.882124	
6.892282	
6.902429	
6.912578	
6.922784	
6.932883	
6.943036	
6.95325	
6.963382	
6.973521	
6.983661	
6.993826	
7.003981	
7.01413	
7.024264	
7.034487	
7.044588	
7.054684	
7.064877	
7.075586	
7.085645	
7.095745	
7.105889	
7.116158	
7.126221	
7.136365	
7.146565	
7.156683	
7.166803	
7.177093	
7.187108	
7.197222	
7.207378	
7.217512	
7.227668	
7.237803	
7.247914	
7.26595	
7.270317	
7.280475	
7.290729	
7.30078	
7.310925	
7.321146	
7.331271	
7.34139	
7.351546	
7.36172	
7.371865	
7.382012	
7.392199	
7.402328	
7.41247	
7.422605	
7.432776	
7.442973	
7.453069	
7.463217	
7.473366	
7.483526	
7.493659	
7.503773	
7.513955	
7.52414	
7.534237	
7.544372	
7.554548	
7.564698	
7.574837	
7.584983	
7.595166	
7.605302	
7.615439	
7.625594	
7.635773	
7.6459	
7.656065	
7.666189	
7.676342	
7.68649	
7.696625	
7.706842	
7.716938	
7.727448	
7.7373	
7.747409	
7.75751	
7.767666	
7.77782	
7.787935	
7.80641	
7.810822	
7.82092	
7.83109	
7.841274	
7.851387	
7.861613	
7.871744	
7.881853	
7.892004	
7.902315	
7.91236	
7.922543	
7.932654	
7.942771	
7.952957	
7.963121	
7.973674	
7.983426	
7.993601	
8.003692	
8.014024	
8.024013	
8.038779	898.881438	898.879471	867.893117	867.89115	
8.044701	898.882277	898.879471	867.893956	867.89115	
8.054795	898.884447	898.879471	867.896126	867.899877	
8.064895	898.88723	898.879471	867.898909	867.899877	
8.085287	898.895979	898.879471	867.907658	867.899877	
8.089991	898.897905	898.888198	867.909584	867.899877	
8.100181	898.902873	898.888198	867.914552	867.899877	
8.110486	898.908539	898.888198	867.920218	867.899877	
8.120476	898.914621	898.896925	867.9263	867.899877	
8.130738	898.921508	898.896925	867.933187	867.899877	
8.142804	898.930791	898.896925	867.94247	867.899877	
8.152977	898.938735	898.905651	867.950414	867.899877	
8.163137	898.947525	898.914378	867.959204	867.899877	
8.173259	898.956894	898.914378	867.968573	867.899877	
8.183377	898.966879	898.923105	867.978558	867.899877	
8.193583	898.977573	898.931831	867.989252	867.899877	
8.213712	899.001707	898.949285	868.013387	867.899877	
8.218273	899.00708	898.949285	868.018759	867.899877	
8.228411	899.019822	898.958011	868.031501	867.899877	
8.241371	899.037242	898.966738	868.048921	867.899877	
8.249111	899.047869	898.975464	868.059548	867.908604	
8.258935	899.062007	898.984191	868.073687	867.908604	
8.269021	899.077129	898.992918	868.088808	867.91733	
8.279136	899.092918	899.001644	868.104597	867.91733	
8.289381	899.109551	899.010371	868.121231	867.934784	
8.29951	899.126595	899.019098	868.138275	867.94351	
8.309658	899.1443	899.027824	868.15598	867.952237	
8.319751	899.162515	899.036551	868.174195	867.96969	
8.330122	899.18189	899.054004	868.193569	867.987144	
8.340331	899.201581	899.062731	868.21326	868.004597	
8.350941	899.222742	899.071458	868.234421	868.02205	
8.360761	899.242864	899.088911	868.254543	868.04823	
8.370873	899.264207	899.106364	868.275886	868.07441	
8.380908	899.285998	899.123817	868.297677	868.091863	
8.391105	899.308767	899.149997	868.320446	868.12677	
8.4013	899.332158	899.176177	868.343837	868.15295	
8.411413	899.355971	899.193631	868.36765	868.17913	
8.421575	899.380529	899.219811	868.392208	868.214036	
8.431783	899.405819	899.245991	868.417498	868.240216	
8.441906	899.431498	899.280897	868.443178	868.275123	
8.452541	899.459209	899.315804	868.470888	868.31003	
8.462255	899.485008	899.35071	868.496687	868.344936	
8.47239	899.512585	899.385617	868.524264	868.379843	
8.482537	899.54081	899.420523	868.552489	868.414749	
8.492741	899.569822	899.45543	868.581502	868.458382	
8.502829	899.599101	899.499063	868.61078	868.493289	
8.513006	899.62927	899.542696	868.640949	868.528196	
8.523182	899.660064	899.577603	868.671744	868.563102	
8.533284	899.691235	899.61251	868.702915	868.606735	
8.543466	899.723297	899.656143	868.734976	868.641642	
8.553727	899.756249	899.699776	868.767928	868.676549	
8.563866	899.789363	899.734683	868.801042	868.720182	
8.57397	899.82301	899.778316	868.834689	868.755088	
8.584113	899.857544	899.821949	868.869223	868.789995	
8.594262	899.892442	899.856856	868.904121	868.824902	
8.604454	899.928246	899.891762	868.939925	868.859808	
8.614587	899.964452	899.935396	868.976131	868.903441	
8.624748	900.001397	899.979029	869.013077	868.938348	
8.634968	900.039182	900.013935	869.050861	868.973255	
8.645045	900.077025	900.048842	869.088704	869.016888	
8.656128	900.120673	900.092475	869.132352	869.051794	
8.666279	900.158867	900.127382	869.170547	869.095428	
8.676424	900.198877	900.171015	869.210556	869.130334	
8.686543	900.239417	900.205922	869.251096	869.173967	
8.697146	900.282586	900.240828	869.294265	869.208874	
8.706929	900.322951	900.275735	869.33463	869.243781	
8.716988	900.365078	900.310641	869.376757	869.287414	
8.727146	900.408234	900.345548	869.419913	869.331047	
8.737246	900.45178	900.380455	869.463459	869.365954	
8.747459	900.496429	900.424088	869.508108	869.409587	
8.758993	900.547728	900.467721	869.559407	869.45322	
8.76899	900.592682	900.502628	869.604361	869.488127	
8.779181	900.639146	900.537534	869.650825	869.540487	
8.789261	900.685738	900.572441	869.697417	869.58412	
8.799441	900.733426	900.607347	869.745106	869.627753	
8.817476	900.820258	900.685887	869.831938	869.697566	
8.822025	900.842097	900.70334	869.853776	869.723746	
8.832196	900.891723	900.746974	869.903402	869.767379	
8.842321	900.941732	900.799334	869.953412	869.819739	
8.852532	900.992816	900.842967	870.004495	869.863373	
8.863058	901.046185	900.8866	870.057864	869.915732	
8.872848	901.096303	900.93896	870.107982	869.968092	
8.883066	901.149262	900.99132	870.160941	870.011726	
8.893179	901.202303	901.04368	870.213982	870.072812	
8.903273	901.255876	901.09604	870.267556	870.116445	
8.913506	901.310804	901.148399	870.322483	870.177532	
8.923618	901.365686	901.200759	870.377365	870.229892	
8.933795	901.42155	901.261846	870.433229	870.282252	
8.943924	901.477754	901.322932	870.489433	870.343338	
8.954125	901.535017	901.375292	870.546696	870.395698	
8.96441	901.59339	901.445105	870.605069	870.456784	
8.974517	901.651331	901.497465	870.66301	870.517871	
8.984687	901.710239	901.567278	870.721918	870.570231	
8.994909	901.770094	901.628365	870.781773	870.640044	
9.004955	901.829506	901.689451	870.841185	870.701131	
9.015158	901.890524	901.750538	870.902204	870.762217	
9.025359	901.952107	901.811625	870.963786	870.823304	
9.03545	902.013651	901.881438	871.02533	870.88439	
9.045624	902.076331	901.942524	871.08801	870.954203	
9.055927	902.140914	902.003611	871.152593	871.024017	
9.066978	902.209987	902.073424	871.221666	871.09383	
9.086964	902.338671	902.204324	871.35035	871.224729	
9.091524	902.367882	902.230504	871.379562	871.250909	
9.101616	902.433439	902.300317	871.445118	871.320722	
9.111844	902.500518	902.37013	871.512197	871.390536	
9.121995	902.567701	902.431216	871.57938	871.460349	
9.132171	902.635691	902.50103	871.64737	871.530162	
9.142291	902.703908	902.562116	871.715587	871.608702	
9.152412	902.772725	902.631929	871.784404	871.678515	
9.165301	902.861561	902.701742	871.87324	871.748328	
9.180929	902.970734	902.823915	871.982413	871.879228	
9.185575	903.003129	902.858822	872.014808	871.905408	
9.195648	903.074252	902.928635	872.085931	871.983948	
9.206006	903.148047	902.998448	872.159726	872.053761	
9.215937	903.219351	903.068262	872.23103	872.123574	
9.226147	903.293292	903.138075	872.304971	872.202114	
9.244176	903.426287	903.277701	872.437966	872.333013	
9.248689	903.45951	903.312608	872.471189	872.359193	
9.258967	903.535984	903.382421	872.547664	872.437733	
9.27116	903.6277	903.452234	872.639379	872.507546	
9.279197	903.688391	903.530774	872.70007	872.586086	
9.289317	903.76552	903.609314	872.7772	872.664626	
9.299506	903.843793	903.687853	872.855472	872.734439	
9.309625	903.922154	903.766393	872.933834	872.804252	
9.320115	904.004077	903.85366	873.015756	872.891519	
9.33018	904.083237	903.923473	873.094916	872.970059	
9.340414	904.164391	904.010739	873.176071	873.048598	
9.350541	904.245302	904.089279	873.256981	873.127138	
9.360791	904.327853	904.167819	873.339532	873.214405	
9.373716	904.433074	904.255085	873.444753	873.292945	
9.380973	904.492227	904.333625	873.503906	873.380211	
9.3912	904.576484	904.420892	873.588163	873.467477	
9.401724	904.663827	904.508158	873.675506	873.554744	
9.411478	904.745262	904.595425	873.756942	873.64201	
9.421643	904.830814	904.673964	873.842493	873.729277	
9.431804	904.916934	904.769958	873.928613	873.816543	
9.441981	905.003846	904.848497	874.015525	873.90381	
9.452129	905.09111	904.944491	874.102789	873.991076	
9.462251	905.178765	905.031757	874.190444	874.078343	
9.474991	905.290253	905.12775	874.301932	874.165609	
9.482609	905.357018	905.215017	874.368697	874.261602	
9.492741	905.446595	905.302283	874.458274	874.348869	
9.502854	905.536653	905.398276	874.548332	874.436135	
9.512976	905.627406	905.494269	874.639086	874.532128	
9.523178	905.719477	905.581536	874.731156	874.619395	
9.533319	905.811584	905.686255	874.823263	874.715388	
9.54345	905.904262	905.782249	874.915941	874.811381	
9.553646	905.998141	905.878242	875.00982	874.898647	
9.563835	906.092635	905.974235	875.104314	875.003367	
9.576504	906.211204	906.070228	875.222883	875.09936	
9.584175	906.283141	906.174948	875.294821	875.186627	
9.594303	906.378816	906.270941	875.390495	875.28262	
9.604513	906.47594	906.366934	875.48762	875.38734	
9.614593	906.572463	906.471654	875.584142	875.483333	
9.624798	906.670801	906.567647	875.68248	875.579326	
9.635025	906.76997	906.66364	875.781649	875.675319	
9.645078	906.868014	906.76836	875.879693	875.771312	
9.655216	906.967555	906.864353	875.979234	875.876032	
9.665397	907.068171	906.960346	876.07985	875.972025	
9.675589	907.16946	907.065066	876.181139	876.068018	
9.685782	907.271463	907.161059	876.283142	876.172738	
9.695915	907.373349	907.257052	876.385028	876.268731	
9.706176	907.477249	907.361772	876.488929	876.373451	
9.724175	907.661829	907.536304	876.673508	876.547984	
9.728983	907.711135	907.571211	876.722814	876.591617	
9.738966	907.814105	907.675931	876.825784	876.696337	
9.748996	907.918195	907.780651	876.929874	876.801056	
9.759176	908.024469	907.876644	877.036148	876.905776	
9.76928	908.130591	907.981363	877.14227	877.001769	
9.781924	908.26455	908.077357	877.27623	877.115216	
9.797795	908.434185	908.269343	877.445864	877.307202	
9.802383	908.48315	908.312976	877.494829	877.350835	
9.812548	908.592521	908.417696	877.6042	877.464281	
9.822651	908.701846	908.522415	877.713525	877.569001	
9.832874	908.813178	908.635862	877.824857	877.682448	
9.843062	908.924629	908.740582	877.936308	877.795894	
9.853162	909.03577	908.845301	878.04745	877.900614	
9.863319	909.148171	908.958748	878.15985	878.022787	
9.873468	909.261101	909.072194	878.27278	878.136233	
9.88603	909.404308	909.176914	878.415987	878.24968	
9.893822	909.489598	909.299087	878.501277	878.363126	
9.903933	909.603907	909.403807	878.615586	878.485299	
9.914074	909.719207	909.52598	878.730886	878.598745	
9.924236	909.835377	909.6307	878.847056	878.712192	
9.934419	909.95241	909.752873	878.964089	878.834365	
9.944565	910.069658	909.866319	879.081337	878.947811	
9.95477	910.188226	909.988492	879.199905	879.069984	
9.964852	910.305866	910.101938	879.317545	879.192157	
9.974983	910.424778	910.224112	879.436457	879.305604	
9.987322	910.570717	910.346285	879.582396	879.427777	
9.995407	910.666511	910.468458	879.67819	879.541223	
10.00547	910.786331	910.590631	879.79801	879.663396	
10.01565	910.908279	910.712804	879.919958	879.785569	
10.02585	911.030715	910.834977	880.042394	879.907742	
10.03604	911.153007	910.95715	880.164686	880.029915	
10.04614	911.274183	911.079323	880.285862	880.152088	
10.05633	911.396571	911.210223	880.40825	880.274262	
10.0664	911.517375	911.341122	880.529054	880.405161	
10.07865	911.664399	911.463295	880.676078	880.518608	
10.08715	911.766423	911.585468	880.778102	880.649507	
10.09698	911.884359	911.725095	880.896038	880.77168	
10.10706	912.005199	911.847268	881.016878	880.90258	
10.11716	912.126507	911.978167	881.138186	881.03348	
10.12732	912.248331	912.109067	881.26001	881.155653	
10.13751	912.370719	912.23124	881.382398	881.286553	
10.14762	912.491931	912.36214	881.50361	881.408726	
10.15774	912.613455	912.49304	881.625134	881.530899	
10.16795	912.735999	912.615213	881.747678	881.661798	
10.17814	912.858219	912.746112	881.869898	881.783971	
10.18864	912.984267	912.877012	881.995946	881.906144	
10.2097	913.236987	913.007912	882.248666	882.028317	
10.21429	913.292031	913.199898	882.30371	882.22903	
10.22448	913.414335	913.330798	882.426014	882.351203	
10.23457	913.535355	913.452971	882.547034	882.473376	
10.24476	913.657671	913.575144	882.66935	882.604276	
10.25486	913.778847	913.697317	882.790526	882.726449	
10.26506	913.901283	913.81949	882.912962	882.848622	
10.27524	914.023395	913.941663	883.035074	882.962069	
10.2853	914.144163	914.063836	883.155842	883.092968	
10.30605	914.393247	914.186009	883.404926	883.206415	
10.31066	914.448459	914.360542	883.460138	883.389674	
10.32081	914.570283	914.482715	883.581962	883.511847	
10.33101	914.692671	914.604888	883.70435	883.63402	
10.34114	914.814195	914.718334	883.825874	883.756193	
10.35123	914.935263	914.831781	883.946942	883.878366	
10.36163	915.060087	914.953954	884.071766	884.000539	
10.37159	915.179643	915.076127	884.191322	884.113986	
10.38171	915.301071	915.189573	884.31275	884.244886	
10.3919	915.423303	915.30302	884.434982	884.358332	
10.4021	915.545751	915.425193	884.55743	884.480505	
10.41233	915.668643	915.538639	884.680322	884.602678	
10.4224	915.789267	915.660812	884.800946	884.724851	
10.43255	915.911127	915.774259	884.922806	884.847024	
10.44268	916.032699	915.896432	885.044378	884.969197	
10.45288	916.155063	916.009878	885.166742	885.082644	
10.46302	916.276695	916.123324	885.288374	885.204817	
10.47314	916.398159	916.245497	885.409838	885.32699	
10.48334	916.520643	916.36767	885.532322	885.440436	
10.49344	916.641807	916.489844	885.653486	885.562609	
10.50468	916.776771	916.620743	885.78845	885.693509	
10.52311	916.994877	916.742916	886.006556	885.815682	
10.52768	917.04903	916.891269	886.060709	885.964035	
10.53786	917.168837	917.013442	886.180516	886.086208	
10.54822	917.290236	917.135615	886.301916	886.208381	
10.55821	917.4065	917.257788	886.418179	886.330554	
10.5683	917.52346	917.379961	886.535139	886.452727	
10.57846	917.640638	917.510861	886.652317	886.5749	
10.58858	917.756769	917.633034	886.768448	886.697073	
10.59892	917.874736	917.755207	886.886415	886.819246	
10.60905	917.989737	917.886107	887.001416	886.941419	
10.61921	918.104408	918.00828	887.116087	887.063592	
10.62938	918.218587	918.121726	887.230266	887.177039	
10.63949	918.331487	918.243899	887.343167	887.299212	
10.65793	918.534953	918.462066	887.546632	887.508651	
10.66251	918.585464	918.514425	887.597143	887.561011	
10.67266	918.696842	918.636598	887.708521	887.674458	
10.68288	918.808354	918.758772	887.820034	887.796631	
10.69296	918.91775	918.872218	887.929429	887.910077	
10.70579	919.055987	918.985664	888.067666	888.023523	
10.71333	919.136849	919.107837	888.148528	888.128243	
10.72349	919.245235	919.221284	888.256914	888.24169	
10.73363	919.352819	919.33473	888.364498	888.355136	
10.74375	919.459562	919.43945	888.471241	888.459856	
10.75625	919.590466	919.579076	888.602146	888.590755	
10.7664	919.696087	919.683796	888.707766	888.695475	
10.77656	919.801302	919.788516	888.812981	888.800195	
10.78672	919.905883	919.893236	888.917562	888.904915	
10.79719	920.013035	919.997955	889.024714	889.009634	
10.80958	920.138927	920.102675	889.150606	889.105628	
10.81713	920.215256	920.198668	889.226935	889.210347	
10.82732	920.317658	920.294661	889.329337	889.315067	
10.83745	920.418821	920.399381	889.4305	889.419787	
10.84757	920.519385	920.495374	889.531064	889.51578	
10.85776	920.620025	920.591367	889.631704	889.611773	
10.8679	920.719406	920.678634	889.731085	889.707766	
10.8781	920.818952	920.774627	889.830631	889.803759	
10.88821	920.916919	920.87062	889.928598	889.908479	
10.89837	921.014766	920.957886	890.026445	890.004472	
10.91097	921.135126	921.05388	890.146805	890.100465	
10.91868	921.208467	921.141146	890.220146	890.196458	
10.92882	921.304272	921.237139	890.315951	890.292451	
10.93907	921.40048	921.324406	890.412159	890.388445	
10.94907	921.493747	921.411672	890.505426	890.484438	
10.95929	921.588496	921.498938	890.600175	890.571704	
10.96941	921.681667	921.594932	890.693347	890.667697	
10.97975	921.776252	921.690925	890.787931	890.76369	
10.98989	921.868421	921.778191	890.880101	890.850957	
11.00002	921.959847	921.865458	890.971526	890.94695	
11.01022	922.051304	921.952724	891.062983	891.042943	
11.02873	922.214913	922.039991	891.226592	891.130209	
11.03332	922.255493	922.162164	891.267173	891.234929	
11.04372	922.346681	922.24943	891.35836	891.330922	
11.05379	922.434315	922.336697	891.445994	891.418189	
11.06399	922.522573	922.423963	891.534252	891.505455	
11.07414	922.609721	922.511229	891.621401	891.592722	
11.08432	922.696581	922.607223	891.70826	891.679988	
11.09443	922.782155	922.694489	891.793834	891.758528	
11.10459	922.867582	922.781755	891.879261	891.854521	
11.11739	922.974244	922.869022	891.985923	891.933061	
11.12492	923.036618	922.956288	892.048298	892.020327	
11.13506	923.12	923.034828	892.131679	892.107594	
11.14521	923.202935	923.122095	892.214614	892.186134	
11.15534	923.285099	923.209361	892.296778	892.2734	
11.16559	923.367531	923.296628	892.37921	892.35194	
11.17567	923.448086	923.383894	892.459765	892.439206	
11.18587	923.528909	923.462434	892.540588	892.517746	
11.19598	923.608441	923.5497	892.62012	892.596286	
11.20607	923.687237	923.62824	892.698916	892.683553	
11.21888	923.786242	923.715507	892.797921	892.762092	
11.22646	923.844498	923.794046	892.856177	892.840632	
11.23664	923.922145	923.872586	892.933824	892.919172	
11.24679	923.998985	923.959853	893.010664	892.997712	
11.25694	924.075186	924.029666	893.086865	893.076252	
11.26731	924.152396	924.116932	893.164075	893.154791	
11.2773	924.226212	924.186746	893.237892	893.224605	
11.28739	924.300112	924.265285	893.311791	893.303144	
11.29752	924.373655	924.343825	893.385334	893.381684	
11.30767	924.446884	924.422365	893.458563	893.460224	
11.31782	924.519412	924.492178	893.531091	893.530037	
11.32821	924.593045	924.570718	893.604724	893.608577	
11.33829	924.663807	924.640531	893.675486	893.67839	
11.34846	924.7347	924.710344	893.746379	893.748203	
11.35857	924.804544	924.788884	893.816223	893.818017	
11.36895	924.875562	924.858697	893.887241	893.88783	
11.37886	924.942797	924.937237	893.954476	893.957643	
11.38901	925.0111	925.00705	894.022779	894.027456	
11.39914	925.078584	925.076863	894.090263	894.097269	
11.40933	925.145965	925.146677	894.157644	894.158356	
11.4197	925.213817	925.21649	894.225496	894.228169	
11.43786	925.330331	925.338663	894.34201	894.341615	
11.44248	925.359963	925.364843	894.371642	894.376522	
11.4527	925.424907	925.425929	894.436586	894.437608	
11.4628	925.488435	925.495742	894.500114	894.498695	
11.47291	925.551466	925.556829	894.563145	894.559781	
11.48315	925.614644	925.617916	894.626323	894.620868	
11.49323	925.676264	925.670275	894.687943	894.681955	
11.50334	925.737441	925.731362	894.74912	894.743041	
11.51347	925.798176	925.792448	894.809856	894.795401	
11.52367	925.858675	925.844808	894.870354	894.865214	
11.53388	925.918678	925.897168	894.930357	894.917574	
11.54415	925.978358	925.949528	894.990037	894.969934	
11.55432	926.036818	926.001888	895.048497	895.03102	
11.56449	926.09476	926.054248	895.106439	895.092107	
11.57463	926.151861	926.106608	895.16354	895.144467	
11.58478	926.208456	926.158968	895.220135	895.205553	
11.59498	926.264683	926.211327	895.276363	895.249187	
11.60509	926.319812	926.263687	895.331491	895.310273	
11.61523	926.374531	926.316047	895.386211	895.353906	
11.62543	926.428967	926.368407	895.440646	895.414993	
11.6439	926.525082	926.455674	895.536761	895.502259	
11.64855	926.549261	926.481853	895.56094	895.528439	
11.65864	926.601145	926.534213	895.612824	895.580799	
11.66884	926.652991	926.586573	895.66467	895.633159	
11.67902	926.704064	926.630206	895.715743	895.676792	
11.68913	926.754223	926.682566	895.765902	895.729152	
11.6993	926.804052	926.734926	895.815731	895.772785	
11.70942	926.853058	926.787286	895.864737	895.825145	
11.7274	926.937832	926.874553	895.949511	895.912412	
11.73379	926.967956	926.900733	895.979635	895.938592	
11.74215	927.006853	926.944366	896.018532	895.982225	
11.75226	927.053298	926.996726	896.064977	896.034585	
11.76246	927.099496	927.049085	896.111175	896.086945	
11.77283	927.145863	927.092719	896.157542	896.130578	
11.78276	927.18972	927.136352	896.201399	896.182938	
11.79291	927.233884	927.188712	896.245563	896.226571	
11.80315	927.277881	927.223618	896.28956	896.278931	
11.81324	927.320601	927.275978	896.332281	896.322564	
11.82336	927.362884	927.310885	896.374563	896.366197	
11.83517	927.411337	927.354518	896.423016	896.418557	
11.84373	927.446114	927.398151	896.457793	896.46219	
11.85385	927.48657	927.433058	896.498249	896.505824	
11.86401	927.526587	927.476691	896.538266	896.549457	
11.87414	927.565906	927.520324	896.577585	896.59309	
11.88435	927.604907	927.555231	896.616586	896.636723	
11.89448	927.643052	927.590138	896.654731	896.67163	
11.90461	927.680683	927.625044	896.692362	896.715263	
11.9148	927.717653	927.659951	896.729333	896.75017	
11.9249	927.753872	927.703584	896.765552	896.785076	
11.93775	927.798942	927.738491	896.810621	896.828709	
11.94529	927.825118	927.773397	896.836797	896.863616	
11.95545	927.859746	927.799577	896.871425	896.898523	
11.96559	927.893685	927.834484	896.905364	896.933429	
11.97571	927.927007	927.86939	896.938686	896.959609	
11.98604	927.960392	927.904297	896.972072	896.994516	
11.99609	927.99227	927.930477	897.003949	897.029422	
12.00618	928.023694	927.965383	897.035373	897.064329	
12.01636	928.054804	927.991563	897.066483	897.090509	
12.02651	928.085223	928.02647	897.096902	897.116689	
12.03718	928.116542	928.05265	897.128221	897.142869	
12.04691	928.144587	928.07883	897.156266	897.169049	
12.05704	928.173168	928.113736	897.184847	897.195229	
12.06724	928.201332	928.13119	897.213011	897.221409	
12.07727	928.228489	928.166096	897.240168	897.247589	
12.08769	928.256054	928.192276	897.267733	897.273768	
12.09763	928.281762	928.218456	897.293441	897.291222	
12.10773	928.307338	928.235909	897.319017	897.317402	
12.1179	928.33248	928.262089	897.344159	897.343582	
12.13596	928.375036	928.288269	897.386715	897.361035	
12.143	928.391342	928.305723	897.403021	897.387215	
12.15085	928.409284	928.331902	897.420963	897.404668	
12.16099	928.431877	928.358082	897.443556	897.422121	
12.17122	928.454055	928.375536	897.465735	897.448301	
12.18128	928.475295	928.392989	897.486974	897.465755	
12.19143	928.496158	928.410442	897.507837	897.483208	
12.21194	928.535309	928.445349	897.546988	897.518115	
12.21652	928.544123	928.454076	897.555802	897.518115	
12.22673	928.563074	928.471529	897.574753	897.535568	
12.23717	928.581821	928.480255	897.593501	897.553021	
12.24863	928.601654	928.497709	897.613333	897.570474	
12.25717	928.616062	928.515162	897.627742	897.579201	
12.26734	928.632622	928.523889	897.644301	897.587928	
12.27745	928.648511	928.541342	897.66019	897.605381	
12.28759	928.663903	928.550069	897.675582	897.622834	
12.298	928.679068	928.558795	897.690747	897.631561	
12.30791	928.692989	928.567522	897.704668	897.640288	
12.3181	928.706719	928.584975	897.718398	897.657741	
12.32823	928.719826	928.593702	897.731505	897.666468	
12.33884	928.732913	928.602429	897.744592	897.675194	
12.35114	928.747215	928.611155	897.758894	897.683921	
12.35873	928.755821	928.619882	897.7675	897.692647	
12.36892	928.766743	928.628608	897.778422	897.701374	
12.37909	928.777101	928.637335	897.78878	897.710101	
12.38918	928.786827	928.646062	897.798506	897.718827	
12.39934	928.796073	928.654788	897.807752	897.727554	
12.40953	928.804807	928.663515	897.816486	897.736281	
12.41968	928.812972	928.672242	897.824652	897.745007	
12.42986	928.820615	928.672242	897.832294	897.753734	
12.43997	928.827693	928.689695	897.839373	897.762461	
12.45245	928.835569	928.689695	897.847248	897.762461	
12.46038	928.840349	928.698422	897.852028	897.771187	
12.4705	928.845888	928.707148	897.857567	897.779914	
12.48068	928.850973	928.707148	897.862652	897.779914	
12.49082	928.855519	928.707148	897.867198	897.788641	
12.50096	928.859604	928.715875	897.871283	897.788641	
12.51113	928.863233	928.715875	897.874913	897.797367	
12.52127	928.866403	928.715875	897.878082	897.797367	
12.53148	928.86915	928.724602	897.880829	897.797367	
12.54156	928.871461	928.724602	897.88314	897.797367	
12.55377	928.873639	928.724602	897.885318	897.797367	
12.56203	928.87495	928.724602	897.886629	897.797367	
12.57212	928.879471	928.724602	897.89115	897.797367	
12.58226	928.879471	928.724602	897.89115	897.797367	
12.59238	928.879471	928.724602	897.89115	897.797367	
12.6026	928.879471	928.724602	897.89115	897.797367	
12.61283	928.879471	928.724602	897.89115	897.797367	
12.62291	928.879471	928.724602	897.89115	897.797367	
12.63308	928.879471	928.724602	897.89115	897.797367	
12.64327	928.879471	928.724602	897.89115	897.797367	
12.65337	928.879471	928.724602	897.89115	897.797367	
12.66356	928.879471	928.724602	897.89115	897.797367	
12.67424	928.879471	928.724602	897.89115	897.797367	
12.68388	928.879471	928.724602	897.89115	897.797367	
12.69398	928.879471	928.724602	897.89115	897.797367	
12.70416	928.879471	928.724602	897.89115	897.797367	
12.71435	928.879471	928.724602	897.89115	897.797367	
12.72449	928.879471	928.724602	897.89115	897.797367	
12.73464	928.879471	928.724602	897.89115	897.797367	
12.7448	928.879471	928.724602	897.89115	897.797367	
12.75491	928.879471	928.724602	897.89115	897.797367	
12.76539	928.879471	928.724602	897.89115	897.797367	
12.77528	928.879471	928.724602	897.89115	897.797367	
12.78541	928.879471	928.724602	897.89115	897.797367	
12.79564	928.879471	928.724602	897.89115	897.797367	
12.80591	928.879471	928.724602	897.89115	897.797367	
12.81583	928.879471	928.724602	897.89115	897.797367	
12.82608	928.879471	928.724602	897.89115	897.797367	
12.83619	928.879471	928.724602	897.89115	897.797367	
12.84633	928.879471	928.724602	897.89115	897.797367	
12.85642	928.879471	928.724602	897.89115	897.797367	
12.86703	928.879471	928.724602	897.89115	897.797367	
12.87693	928.879471	928.724602	897.89115	897.797367	
12.88702	928.879471	928.724602	897.89115	897.797367	
12.89711	928.879471	928.724602	897.89115	897.797367	
12.90761	928.879471	928.724602	897.89115	897.797367	
12.91743	928.879471	928.724602	897.89115	897.797367	
12.92761	928.879471	928.724602	897.89115	897.797367	
12.93778	928.879471	928.724602	897.89115	897.797367	
12.94787	928.879471	928.724602	897.89115	897.797367	
12.96704	928.879471	928.724602	897.89115	897.797367	
12.97169	928.879471	928.724602	897.89115	897.797367	
12.98182	928.879471	928.724602	897.89115	897.797367	
12.99198	928.879471	928.724602	897.89115	897.797367	
13.00216	928.879471	928.724602	897.89115	897.797367	
13.0123	928.879471	928.724602	897.89115	897.797367	
13.02245	928.879471	928.724602	897.89115	897.797367	
13.03261	928.879471	928.724602	897.89115	897.797367	
13.04298	928.879471	928.724602	897.89115	897.797367	
13.05293	928.879471	928.724602	897.89115	897.797367	
13.06311	928.879471	928.724602	897.89115	897.797367	
13.07363	928.879471	928.724602	897.89115	897.797367	
13.08561	928.879471	928.724602	897.89115	897.797367	
13.09358	928.879471	928.724602	897.89115	897.797367	
13.1037	928.879471	928.724602	897.89115	897.797367	
13.11386	928.879471	928.724602	897.89115	897.797367	
13.12403	928.879471	928.724602	897.89115	897.797367	
13.13419	928.879471	928.724602	897.89115	897.797367	
13.14432	928.879471	928.724602	897.89115	897.797367	
13.15453	928.879471	928.724602	897.89115	897.797367	
13.16471	928.879471	928.724602	897.89115	897.797367	
13.18313	928.879471	928.724602	897.89115	897.797367	
13.18774	928.879471	928.724602	897.89115	897.797367	
13.19791	928.879471	928.724602	897.89115	897.797367	
13.20807	928.879471	928.724602	897.89115	897.797367	
13.21866	928.879471	928.724602	897.89115	897.797367	
13.22832	928.879471	928.724602	897.89115	897.797367	
13.23849	928.879471	928.724602	897.89115	897.797367	
13.24858	928.879471	928.724602	897.89115	897.797367	
13.25872	928.879471	928.724602	897.89115	897.797367	
13.26895	928.879471	928.724602	897.89115	897.797367	
13.27932	928.879471	928.724602	897.89115	897.797367	
13.28943	928.879471	928.724602	897.89115	897.797367	
13.30747	928.879471	928.724602	897.89115	897.797367	
13.31197	928.879471	928.724602	897.89115	897.797367	
13.3222	928.879471	928.724602	897.89115	897.797367	
13.33232	928.879471	928.724602	897.89115	897.797367	
13.34249	928.879471	928.724602	897.89115	897.797367	
13.35264	928.879471	928.724602	897.89115	897.797367	
13.36289	928.879471	928.724602	897.89115	897.797367	
13.37506	928.879471	928.724602	897.89115	897.797367	
13.38321	928.879471	928.724602	897.89115	897.797367	
13.39332	928.879471	928.724602	897.89115	897.797367	
13.40352	928.879471	928.724602	897.89115	897.797367	
13.4136	928.879471	928.724602	897.89115	897.797367	
13.42379	928.879471	928.724602	897.89115	897.797367	
13.43399	928.879471	928.724602	897.89115	897.797367	
13.44413	928.879471	928.724602	897.89115	897.797367	
13.45428	928.879471	928.724602	897.89115	897.797367	
13.46438	928.879471	928.724602	897.89115	897.797367	
13.47462	928.879471	928.724602	897.89115	897.797367	
13.48491	928.879471	928.724602	897.89115	897.797367	
13.49498	928.879471	928.724602	897.89115	897.797367	
13.50509	928.879471	928.724602	897.89115	897.797367	
13.51535	928.879471	928.724602	897.89115	897.797367	
13.52539	928.879471	928.724602	897.89115	897.797367	
13.53559	928.879471	928.724602	897.89115	897.797367	
13.54571	928.879471	928.724602	897.89115	897.797367	
13.5559	928.879471	928.733328	897.89115	897.797367	
13.56603	928.879471	928.733328	897.89115	897.797367	
13.57613	928.879471	928.742055	897.89115	897.797367	
13.58672	928.879471	928.742055	897.89115	897.797367	
13.59684	928.879471	928.742055	897.89115	897.797367	
13.60691	928.879471	928.750782	897.89115	897.797367	
13.61704	928.879471	928.759508	897.89115	897.797367	
13.62735	928.879471	928.759508	897.89115	897.797367	
13.63736	928.879471	928.759508	897.89115	897.797367	
13.64749	928.879471	928.759508	897.89115	897.797367	
13.65766	928.879471	928.759508	897.89115	897.797367	
13.66779	928.879471	928.759508	897.89115	897.797367	
13.67794	928.879471	928.759508	897.89115	897.797367	
13.68821	928.879471	928.759508	897.89115	897.797367	
13.69833	928.879471	928.759508	897.89115	897.797367	
13.70848	928.879471	928.759508	897.89115	897.797367	
13.71856	928.879471	928.759508	897.89115	897.797367	
13.72892	928.879471	928.759508	897.89115	897.797367	
13.73888	928.879471	928.759508	897.89115	897.797367	
13.74902	928.879471	928.759508	897.89115	897.797367	
13.75923	928.879471	928.759508	897.89115	897.797367	
13.76932	928.879471	928.759508	897.89115	897.797367	
13.78995	928.879471	928.759508	897.89115	897.797367	
13.79457	928.879471	928.759508	897.89115	897.797367	
13.80476	928.879471	928.759508	897.89115	897.797367	
13.81482	928.879471	928.759508	897.89115	897.797367	
13.82496	928.879471	928.759508	897.89115	897.797367	
13.83516	928.879471	928.759508	897.89115	897.797367	
13.84536	928.879471	928.759508	897.89115	897.797367	
13.85556	928.879471	928.759508	897.89115	897.797367	
13.86585	928.879471	928.759508	897.89115	897.797367	
13.87607	928.879471	928.759508	897.89115	897.797367	
13.8885	928.879471	928.759508	897.89115	897.797367	
13.89635	928.879471	928.759508	897.89115	897.797367	
13.9065	928.879471	928.759508	897.89115	897.797367	
13.91662	928.879471	928.759508	897.89115	897.797367	
13.92678	928.879471	928.759508	897.89115	897.797367	
13.93726	928.879471	928.759508	897.89115	897.797367	
13.94706	928.879471	928.759508	897.89115	897.797367	
13.9572	928.879471	928.759508	897.89115	897.797367	
13.96755	928.879471	928.759508	897.89115	897.797367	
13.97747	928.879471	928.759508	897.89115	897.797367	
13.98767	928.879471	928.759508	897.89115	897.797367	
13.99802	928.879471	928.759508	897.89115	897.797367	
14.00802	928.879471	928.759508	897.89115	897.797367	
14.0182	928.879471	928.759508	897.89115	897.797367	
14.02825	928.879471	928.759508	897.89115	897.797367	
14.03874	928.879471	928.759508	897.89115	897.797367	
14.04855	928.879471	928.759508	897.89115	897.797367	
14.0587	928.879471	928.759508	897.89115	897.797367	
14.0689	928.879471	928.759508	897.89115	897.797367	
14.07898	928.879471	928.759508	897.89115	897.797367	
14.09372	928.879471	928.759508	897.89115	897.797367	
14.09992	928.879471	928.759508	897.89115	897.797367	
14.10983	928.879471	928.759508	897.89115	897.797367	
14.11997	928.879471	928.759508	897.89115	897.797367	
14.13015	928.879471	928.759508	897.89115	897.797367	
14.14031	928.879471	928.759508	897.89115	897.797367	
14.15046	928.879471	928.759508	897.89115	897.797367	
14.16062	928.879471	928.759508	897.89115	897.797367	
14.1708	928.879471	928.759508	897.89115	897.797367	
14.181	928.879471	928.759508	897.89115	897.797367	
14.19112	928.879471	928.759508	897.89115	897.797367	
14.21292	928.879471	928.759508	897.89115	897.797367	
14.21752	928.879471	928.759508	897.89115	897.797367	
14.22767	928.879471	928.759508	897.89115	897.797367	
14.23783	928.879471	928.759508	897.89115	897.797367	
14.24794	928.879471	928.759508	897.89115	897.797367	
14.25817	928.879471	928.759508	897.89115	897.797367	
14.26826	928.879471	928.759508	897.89115	897.797367	
14.27838	928.879471	928.759508	897.89115	897.797367	
14.28888	928.879471	928.759508	897.89115	897.797367	
14.30096	928.879471	928.759508	897.89115	897.797367	
14.30925	928.879471	928.759508	897.89115	897.797367	
14.31937	928.879471	928.759508	897.89115	897.806094	
14.32957	928.879471	928.759508	897.89115	897.806094	
14.3397	928.879471	928.759508	897.89115	897.806094	
14.3501	928.879471	928.759508	897.89115	897.814821	
14.36019	928.879471	928.759508	897.89115	897.814821	
14.37036	928.879471	928.759508	897.89115	897.814821	
14.38053	928.879471	928.759508	897.89115	897.823547	
14.39067	928.879471	928.759508	897.89115	897.832274	
14.40089	928.879471	928.759508	897.89115	897.832274	
14.41152	928.879471	928.759508	897.89115	897.832274	
14.4212	928.879471	928.759508	897.89115	897.841	
14.43137	928.879471	928.759508	897.89115	897.849727	
14.44149	928.879471	928.759508	897.89115	897.858454	
14.45172	928.879471	928.759508	897.89115	897.86718	
14.46184	928.879471	928.759508	897.89115	897.86718	
14.47199	928.879471	928.759508	897.89115	897.875907	
14.48222	928.879471	928.759508	897.89115	897.884634	
14.49254	928.879471	928.759508	897.89115	897.89336	
14.50245	928.879471	928.759508	897.89115	897.902087	
14.51304	928.879471	928.759508	897.89115	897.902087	
14.52284	928.879471	928.759508	897.89115	897.902087	
14.53305	928.879471	928.759508	897.89115	897.902087	
14.54331	928.879471	928.759508	897.89115	897.902087	
14.55335	928.879471	928.759508	897.89115	897.902087	
14.56365	928.879471	928.759508	897.89115	897.902087	
14.57368	928.879471	928.759508	897.89115	897.902087	
14.58381	928.879471	928.759508	897.89115	897.902087	
14.59394	928.879471	928.759508	897.89115	897.902087	
14.60412	928.879471	928.759508	897.89115	897.902087	
14.61439	928.879471	928.759508	897.89115	897.902087	
14.62445	928.879471	928.759508	897.89115	897.902087	
14.63463	928.879471	928.759508	897.89115	897.902087	
14.64478	928.879471	928.759508	897.89115	897.902087	
14.65488	928.879471	928.759508	897.89115	897.902087	
14.66508	928.879471	928.759508	897.89115	897.902087	
14.67524	928.879471	928.759508	897.89115	897.902087	
14.68538	928.879471	928.759508	897.89115	897.902087	
14.69557	928.879471	928.759508	897.89115	897.902087	
14.70576	928.879471	928.759508	897.89115	897.902087	
14.71595	928.879471	928.759508	897.89115	897.902087	
14.72607	928.879471	928.759508	897.89115	897.902087	
14.7362	928.879471	928.759508	897.89115	897.902087	
14.74638	928.879471	928.759508	897.89115	897.902087	
14.75645	928.879471	928.759508	897.89115	897.902087	
14.76662	928.879471	928.759508	897.89115	897.902087	
14.77678	928.879471	928.759508	897.89115	897.902087	
14.78693	928.879471	928.759508	897.89115	897.902087	
14.7971	928.879471	928.759508	897.89115	897.902087	
14.80739	928.879471	928.759508	897.89115	897.902087	
14.81853	928.879471	928.759508	897.89115	897.902087	
14.82858	928.879471	928.759508	897.89115	897.902087	
14.83869	928.879471	928.759508	897.89115	897.902087	
14.84881	928.879471	928.759508	897.89115	897.902087	
14.85902	928.879471	928.759508	897.89115	897.902087	
14.86917	928.879471	928.759508	897.89115	897.902087	
14.87932	928.879471	928.759508	897.89115	897.902087	
14.88948	928.879471	928.759508	897.89115	897.902087	
14.89968	928.879471	928.759508	897.89115	897.902087	
14.91026	928.879471	928.759508	897.89115	897.902087	
14.92114	928.879471	928.759508	897.89115	897.902087	
14.93131	928.879471	928.759508	897.89115	897.902087	
14.94143	928.879471	928.759508	897.89115	897.902087	
14.95156	928.879471	928.759508	897.89115	897.902087	
14.96177	928.879471	928.759508	897.89115	897.902087	
14.97195	928.879471	928.759508	897.89115	897.902087	
14.98207	928.879471	928.759508	897.89115	897.902087	
14.99223	928.879471	928.759508	897.89115	897.902087	
15.00239	928.879471	928.759508	897.89115	897.902087	
15.01258	928.879471	928.759508	897.89115	897.902087	
15.02382	928.879471	928.759508	897.89115	897.902087	
15.03397	928.879471	928.759508	897.89115	897.902087	
15.04415	928.879471	928.759508	897.89115	897.902087	
15.05428	928.879471	928.759508	897.89115	897.902087	
15.06442	928.879471	928.759508	897.89115	897.902087	
15.0746	928.879471	928.759508	897.89115	897.902087	
15.08475	928.879471	928.759508	897.89115	897.902087	
15.09491	928.879471	928.759508	897.89115	897.902087	
15.10508	928.879471	928.759508	897.89115	897.902087	
15.11519	928.879471	928.759508	897.89115	897.902087	
15.12651	928.879471	928.759508	897.89115	897.902087	
15.13675	928.879471	928.759508	897.89115	897.902087	
15.14684	928.879471	928.759508	897.89115	897.902087	
15.16481	928.879471	928.759508	897.89115	897.902087	
15.16941	928.879471	928.759508	897.89115	897.902087	
15.17966	928.879471	928.759508	897.89115	897.902087	
15.18972	928.879471	928.759508	897.89115	897.902087	
15.19987	928.879471	928.759508	897.89115	897.902087	
15.21001	928.879471	928.759508	897.89115	897.902087	
15.22022	928.879471	928.759508	897.89115	897.902087	
15.23042	928.879471	928.759508	897.89115	897.902087	
15.24059	928.879471	928.759508	897.89115	897.902087	
15.25074	928.879471	928.759508	897.89115	897.902087	
15.26091	928.879471	928.759508	897.89115	897.902087	
15.27106	928.879471	928.759508	897.89115	897.902087	
15.28121	928.879471	928.759508	897.89115	897.902087	
15.29145	928.879471	928.759508	897.89115	897.902087	
15.30153	928.879471	928.759508	897.89115	897.902087	
15.31167	928.879471	928.759508	897.89115	897.902087	
15.32183	928.879471	928.768235	897.89115	897.902087	
15.33208	928.879471	928.768235	897.89115	897.902087	
15.34221	928.879471	928.768235	897.89115	897.902087	
15.35235	928.879471	928.768235	897.89115	897.902087	
15.36252	928.879471	928.768235	897.89115	897.902087	
15.37266	928.879471	928.768235	897.89115	897.902087	
15.38284	928.879471	928.768235	897.89115	897.902087	
15.39302	928.879471	928.768235	897.89115	897.902087	
15.40316	928.879471	928.776961	897.89115	897.902087	
15.41332	928.879471	928.776961	897.89115	897.902087	
15.42344	928.879471	928.776961	897.89115	897.902087	
15.43503	928.879471	928.776961	897.89115	897.902087	
15.44477	928.879471	928.776961	897.89115	897.902087	
15.45493	928.879471	928.785688	897.89115	897.902087	
15.46509	928.879471	928.785688	897.89115	897.902087	
15.47521	928.879471	928.794415	897.89115	897.902087	
15.48548	928.879471	928.794415	897.89115	897.902087	
15.49567	928.879471	928.794415	897.89115	897.902087	
15.50576	928.879471	928.803141	897.89115	897.902087	
15.516	928.879471	928.803141	897.89115	897.902087	
15.52606	928.879471	928.811868	897.89115	897.902087	
15.53764	928.879471	928.811868	897.89115	897.902087	
15.54766	928.879471	928.820595	897.89115	897.902087	
15.5577	928.879471	928.829321	897.89115	897.902087	
15.56781	928.879471	928.829321	897.89115	897.902087	
15.57839	928.879471	928.829321	897.89115	897.902087	
15.58822	928.879471	928.846775	897.89115	897.902087	
15.5983	928.879471	928.846775	897.89115	897.902087	
15.60844	928.879471	928.846775	897.89115	897.902087	
15.61856	928.879471	928.855501	897.89115	897.902087	
15.62896	928.879471	928.864228	897.89115	897.902087	
15.6396	928.879471	928.864228	897.89115	897.902087	
15.64957	928.879471	928.864228	897.89115	897.902087	
15.65975	928.879471	928.872955	897.89115	897.902087	
15.66982	928.879471	928.872955	897.89115	897.902087	
15.6802	928.879471	928.872955	897.89115	897.902087	
15.69039	928.879471	928.872955	897.89115	897.902087	
15.70051	928.879471	928.872955	897.89115	897.902087	
15.71067	928.879471	928.872955	897.89115	897.902087	
15.72078	928.879471	928.872955	897.89115	897.902087	
15.731	928.879471	928.872955	897.89115	897.902087	
15.74122	928.879471	928.872955	897.89115	897.902087	
15.75133	928.879471	928.872955	897.89115	897.902087	
15.76151	928.879471	928.872955	897.89115	897.902087	
15.77175	928.879471	928.872955	897.89115	897.902087	
15.78183	928.879471	928.872955	897.89115	897.902087	
15.79199	928.879471	928.872955	897.89115	897.902087	
15.80218	928.879471	928.872955	897.89115	897.902087	
15.81228	928.879471	928.872955	897.89115	897.902087	
15.82248	928.879471	928.872955	897.89115	897.902087	
15.83264	928.879471	928.872955	897.89115	897.902087	
15.84279	928.879471	928.872955	897.89115	897.902087	
15.853	928.879471	928.872955	897.89115	897.902087	
15.86307	928.879471	928.872955	897.89115	897.902087	
15.87326	928.879471	928.872955	897.89115	897.902087	
15.88346	928.879471	928.872955	897.89115	897.902087	
15.89353	928.879471	928.872955	897.89115	897.902087	
15.90374	928.879471	928.872955	897.89115	897.902087	
15.91389	928.879471	928.872955	897.89115	897.902087	
15.92406	928.879471	928.872955	897.89115	897.902087	
15.93421	928.879471	928.872955	897.89115	897.902087	
15.94433	928.879471	928.872955	897.89115	897.902087	
15.96255	928.879471	928.872955	897.89115	897.902087	
15.96712	928.879471	928.872955	897.89115	897.902087	
15.97727	928.879471	928.872955	897.89115	897.902087	
15.98741	928.879471	928.872955	897.89115	897.902087	
15.99753	928.879471	928.872955	897.89115	897.902087	
16.00767	928.879471	928.872955	897.89115	897.902087	
16.01783	928.879471	928.872955	897.89115	897.902087	
16.02809	928.879471	928.872955	897.89115	897.902087	
16.03819	928.879471	928.872955	897.89115	897.902087	
16.04831	928.879471	928.872955	897.89115	897.902087	
16.05846	928.879471	928.872955	897.89115	897.902087	
16.06856	928.879471	928.872955	897.89115	897.902087	
16.07872	928.879471	928.872955	897.89115	897.902087	
16.08884	928.879471	928.872955	897.89115	897.902087	
16.09905	928.879471	928.872955	897.89115	897.902087	
16.10923	928.879471	928.872955	897.89115	897.902087	
16.11933	928.879471	928.872955	897.89115	897.902087	
16.12957	928.879471	928.872955	897.89115	897.902087	
16.1398	928.879471	928.872955	897.89115	897.902087	
16.14988	928.879471	928.872955	897.89115	897.902087	
16.16006	928.879471	928.872955	897.89115	897.902087	
16.17025	928.879471	928.872955	897.89115	897.902087	
16.18037	928.879471	928.872955	897.89115	897.902087	
16.1905	928.879471	928.872955	897.89115	897.902087	
16.21014	928.879471	928.872955	897.89115	897.902087	
16.21472	928.879471	928.872955	897.89115	897.902087	
16.22487	928.879471	928.872955	897.89115	897.902087	
16.23504	928.879471	928.872955	897.89115	897.902087	
16.24529	928.879471	928.872955	897.89115	897.902087	
16.25534	928.879471	928.872955	897.89115	897.902087	
16.26558	928.879471	928.872955	897.89115	897.902087	
16.27602	928.879471	928.872955	897.89115	897.902087	
16.28602	928.879471	928.872955	897.89115	897.902087	
16.29601	928.879471	928.872955	897.89115	897.902087	
16.30615	928.879471	928.872955	897.89115	897.902087	
16.3163	928.879471	928.872955	897.89115	897.902087	
16.32644	928.879471	928.872955	897.89115	897.902087	
16.33658	928.879471	928.872955	897.89115	897.902087	
16.34675	928.879471	928.872955	897.89115	897.902087	
16.35685	928.879471	928.872955	897.89115	897.902087	
16.36714	928.879471	928.872955	897.89115	897.902087	
16.37716	928.879471	928.872955	897.89115	897.902087	
16.38741	928.879471	928.872955	897.89115	897.902087	
16.39745	928.879471	928.872955	897.89115	897.902087	
16.40758	928.879471	928.872955	897.89115	897.902087	
16.41775	928.879471	928.872955	897.89115	897.902087	
16.428	928.879471	928.872955	897.89115	897.902087	
16.44635	928.879471	928.872955	897.89115	897.902087	
16.45094	928.879471	928.872955	897.89115	897.902087	
16.46115	928.879471	928.872955	897.89115	897.902087	
16.47125	928.879471	928.872955	897.89115	897.902087	
16.48143	928.879471	928.872955	897.89115	897.902087	
16.49166	928.879471	928.872955	897.89115	897.902087	
16.5017	928.879471	928.872955	897.89115	897.902087	
16.51189	928.879471	928.872955	897.89115	897.902087	
16.52204	928.879471	928.872955	897.89115	897.902087	
16.53221	928.879471	928.872955	897.89115	897.902087	
16.54234	928.879471	928.872955	897.89115	897.902087	
16.55255	928.879471	928.872955	897.89115	897.902087	
16.56271	928.879471	928.872955	897.89115	897.902087	
16.57286	928.879471	928.872955	897.89115	897.902087	
16.58304	928.879471	928.872955	897.89115	897.902087	
16.59318	928.879471	928.872955	897.89115	897.902087	
16.60335	928.879471	928.872955	897.89115	897.902087	
16.61349	928.879471	928.872955	897.89115	897.902087	
16.62364	928.879471	928.872955	897.89115	897.902087	
16.63382	928.879471	928.872955	897.89115	897.902087	
16.64401	928.879471	928.872955	897.89115	897.902087	
16.65412	928.879471	928.872955	897.89115	897.902087	
16.66427	928.879471	928.872955	897.89115	897.902087	
16.67448	928.879471	928.872955	897.89115	897.902087	
16.68479	928.879471	928.872955	897.89115	897.902087	
16.69475	928.879471	928.872955	897.89115	897.902087	
16.70489	928.879471	928.872955	897.89115	897.902087	
16.71507	928.879471	928.872955	897.89115	897.902087	
16.72529	928.879471	928.872955	897.89115	897.902087	
16.7354	928.879471	928.872955	897.89115	897.902087	
16.74557	928.879471	928.872955	897.89115	897.902087	
16.75572	928.879471	928.872955	897.89115	897.902087	
16.76585	928.879471	928.872955	897.89115	897.902087	
16.776	928.879471	928.872955	897.89115	897.902087	
16.78636	928.879471	928.872955	897.89115	897.902087	
16.79631	928.879471	928.872955	897.89115	897.902087	
16.80646	928.879471	928.872955	897.89115	897.902087	
16.81671	928.879471	928.872955	897.89115	897.902087	
16.82677	928.879471	928.872955	897.89115	897.902087	
16.83693	928.879471	928.872955	897.89115	897.902087	
16.84709	928.879471	928.872955	897.89115	897.902087	
16.85727	928.879471	928.872955	897.89115	897.902087	
16.86737	928.879471	928.872955	897.89115	897.902087	
16.87753	928.879471	928.872955	897.89115	897.902087	
16.88767	928.879471	928.872955	897.89115	897.902087	
16.89786	928.879471	928.872955	897.89115	897.902087	
16.90809	928.879471	928.872955	897.89115	897.902087	
16.91818	928.879471	928.872955	897.89115	897.902087	
16.92826	928.879471	928.872955	897.89115	897.902087	
16.93878	928.879471	928.872955	897.89115	897.902087	
16.94857	928.879471	928.872955	897.89115	897.902087	
16.95871	928.879471	928.872955	897.89115	897.902087	
16.96886	928.879471	928.872955	897.89115	897.902087	
16.97904	928.879471	928.872955	897.89115	897.902087	
16.98924	928.879471	928.872955	897.89115	897.902087	
16.99935	928.879471	928.872955	897.89115	897.902087	
17.00957	928.879471	928.872955	897.89115	897.902087	
17.01979	928.879471	928.872955	897.89115	897.902087	
17.02987	928.879471	928.872955	897.89115	897.902087	
17.04002	928.879471	928.872955	897.89115	897.902087	
17.05041	928.879471	928.872955	897.89115	897.902087	
17.06053	928.879471	928.872955	897.89115	897.902087	
17.07069	928.879471	928.872955	897.89115	897.902087	
17.08087	928.879471	928.872955	897.89115	897.902087	
17.09106	928.879471	928.872955	897.89115	897.902087	
17.10133	928.879471	928.872955	897.89115	897.902087	
17.11135	928.879471	928.872955	897.89115	897.902087	
17.12147	928.879471	928.872955	897.89115	897.902087	
17.13173	928.879471	928.872955	897.89115	897.902087	
17.14177	928.879471	928.872955	897.89115	897.902087	
17.15196	928.879471	928.872955	897.89115	897.902087	
17.17567	928.879471	928.872955	897.89115	897.902087	
17.1809	928.879471	928.872955	897.89115	897.902087	
