1.706737	
1.716524	
1.726595	
1.736682	
1.747141	
1.757031	
1.767166	
1.777301	
1.787446	
1.797584	
1.808073	
1.818088	
1.828238	
1.838351	
1.848494	
1.858912	
1.868786	
1.878919	
1.889107	
1.899221	
1.917226	
1.921561	
1.931708	
1.946864	
1.952285	
1.962661	
1.979762	
1.989914	
2.000161	
2.010546	
2.020487	
2.030715	
2.041033	
2.051045	
2.061216	
2.071387	
2.08157	
2.091815	
2.102029	
2.112411	
2.122687	
2.132681	
2.143045	
2.153151	
2.163302	
2.1737	
2.184066	
2.194128	
2.204376	
2.214761	
2.22501	
2.235017	
2.245484	
2.255464	
2.265799	
2.275886	
2.286077	
2.2963	
2.306623	
2.316885	
2.326935	
2.337178	
2.347364	
2.357572	
2.376287	
2.389342	
2.394144	
2.404427	
2.414474	
2.424873	
2.435163	
2.445126	
2.455409	
2.465507	
2.475936	
2.485995	
2.496172	
2.506508	
2.516625	
2.526834	
2.53704	
2.547411	
2.557465	
2.567878	
2.577958	
2.596422	
2.601078	
2.611385	
2.62158	
2.631686	
2.64187	
2.652141	
2.66232	
2.672485	
2.682785	
2.693037	
2.703182	
2.713398	
2.72358	
2.733946	
2.744026	
2.754393	
2.764471	
2.774634	
2.784855	
2.795055	
2.805241	
2.815446	
2.825696	
2.836059	
2.846073	
2.85632	
2.874709	
2.879465	
2.898092	
2.903028	
2.912947	
2.923179	
2.933386	
2.943759	
2.95396	
2.964054	
2.974243	
2.984623	
2.99486	
3.004975	
3.015434	
3.025574	
3.035626	
3.045845	
3.057708	958.85025	958.848984	927.914289	927.913023	
3.067446	958.851797	958.848984	927.915836	927.913023	
3.077668	958.854063	958.848984	927.918102	927.913023	
3.087991	958.857006	958.848984	927.921045	927.913023	
3.098179	958.860503	958.848984	927.924542	927.913023	
3.108604	958.864755	958.848984	927.928794	927.913023	
3.118526	958.869376	958.857711	927.933415	927.913023	
3.128831	958.874826	958.857711	927.938865	927.913023	
3.139063	958.880864	958.857711	927.944903	927.913023	
3.149213	958.887467	958.857711	927.951506	927.913023	
3.159848	958.895082	958.857711	927.959121	927.913023	
3.170116	958.903049	958.857711	927.967088	927.913023	
3.1802	958.911476	958.857711	927.975515	927.913023	
3.190337	958.920573	958.857711	927.984612	927.913023	
3.200489	958.930302	958.857711	927.994341	927.913023	
3.210658	958.940668	958.857711	928.004707	927.913023	
3.220829	958.951656	958.857711	928.015695	927.92175	
3.230975	958.96323	958.866438	928.027269	927.92175	
3.241134	958.97545	958.866438	928.039489	927.92175	
3.251286	958.98827	958.866438	928.052309	927.930477	
3.26149	959.001785	958.875164	928.065824	927.939203	
3.271652	959.015865	958.883891	928.079904	927.956657	
3.281848	959.030606	958.901344	928.094645	927.965383	
3.292034	959.045966	958.910071	928.110005	927.991563	
3.302161	959.061852	958.927524	928.125891	928.009017	
3.312326	959.078407	958.944978	928.142446	928.02647	
3.322709	959.09598	958.971158	928.160019	928.061376	
3.332793	959.113644	958.988611	928.177683	928.087556	
3.343035	959.132223	959.023517	928.196262	928.113736	
3.353264	959.151411	959.049697	928.21545	928.139916	
3.363976	959.172208	959.075877	928.236247	928.166096	
3.373815	959.191845	959.110784	928.255884	928.201003	
3.383997	959.212814	959.136964	928.276853	928.235909	
3.394152	959.234347	959.17187	928.298386	928.270816	
3.404242	959.256343	959.19805	928.320382	928.296996	
3.414829	959.280133	959.232957	928.344172	928.331902	
3.424545	959.302493	959.267863	928.366532	928.358082	
3.434738	959.326573	959.294043	928.390612	928.384262	
3.444845	959.351072	959.32895	928.415111	928.410442	
3.454958	959.3762	959.35513	928.440239	928.436622	
3.466689	959.406257	959.390037	928.470296	928.462802	
3.476502	959.431889	959.416216	928.495928	928.488982	
3.486578	959.458838	959.442396	928.522877	928.515162	
3.496736	959.486622	959.45985	928.550661	928.532615	
3.507155	959.5158	959.48603	928.579839	928.558795	
3.517007	959.543927	959.51221	928.607966	928.584975	
3.527225	959.57377	959.53839	928.637809	928.602429	
3.537367	959.60397	959.555843	928.668009	928.619882	
3.547472	959.634686	959.582023	928.698725	928.646062	
3.557602	959.666107	959.599476	928.730146	928.672242	
3.569042	959.702434	959.634383	928.766473	928.698422	
3.579687	959.736857	959.651836	928.800896	928.724602	
3.589815	959.770214	959.686743	928.834253	928.759508	
3.599943	959.804296	959.712922	928.868335	928.785688	
3.610144	959.839035	959.739102	928.903074	928.811868	
3.620306	959.874367	959.774009	928.938406	928.846775	
3.63045	959.910267	959.808916	928.974306	928.881681	
3.640631	959.946911	959.852549	929.01095	928.916588	
3.650803	959.984135	959.887455	929.048174	928.951494	
3.660921	960.021781	959.931089	929.08582	928.995128	
3.671941	960.06371	959.974722	929.127749	929.038761	
3.681847	960.101638	960.018355	929.165677	929.082394	
3.692064	960.141573	960.061988	929.205612	929.126027	
3.702146	960.181566	960.105622	929.245605	929.169661	
3.712256	960.222297	960.157981	929.286336	929.213294	
3.722518	960.264272	960.210341	929.328311	929.265654	
3.732612	960.306174	960.253975	929.370213	929.318014	
3.742743	960.348847	960.297608	929.412886	929.361647	
3.752904	960.392259	960.349968	929.456298	929.40528	
3.763049	960.436219	960.402327	929.500258	929.45764	
3.782525	960.523478	960.454687	929.587517	929.51	
3.787106	960.543888	960.507047	929.607927	929.571086	
3.797243	960.589892	960.559407	929.653931	929.623446	
3.807364	960.636448	960.60304	929.700487	929.667079	
3.81755	960.683931	960.6554	929.74797	929.719439	
3.827688	960.731782	960.699033	929.795822	929.771799	
3.845748	960.819467	960.751393	929.883506	929.815432	
3.850305	960.841501	960.803753	929.90554	929.876519	
3.860416	960.891223	960.856113	929.955262	929.920152	
3.872983	960.9541	960.908473	930.018139	929.972512	
3.880829	960.993567	960.960833	930.057606	930.016145	
3.891014	961.04551	961.013193	930.109549	930.068505	
3.901115	961.09765	961.065553	930.161689	930.120865	
3.911254	961.150609	961.109186	930.214648	930.164498	
3.921404	961.204234	961.161546	930.268273	930.216858	
3.931564	961.258531	961.213906	930.32257	930.260491	
3.941722	961.313452	961.266265	930.377491	930.321578	
3.95191	961.369149	961.318625	930.433188	930.365211	
3.962026	961.425064	961.370985	930.489103	930.426298	
3.972228	961.482092	961.432072	930.546131	930.478657	
3.982427	961.53974	961.484432	930.603779	930.531017	
3.992549	961.597508	961.536792	930.661547	930.583377	
4.002945	961.657531	961.606605	930.72157	930.644464	
4.013001	961.716176	961.658965	930.780215	930.70555	
4.023194	961.776266	961.720051	930.840305	930.766637	
4.03335	961.836755	961.781138	930.900794	930.818997	
4.043488	961.897748	961.850951	930.961787	930.88881	
4.053678	961.959671	961.912037	931.02371	930.949896	
4.063768	962.021595	961.973124	931.085634	931.010983	
4.074	962.08506	962.042937	931.149099	931.072069	
4.084618	962.151601	962.104024	931.21564	931.141883	
4.094377	962.213238	962.173837	931.277277	931.211696	
4.104501	962.277852	962.234923	931.341891	931.272782	
4.114711	962.343629	962.304736	931.407668	931.342595	
4.124753	962.408964	962.37455	931.473003	931.412409	
4.134941	962.475822	962.444363	931.539861	931.482222	
4.145191	962.543746	962.514176	931.607785	931.552035	
4.155341	962.611643	962.583989	931.675682	931.621848	
4.165482	962.680049	962.653802	931.744088	931.691661	
4.175787	962.75028	962.723615	931.814319	931.761474	
4.186039	962.820744	962.802155	931.884783	931.831288	
4.196173	962.890933	962.880695	931.954972	931.901101	
4.206246	962.961404	962.950508	932.025443	931.979641	
4.216441	963.033307	963.020321	932.097346	932.049454	
4.226944	963.108082	963.090135	932.172121	932.119267	
4.236702	963.178075	963.168674	932.242114	932.18908	
4.246834	963.251385	963.238488	932.315424	932.258893	
4.256982	963.32543	963.308301	932.389469	932.337433	
4.267157	963.400323	963.378114	932.464362	932.407246	
4.277276	963.47544	963.447927	932.539479	932.485786	
4.288001	963.556013	963.51774	932.620052	932.555599	
4.2979	963.63033	963.59628	932.694369	932.634139	
4.308021	963.707276	963.666093	932.771315	932.703952	
4.318142	963.784844	963.735906	932.848883	932.773765	
4.328647	963.866053	963.80572	932.930092	932.852305	
4.338427	963.942173	963.875533	933.006212	932.930845	
4.348584	964.021865	963.954073	933.085904	933.009385	
4.358698	964.101816	964.032612	933.165856	933.087925	
4.368854	964.18276	964.111152	933.246799	933.166465	
4.379061	964.264737	964.189692	933.328776	933.245004	
4.390947	964.36112	964.276958	933.425159	933.332271	
4.400829	964.44172	964.364225	933.505759	933.419537	
4.411036	964.52563	964.451491	933.589669	933.498077	
4.421129	964.60922	964.530031	933.673259	933.576617	
4.431312	964.694171	964.617298	933.75821	933.663883	
4.441484	964.779668	964.704564	933.843707	933.75115	
4.451623	964.865503	964.791831	933.929542	933.838416	
4.461732	964.951671	964.887824	934.01571	933.925683	
4.471896	965.038972	964.97509	934.103011	934.021676	
4.482075	965.12699	965.062357	934.191029	934.108942	
4.493481	965.226486	965.167076	934.290525	934.213662	
4.503581	965.315086	965.254343	934.379125	934.309655	
4.513722	965.40469	965.341609	934.468729	934.396922	
4.523912	965.495397	965.437602	934.559436	934.492915	
4.534003	965.585768	965.524869	934.649807	934.588908	
4.544225	965.678034	965.620862	934.742073	934.684901	
4.554348	965.769927	965.708128	934.833966	934.780894	
4.564502	965.862758	965.804122	934.926797	934.876887	
4.574672	965.956404	965.900115	935.020443	934.97288	
4.584823	966.050417	965.987381	935.114456	935.068873	
4.596039	966.155163	966.092101	935.219202	935.173593	
4.60621	966.250696	966.188094	935.314735	935.26086	
4.61645	966.351433	966.284087	935.415472	935.356853	
4.627369	966.451447	966.388807	935.515486	935.461572	
4.637342	966.546967	966.4848	935.611006	935.548839	
4.647454	966.644427	966.580793	935.708466	935.644832	
4.657629	966.743127	966.685513	935.807166	935.740825	
4.667796	966.842427	966.772779	935.906466	935.836818	
4.67808	966.94347	966.877499	936.007509	935.932811	
4.688409	967.045546	966.982219	936.109585	936.020078	
4.698763	967.148553	967.086939	936.212592	936.124798	
4.708864	967.249677	967.182932	936.313716	936.229517	
4.718995	967.351658	967.278925	936.415697	936.334237	
4.729106	967.454071	967.383645	936.51811	936.43023	
4.74761	967.644065	967.575631	936.708104	936.61349	
4.752185	967.691275	967.619264	936.755314	936.66585	
4.762362	967.796037	967.723984	936.860076	936.770569	
4.772459	967.900964	967.828703	936.965003	936.875289	
4.782831	968.009456	967.94215	937.073495	936.980009	
4.792779	968.11395	968.04687	937.177989	937.084729	
4.803038	968.222459	968.160316	937.286498	937.189448	
4.813574	968.334573	968.273762	937.398612	937.302895	
4.823272	968.438204	968.378482	937.502243	937.407615	
4.833463	968.547853	968.491929	937.611892	937.521061	
4.843567	968.657144	968.605375	937.721183	937.634507	
4.853756	968.767925	968.718821	937.831964	937.747954	
4.863906	968.878975	968.832268	937.943014	937.8614	
4.874066	968.990721	968.945714	938.05476	937.974847	
4.884309	969.104057	969.067887	938.168096	938.079566	
4.894369	969.215926	969.181334	938.279965	938.193013	
4.912791	969.423368	969.390773	938.487407	938.402452	
4.917348	969.474533	969.443133	938.538572	938.463539	
4.927502	969.589469	969.565306	938.653508	938.568259	
4.937658	969.705057	969.670026	938.769096	938.690432	
4.956121	969.91773	969.792199	938.981769	938.812605	
4.960651	969.969801	969.931825	939.03384	938.952231	
4.970894	970.088425	970.053998	939.152464	939.074404	
4.980965	970.205671	970.158718	939.26971	939.196577	
4.991141	970.324777	970.280891	939.388816	939.31875	
5.004084	970.477447	970.403064	939.541486	939.440923	
5.011579	970.565872	970.516511	939.629911	939.55437	
5.021723	970.686452	970.629957	939.750491	939.676543	
5.031865	970.807601	970.75213	939.87164	939.798716	
5.042028	970.929633	970.874303	939.993672	939.920889	
5.05228	971.052669	970.987749	940.116708	940.043062	
5.062387	971.173929	971.109922	940.237968	940.165235	
5.072536	971.295729	971.232096	940.359768	940.278681	
5.082785	971.418717	971.345542	940.482756	940.409581	
5.092811	971.539017	971.467715	940.603056	940.531754	
5.105463	971.690985	971.589888	940.755024	940.653927	
5.113201	971.783745	971.712061	940.847784	940.784827	
5.123335	971.905293	971.834234	940.969332	940.907	
5.133475	972.027009	971.956407	941.091048	941.029173	
5.143583	972.148281	972.087307	941.21232	941.151346	
5.153801	972.270945	972.20948	941.334984	941.282246	
5.163956	972.392769	972.331653	941.456808	941.404419	
5.174047	972.513849	972.462553	941.577888	941.535318	
5.184241	972.636597	972.584726	941.700636	941.657491	
5.194365	972.757689	972.706899	941.821728	941.779664	
5.204567	972.880113	972.829072	941.944152	941.893111	
5.214781	973.002717	972.959971	942.066756	942.02401	
5.224912	973.124277	973.082145	942.188316	942.137457	
5.235136	973.246953	973.204318	942.310992	942.25963	
5.245211	973.367829	973.326491	942.431868	942.381803	
5.255647	973.494321	973.448664	942.55836	942.503976	
5.265544	973.611849	973.570837	942.675888	942.626149	
5.275667	973.733337	973.69301	942.797376	942.739595	
5.285795	973.854849	973.815183	942.918888	942.861769	
5.295944	973.976649	973.937356	943.040688	942.983942	
5.306068	974.098173	974.059529	943.162212	943.106115	
5.316465	974.222961	974.181702	943.287	943.228288	
5.326478	974.343069	974.303875	943.407108	943.350461	
5.336566	974.464101	974.426048	943.52814	943.463907	
5.34679	974.586789	974.548221	943.650828	943.58608	
5.357153	974.711205	974.670394	943.775244	943.708253	
5.366987	974.829165	974.792567	943.893204	943.830426	
5.377124	974.950797	974.91474	944.014836	943.943873	
5.38729	975.072789	975.04564	944.136828	944.074772	
5.397414	975.194277	975.167813	944.258316	944.196945	
5.407551	975.315981	975.289986	944.38002	944.319118	
5.417995	975.441321	975.412159	944.50536	944.432565	
5.427952	975.560769	975.534332	944.624808	944.563465	
5.438043	975.681837	975.656505	944.745876	944.685638	
5.448157	975.803589	975.787405	944.867628	944.807811	
5.458704	975.929805	975.909578	944.993844	944.929984	
5.46849	976.047177	976.023024	945.111216	945.052157	
5.478629	976.168857	976.153924	945.232896	945.17433	
5.488781	976.290717	976.26737	945.354756	945.296503	
5.498941	976.412613	976.389543	945.476652	945.418676	
5.5091	976.534569	976.511716	945.598608	945.540849	
5.520283	976.669197	976.63389	945.733236	945.671749	
5.530346	976.789461	976.756063	945.8535	945.793922	
5.540511	976.910516	976.878236	945.974555	945.916095	
5.550651	977.030671	976.991682	946.09471	946.038268	
5.560826	977.150599	977.105128	946.214638	946.160441	
5.571023	977.270176	977.227301	946.334215	946.282614	
5.583163	977.411693	977.349475	946.475732	946.404787	
5.59124	977.505382	977.471648	946.569421	946.518233	
5.601446	977.623211	977.585094	946.68725	946.640406	
5.611532	977.739074	977.69854	946.803113	946.762579	
5.623317	977.873585	977.838167	946.937624	946.893479	
5.63313	977.984965	977.942886	947.049004	947.015652	
5.643331	978.100187	978.06506	947.164226	947.137825	
5.653443	978.213786	978.187233	947.277825	947.259998	
5.663558	978.32683	978.291952	947.390869	947.373445	
5.673728	978.43988	978.414125	947.503919	947.486891	
5.683894	978.552226	978.527572	947.616265	947.609064	
5.694029	978.663639	978.641018	947.727678	947.713784	
5.704191	978.775101	978.745738	947.83914	947.82723	
5.714319	978.884865	978.867911	947.948904	947.940677	
5.725912	979.010115	978.990084	948.074154	948.06285	
5.736007	979.118466	979.094804	948.182505	948.176296	
5.746156	979.226899	979.20825	948.290938	948.281016	
5.756337	979.335033	979.31297	948.399072	948.394462	
5.76659	979.443324	979.426416	948.507363	948.499182	
5.776603	979.548469	979.531136	948.612508	948.603902	
5.786833	979.655242	979.635856	948.719281	948.708622	
5.796878	979.759498	979.740576	948.823537	948.813341	
5.806986	979.863807	979.845295	948.927846	948.918061	
5.8172	979.968656	979.950015	949.032695	949.014054	
5.828625	980.085047	980.063462	949.149086	949.127501	
5.838757	980.187614	980.168181	949.251653	949.23222	
5.848883	980.28958	980.264174	949.353619	949.328213	
5.859042	980.391262	980.368894	949.455301	949.424206	
5.869158	980.491925	980.473614	949.555964	949.528926	
5.879368	980.59286	980.578334	949.656899	949.633646	
5.889508	980.692493	980.674327	949.756532	949.729639	
5.899622	980.791262	980.779047	949.855301	949.825632	
5.909742	980.889528	980.87504	949.953567	949.921625	
5.919887	980.987412	980.979759	950.051451	950.017618	
5.931584	981.099447	981.084479	950.163486	950.122338	
5.941405	981.192833	981.189199	950.256872	950.227058	
5.951579	981.289076	981.285192	950.353115	950.323051	
5.961757	981.38474	981.381185	950.448779	950.419044	
5.971864	981.479103	981.477178	950.543142	950.515037	
5.982018	981.573299	981.573171	950.637338	950.61103	
5.992201	981.667474	981.669164	950.731513	950.707024	
6.002546	981.761843	981.765158	950.825882	950.803017	
6.012556	981.85287	981.861151	950.916909	950.890283	
6.022659	981.944141	981.957144	951.00818	950.995003	
6.03397	982.045623	982.061864	951.109662	951.090996	
6.044084	982.135668	982.14913	951.199707	951.186989	
6.054216	982.22529	982.236396	951.289329	951.274256	
6.064401	982.314762	982.323663	951.378801	951.370249	
6.074496	982.402848	982.410929	951.466887	951.448788	
6.084709	982.491375	982.489469	951.555414	951.544782	
6.094833	982.57849	982.568009	951.642529	951.623321	
6.104973	982.665139	982.655275	951.729178	951.719314	
6.115168	982.751629	982.733815	951.815668	951.797854	
6.125224	982.836361	982.812355	951.9004	951.885121	
6.136579	982.931242	982.899622	951.995281	951.972387	
6.147053	983.018139	982.986888	952.082178	952.059654	
6.156833	983.098641	983.065428	952.16268	952.138193	
6.166945	983.181343	983.143968	952.245382	952.216733	
6.177188	983.264496	983.231234	952.328535	952.295273	
6.187363	983.346493	983.309774	952.410532	952.38254	
6.19742	983.426853	983.388314	952.490892	952.461079	
6.207562	983.50732	983.47558	952.571359	952.539619	
6.217698	983.587153	983.55412	952.651192	952.618159	
6.237916	983.743421	983.63266	952.80746	952.696699	
6.242538	983.779176	983.754833	952.843215	952.810145	
6.252671	983.856836	983.833373	952.920875	952.888685	
6.262804	983.933924	983.911913	952.997963	952.975952	
6.272938	984.010425	983.990452	953.074464	953.054491	
6.283179	984.087094	984.068992	953.151133	953.141758	
6.293295	984.162223	984.147532	953.226262	953.220298	
6.303418	984.236782	984.226072	953.300821	953.298837	
6.313628	984.311397	984.295885	953.375436	953.377377	
6.323714	984.384463	984.374425	953.448502	953.455917	
6.333889	984.457594	984.452965	953.521633	953.534457	
6.344116	984.530532	984.522778	953.594571	953.60427	
6.354274	984.602243	984.592591	953.666282	953.68281	
6.364492	984.673813	984.662404	953.737852	953.752623	
6.374586	984.743887	984.732217	953.807926	953.822436	
6.3847	984.813528	984.80203	953.877567	953.892249	
6.39499	984.883755	984.871844	953.947794	953.953336	
6.40505	984.951799	984.941657	954.015838	954.023149	
6.415211	985.019925	985.01147	954.083964	954.084236	
6.425364	985.087381	985.072556	954.15142	954.145322	
6.435688	985.155824	985.133643	954.219863	954.206409	
6.446134	985.223498	985.203456	954.287537	954.267495	
6.455859	985.286316	985.264543	954.350355	954.328582	
6.466064	985.351645	985.325629	954.415684	954.389668	
6.476174	985.415777	985.395442	954.479816	954.450755	
6.486276	985.479285	985.456529	954.543324	954.511841	
6.496505	985.542907	985.517615	954.606946	954.572928	
6.5067	985.605741	985.578702	954.66978	954.634014	
6.516748	985.667064	985.639788	954.731103	954.695101	
6.526868	985.728226	985.700875	954.792265	954.764914	
6.537153	985.789777	985.761962	954.853817	954.826001	
6.555387	985.896495	985.823048	954.960534	954.887087	
6.560014	985.923598	985.901588	954.987637	954.965627	
6.570166	985.982344	985.953948	955.046383	955.026713	
6.580684	986.044165	986.023761	955.108204	955.0878	
6.590456	986.097945	986.076121	955.161984	955.148886	
6.60058	986.154724	986.145934	955.218763	955.209973	
6.610723	986.210991	986.198294	955.27503	955.262333	
6.630946	986.32021	986.320467	955.384249	955.384506	
6.635765	986.346318	986.346647	955.410357	955.401959	
6.648565	986.414393	986.399007	955.478432	955.463046	
6.655849	986.452885	986.460093	955.516924	955.515406	
6.666018	986.506008	986.512453	955.570047	955.567765	
6.676077	986.557975	986.564813	955.622014	955.628852	
6.686235	986.609812	986.617173	955.673851	955.672485	
6.696513	986.661626	986.669533	955.725665	955.733572	
6.706576	986.711773	986.721893	955.775812	955.777205	
6.716715	986.761696	986.774252	955.825735	955.829565	
6.726832	986.81092	986.817886	955.874959	955.881925	
6.737157	986.860551	986.870246	955.92459	955.925558	
6.749641	986.920461	986.913879	955.9845	955.977918	
6.757304	986.955457	986.966239	956.019496	956.021551	
6.767633	987.003225	987.009872	956.067264	956.065184	
6.77762	987.048832	987.053505	956.112871	956.108818	
6.787775	987.0946	987.105865	956.158639	956.152451	
6.798332	987.141523	987.149498	956.205562	956.196084	
6.807996	987.183929	987.193132	956.247969	956.239717	
6.818234	987.228246	987.236765	956.292285	956.28335	
6.828422	987.271739	987.280398	956.335778	956.326984	
6.838456	987.313981	987.315305	956.37802	956.370617	
6.850937	987.365573	987.367664	956.429612	956.41425	
6.858905	987.398191	987.402571	956.46223	956.457883	
6.868961	987.43871	987.446204	956.502749	956.49279	
6.879113	987.479043	987.489837	956.543082	956.536423	
6.889284	987.518835	987.533471	956.582874	956.57133	
6.899865	987.559571	987.577104	956.62361	956.614963	
6.909748	987.597064	987.612011	956.661103	956.64987	
6.91989	987.634931	987.646917	956.69897	956.684776	
6.930045	987.672248	987.69055	956.736287	956.728409	
6.940187	987.708926	987.734184	956.772965	956.763316	
6.950369	987.745135	987.76909	956.809174	956.806949	
6.960827	987.781705	987.803997	956.845744	956.841856	
6.970717	987.81569	987.838903	956.879729	956.876762	
6.98088	987.850021	987.882537	956.91406	956.911669	
6.991009	987.883646	987.917443	956.947685	956.946576	
7.001193	987.916866	987.95235	956.980905	956.981482	
7.011423	987.949607	987.97853	957.013646	957.007662	
7.021478	987.98121	988.013436	957.045249	957.042569	
7.031628	988.012506	988.048343	957.076545	957.077475	
7.041772	988.043199	988.074523	957.107238	957.103655	
7.051966	988.073452	988.100703	957.137491	957.138562	
7.062147	988.103047	988.135609	957.167086	957.164742	
7.072346	988.132203	988.161789	957.196242	957.190922	
7.082797	988.161229	988.187969	957.225268	957.217102	
7.09287	988.188722	988.214149	957.252761	957.243282	
7.103063	988.215958	988.240329	957.279997	957.278188	
7.113205	988.242462	988.257782	957.306501	957.295641	
7.123399	988.268497	988.275236	957.332536	957.321821	
7.133509	988.293733	988.301416	957.357772	957.348001	
7.143627	988.318401	988.318869	957.38244	957.365455	
7.153831	988.342684	988.336322	957.406723	957.382908	
7.16405	988.36642	988.353775	957.430459	957.409088	
7.174134	988.389231	988.371229	957.45327	957.426541	
7.184338	988.411818	988.388682	957.475857	957.452721	
7.194481	988.433512	988.406135	957.497551	957.470174	
7.204624	988.454703	988.423589	957.518742	957.487628	
7.214809	988.475396	988.441042	957.539435	957.505081	
7.224963	988.495445	988.458495	957.559484	957.522534	
7.235124	988.514919	988.475949	957.578958	957.539988	
7.245255	988.533835	988.493402	957.597874	957.557441	
7.255514	988.552631	988.510855	957.61667	957.574894	
7.265803	988.57016	988.528308	957.634199	957.592347	
7.275897	988.587187	988.545762	957.651226	957.609801	
7.286002	988.603652	988.571942	957.667691	957.627254	
7.296171	988.619643	988.589395	957.683682	957.644707	
7.30627	988.634961	988.606848	957.699	957.662161	
7.316533	988.649929	988.624301	957.713968	957.670887	
7.326599	988.664059	988.641755	957.728098	957.688341	
7.336745	988.67773	988.659208	957.741769	957.697067	
7.346923	988.690868	988.667935	957.754907	957.71452	
7.35716	988.703511	988.685388	957.76755	957.731974	
7.368333	988.716592	988.694115	957.780631	957.7407	
7.378538	988.728003	988.711568	957.792042	957.758154	
7.388687	988.738793	988.720295	957.802832	957.76688	
7.398814	988.749012	988.729021	957.813051	957.784334	
7.409001	988.758734	988.737748	957.822773	957.79306	
7.419151	988.767867	988.746475	957.831906	957.801787	
7.429333	988.776484	988.755201	957.840523	957.81924	
7.439456	988.784515	988.763928	957.848554	957.827967	
7.449612	988.792039	988.763928	957.856078	957.836693	
7.459932	988.79913	988.763928	957.863169	957.836693	
7.471169	988.806183	988.772654	957.870222	957.836693	
7.481353	988.812086	988.772654	957.876125	957.84542	
7.491483	988.81745	988.772654	957.881489	957.84542	
7.50164	988.822332	988.772654	957.886371	957.84542	
7.5118	988.826723	988.772654	957.890762	957.84542	
7.521983	988.830645	988.772654	957.894684	957.84542	
7.532129	988.83409	988.772654	957.898129	957.84542	
7.542301	988.837093	988.772654	957.901132	957.84542	
7.552486	988.839669	988.772654	957.903708	957.84542	
7.562584	988.841822	988.772654	957.905861	957.84542	
7.573862	988.843731	988.772654	957.90777	957.84542	
7.58611	988.848984	988.772654	957.913023	957.84542	
7.594135	988.848984	988.772654	957.913023	957.84542	
7.604272	988.848984	988.772654	957.913023	957.84542	
7.6144	988.848984	988.772654	957.913023	957.84542	
7.62461	988.848984	988.772654	957.913023	957.84542	
7.634739	988.848984	988.772654	957.913023	957.84542	
7.644899	988.848984	988.772654	957.913023	957.84542	
7.655031	988.848984	988.772654	957.913023	957.84542	
7.665145	988.848984	988.772654	957.913023	957.84542	
7.676649	988.848984	988.772654	957.913023	957.84542	
7.686699	988.848984	988.772654	957.913023	957.84542	
7.696809	988.848984	988.772654	957.913023	957.84542	
7.706994	988.848984	988.772654	957.913023	957.84542	
7.717189	988.848984	988.772654	957.913023	957.84542	
7.727225	988.848984	988.781381	957.913023	957.84542	
7.737368	988.848984	988.781381	957.913023	957.84542	
7.747528	988.848984	988.772654	957.913023	957.84542	
7.757652	988.848984	988.772654	957.913023	957.84542	
7.777645	988.848984	988.781381	957.913023	957.84542	
7.782288	988.848984	988.781381	957.913023	957.84542	
7.792419	988.848984	988.781381	957.913023	957.84542	
7.80259	988.848984	988.781381	957.913023	957.84542	
7.812758	988.848984	988.781381	957.913023	957.84542	
7.822942	988.848984	988.781381	957.913023	957.84542	
7.833076	988.848984	988.781381	957.913023	957.84542	
7.843277	988.848984	988.781381	957.913023	957.84542	
7.85339	988.848984	988.781381	957.913023	957.84542	
7.863505	988.848984	988.781381	957.913023	957.84542	
7.873738	988.848984	988.781381	957.913023	957.84542	
7.883934	988.848984	988.781381	957.913023	957.84542	
7.894037	988.848984	988.781381	957.913023	957.84542	
7.904183	988.848984	988.781381	957.913023	957.84542	
7.914359	988.848984	988.781381	957.913023	957.84542	
7.93242	988.848984	988.781381	957.913023	957.84542	
7.936981	988.848984	988.781381	957.913023	957.84542	
7.947258	988.848984	988.781381	957.913023	957.84542	
7.957252	988.848984	988.781381	957.913023	957.84542	
7.967399	988.848984	988.781381	957.913023	957.84542	
7.977564	988.848984	988.781381	957.913023	957.84542	
7.987856	988.848984	988.781381	957.913023	957.84542	
7.997945	988.848984	988.781381	957.913023	957.84542	
8.008086	988.848984	988.781381	957.913023	957.84542	
8.018194	988.848984	988.781381	957.913023	957.84542	
8.028685	988.848984	988.781381	957.913023	957.84542	
8.038514	988.848984	988.781381	957.913023	957.84542	
8.048727	988.848984	988.781381	957.913023	957.84542	
8.05881	988.848984	988.781381	957.913023	957.84542	
8.068914	988.848984	988.781381	957.913023	957.84542	
8.079103	988.848984	988.781381	957.913023	957.84542	
8.089345	988.848984	988.781381	957.913023	957.84542	
8.099499	988.848984	988.781381	957.913023	957.84542	
8.109615	988.848984	988.781381	957.913023	957.84542	
8.119735	988.848984	988.781381	957.913023	957.84542	
8.129957	988.848984	988.781381	957.913023	957.84542	
8.140101	988.848984	988.781381	957.913023	957.84542	
8.150263	988.848984	988.781381	957.913023	957.84542	
8.160409	988.848984	988.781381	957.913023	957.84542	
8.170546	988.848984	988.781381	957.913023	957.84542	
8.180751	988.848984	988.781381	957.913023	957.84542	
8.19115	988.848984	988.781381	957.913023	957.84542	
8.201087	988.848984	988.781381	957.913023	957.84542	
8.211277	988.848984	988.781381	957.913023	957.84542	
8.221351	988.848984	988.781381	957.913023	957.84542	
8.231552	988.848984	988.781381	957.913023	957.84542	
8.241776	988.848984	988.781381	957.913023	957.84542	
8.25188	988.848984	988.781381	957.913023	957.84542	
8.262004	988.848984	988.781381	957.913023	957.84542	
8.272131	988.848984	988.781381	957.913023	957.84542	
8.282322	988.848984	988.781381	957.913023	957.84542	
8.292584	988.848984	988.781381	957.913023	957.84542	
8.302679	988.848984	988.781381	957.913023	957.84542	
8.312827	988.848984	988.781381	957.913023	957.84542	
8.323051	988.848984	988.781381	957.913023	957.84542	
8.333195	988.848984	988.781381	957.913023	957.84542	
8.343478	988.848984	988.781381	957.913023	957.84542	
8.353611	988.848984	988.781381	957.913023	957.84542	
8.363788	988.848984	988.781381	957.913023	957.84542	
8.373915	988.848984	988.781381	957.913023	957.84542	
8.384037	988.848984	988.781381	957.913023	957.84542	
8.395221	988.848984	988.781381	957.913023	957.84542	
8.413843	988.848984	988.781381	957.913023	957.84542	
8.418407	988.848984	988.781381	957.913023	957.84542	
8.436401	988.848984	988.781381	957.913023	957.84542	
8.440988	988.848984	988.781381	957.913023	957.84542	
8.451226	988.848984	988.781381	957.913023	957.84542	
8.461293	988.848984	988.781381	957.913023	957.84542	
8.471454	988.848984	988.781381	957.913023	957.84542	
8.48158	988.848984	988.781381	957.913023	957.84542	
8.493609	988.848984	988.781381	957.913023	957.84542	
8.501966	988.848984	988.781381	957.913023	957.84542	
8.512114	988.848984	988.781381	957.913023	957.84542	
8.522273	988.848984	988.781381	957.913023	957.84542	
8.532398	988.848984	988.781381	957.913023	957.84542	
8.542588	988.848984	988.781381	957.913023	957.84542	
8.552741	988.848984	988.781381	957.913023	957.84542	
8.562886	988.848984	988.781381	957.913023	957.84542	
8.573036	988.848984	988.781381	957.913023	957.84542	
8.583148	988.848984	988.781381	957.913023	957.84542	
8.593343	988.848984	988.781381	957.913023	957.84542	
8.603548	988.848984	988.781381	957.913023	957.84542	
8.613657	988.848984	988.781381	957.913023	957.84542	
8.633333	988.848984	988.781381	957.913023	957.84542	
8.638405	988.848984	988.781381	957.913023	957.84542	
8.648215	988.848984	988.781381	957.913023	957.84542	
8.658226	988.848984	988.781381	957.913023	957.84542	
8.668319	988.848984	988.781381	957.913023	957.84542	
8.678465	988.848984	988.781381	957.913023	957.84542	
8.688713	988.848984	988.781381	957.913023	957.84542	
8.700556	988.848984	988.781381	957.913023	957.84542	
8.709011	988.848984	988.781381	957.913023	957.84542	
8.719099	988.848984	988.781381	957.913023	957.84542	
8.729312	988.848984	988.781381	957.913023	957.84542	
8.739464	988.848984	988.781381	957.913023	957.84542	
8.749903	988.848984	988.781381	957.913023	957.84542	
8.759974	988.848984	988.781381	957.913023	957.84542	
8.770116	988.848984	988.781381	957.913023	957.84542	
8.780288	988.848984	988.781381	957.913023	957.84542	
8.790405	988.848984	988.781381	957.913023	957.84542	
8.803198	988.848984	988.781381	957.913023	957.84542	
8.811088	988.848984	988.781381	957.913023	957.84542	
8.820927	988.848984	988.781381	957.913023	957.84542	
8.831087	988.848984	988.781381	957.913023	957.84542	
8.841204	988.848984	988.781381	957.913023	957.84542	
8.851419	988.848984	988.781381	957.913023	957.84542	
8.861552	988.848984	988.781381	957.913023	957.84542	
8.871706	988.848984	988.781381	957.913023	957.84542	
8.881917	988.848984	988.781381	957.913023	957.84542	
8.892008	988.848984	988.781381	957.913023	957.84542	
8.904442	988.848984	988.781381	957.913023	957.84542	
8.912789	988.848984	988.781381	957.913023	957.84542	
8.922503	988.848984	988.781381	957.913023	957.84542	
8.93277	988.848984	988.781381	957.913023	957.84542	
8.942783	988.848984	988.781381	957.913023	957.84542	
8.952985	988.848984	988.781381	957.913023	957.84542	
8.963188	988.848984	988.781381	957.913023	957.84542	
8.973293	988.848984	988.781381	957.913023	957.84542	
8.983438	988.848984	988.781381	957.913023	957.84542	
8.99355	988.848984	988.781381	957.913023	957.84542	
9.003751	988.848984	988.781381	957.913023	957.84542	
9.013937	988.848984	988.781381	957.913023	957.84542	
9.024102	988.848984	988.781381	957.913023	957.84542	
9.034259	988.848984	988.781381	957.913023	957.84542	
9.04442	988.848984	988.781381	957.913023	957.84542	
9.05453	988.848984	988.781381	957.913023	957.84542	
9.064773	988.848984	988.781381	957.913023	957.84542	
9.074893	988.848984	988.790108	957.913023	957.84542	
9.085032	988.848984	988.790108	957.913023	957.84542	
9.095176	988.848984	988.790108	957.913023	957.84542	
9.105451	988.848984	988.790108	957.913023	957.84542	
9.115618	988.848984	988.790108	957.913023	957.84542	
9.125723	988.848984	988.790108	957.913023	957.84542	
9.135867	988.848984	988.790108	957.913023	957.84542	
9.146056	988.848984	988.790108	957.913023	957.84542	
9.156117	988.848984	988.790108	957.913023	957.84542	
9.166282	988.848984	988.790108	957.913023	957.84542	
9.176508	988.848984	988.790108	957.913023	957.84542	
9.186624	988.848984	988.790108	957.913023	957.84542	
9.196832	988.848984	988.790108	957.913023	957.84542	
9.207087	988.848984	988.790108	957.913023	957.84542	
9.217125	988.848984	988.790108	957.913023	957.84542	
9.227378	988.848984	988.790108	957.913023	957.84542	
9.237444	988.848984	988.790108	957.913023	957.84542	
9.247551	988.848984	988.790108	957.913023	957.84542	
9.257716	988.848984	988.790108	957.913023	957.84542	
9.267925	988.848984	988.790108	957.913023	957.84542	
9.278042	988.848984	988.790108	957.913023	957.84542	
9.288233	988.848984	988.790108	957.913023	957.84542	
9.29829	988.848984	988.790108	957.913023	957.84542	
9.308679	988.848984	988.790108	957.913023	957.84542	
9.319452	988.848984	988.790108	957.913023	957.84542	
9.329596	988.848984	988.790108	957.913023	957.84542	
9.339751	988.848984	988.790108	957.913023	957.84542	
9.349851	988.848984	988.790108	957.913023	957.84542	
9.360053	988.848984	988.790108	957.913023	957.854147	
9.370195	988.848984	988.790108	957.913023	957.854147	
9.380548	988.848984	988.790108	957.913023	957.854147	
9.390683	988.848984	988.790108	957.913023	957.854147	
9.400824	988.848984	988.790108	957.913023	957.854147	
9.411002	988.848984	988.790108	957.913023	957.862873	
9.422142	988.848984	988.790108	957.913023	957.862873	
9.43234	988.848984	988.790108	957.913023	957.862873	
9.442468	988.848984	988.790108	957.913023	957.8716	
9.452669	988.848984	988.790108	957.913023	957.8716	
9.46275	988.848984	988.790108	957.913023	957.8716	
9.472931	988.848984	988.790108	957.913023	957.8716	
9.491175	988.848984	988.790108	957.913023	957.880327	
9.495757	988.848984	988.790108	957.913023	957.889053	
9.505926	988.848984	988.790108	957.913023	957.889053	
9.516011	988.848984	988.790108	957.913023	957.889053	
9.526231	988.848984	988.790108	957.913023	957.889053	
9.536467	988.848984	988.790108	957.913023	957.889053	
9.546565	988.848984	988.790108	957.913023	957.889053	
9.564529	988.848984	988.790108	957.913023	957.889053	
9.569087	988.848984	988.790108	957.913023	957.889053	
9.579333	988.848984	988.790108	957.913023	957.889053	
9.59142	988.848984	988.790108	957.913023	957.889053	
9.599504	988.848984	988.790108	957.913023	957.889053	
9.609611	988.848984	988.790108	957.913023	957.889053	
9.619924	988.848984	988.790108	957.913023	957.889053	
9.6301	988.848984	988.790108	957.913023	957.889053	
9.640305	988.848984	988.790108	957.913023	957.889053	
9.650504	988.848984	988.790108	957.913023	957.889053	
9.660645	988.848984	988.790108	957.913023	957.889053	
9.670771	988.848984	988.790108	957.913023	957.889053	
9.680937	988.848984	988.790108	957.913023	957.889053	
9.691133	988.848984	988.790108	957.913023	957.889053	
9.701252	988.848984	988.790108	957.913023	957.889053	
9.711369	988.848984	988.790108	957.913023	957.889053	
9.721555	988.848984	988.790108	957.913023	957.889053	
9.731775	988.848984	988.790108	957.913023	957.889053	
9.74194	988.848984	988.790108	957.913023	957.889053	
9.752067	988.848984	988.798834	957.913023	957.889053	
9.762202	988.848984	988.798834	957.913023	957.889053	
9.772384	988.848984	988.798834	957.913023	957.889053	
9.782509	988.848984	988.798834	957.913023	957.889053	
9.792718	988.848984	988.807561	957.913023	957.889053	
9.802883	988.848984	988.816288	957.913023	957.889053	
9.813005	988.848984	988.825014	957.913023	957.889053	
9.823165	988.848984	988.833741	957.913023	957.889053	
9.833392	988.848984	988.842468	957.913023	957.889053	
9.84361	988.848984	988.851194	957.913023	957.889053	
9.85368	988.848984	988.859921	957.913023	957.889053	
9.863827	988.848984	988.868648	957.913023	957.889053	
9.873984	988.848984	988.868648	957.913023	957.889053	
9.88417	988.848984	988.886101	957.913023	957.889053	
9.894271	988.848984	988.886101	957.913023	957.889053	
9.904456	988.848984	988.894828	957.913023	957.889053	
9.914604	988.848984	988.894828	957.913023	957.889053	
9.924788	988.848984	988.894828	957.913023	957.889053	
9.93543	988.848984	988.886101	957.913023	957.89778	
9.9456	988.848984	988.886101	957.913023	957.89778	
9.95578	988.848984	988.886101	957.913023	957.89778	
9.965819	988.848984	988.886101	957.913023	957.89778	
9.975975	988.848984	988.877374	957.913023	957.89778	
9.986157	988.848984	988.868648	957.913023	957.89778	
9.996298	988.848984	988.868648	957.913023	957.889053	
10.00658	988.848984	988.859921	957.913023	957.889053	
10.0166	988.848984	988.851194	957.913023	957.889053	
10.02711	988.848984	988.851194	957.913023	957.889053	
10.03737	988.848984	988.842468	957.913023	957.889053	
10.04756	988.848984	988.842468	957.913023	957.89778	
10.0577	988.848984	988.833741	957.913023	957.89778	
10.0679	988.848984	988.833741	957.913023	957.89778	
10.07842	988.848984	988.833741	957.913023	957.89778	
10.08819	988.848984	988.842468	957.913023	957.89778	
10.09829	988.848984	988.842468	957.913023	957.89778	
10.10862	988.848984	988.842468	957.913023	957.89778	
10.11856	988.848984	988.842468	957.913023	957.889053	
10.12876	988.848984	988.842468	957.913023	957.889053	
10.13886	988.848984	988.842468	957.913023	957.889053	
10.14904	988.848984	988.842468	957.913023	957.889053	
10.15918	988.848984	988.842468	957.913023	957.889053	
10.17715	988.848984	988.842468	957.913023	957.89778	
10.18173	988.848984	988.842468	957.913023	957.89778	
10.19189	988.848984	988.842468	957.913023	957.89778	
10.20207	988.848984	988.851194	957.913023	957.89778	
10.21222	988.848984	988.851194	957.913023	957.89778	
10.22235	988.848984	988.851194	957.913023	957.89778	
10.23251	988.848984	988.851194	957.913023	957.889053	
10.24267	988.848984	988.851194	957.913023	957.889053	
10.25288	988.848984	988.851194	957.913023	957.889053	
10.26295	988.848984	988.851194	957.913023	957.889053	
10.27313	988.848984	988.851194	957.913023	957.889053	
10.28336	988.848984	988.851194	957.913023	957.889053	
10.29344	988.848984	988.851194	957.913023	957.89778	
10.3036	988.848984	988.851194	957.913023	957.89778	
10.3138	988.848984	988.851194	957.913023	957.89778	
10.32394	988.848984	988.851194	957.913023	957.89778	
10.33407	988.848984	988.851194	957.913023	957.89778	
10.34421	988.848984	988.851194	957.913023	957.89778	
10.35439	988.848984	988.851194	957.913023	957.89778	
10.36455	988.848984	988.851194	957.913023	957.89778	
10.37469	988.848984	988.851194	957.913023	957.889053	
10.38484	988.848984	988.851194	957.913023	957.889053	
10.39499	988.848984	988.851194	957.913023	957.889053	
10.40512	988.848984	988.851194	957.913023	957.889053	
10.41533	988.848984	988.851194	957.913023	957.889053	
10.42541	988.848984	988.851194	957.913023	957.889053	
10.43566	988.848984	988.851194	957.913023	957.89778	
10.44574	988.848984	988.851194	957.913023	957.89778	
10.45589	988.848984	988.851194	957.913023	957.89778	
10.46607	988.848984	988.851194	957.913023	957.89778	
10.47618	988.848984	988.851194	957.913023	957.89778	
10.48632	988.848984	988.851194	957.913023	957.89778	
10.49651	988.848984	988.851194	957.913023	957.89778	
10.50686	988.848984	988.851194	957.913023	957.89778	
10.51686	988.848984	988.851194	957.913023	957.89778	
10.52697	988.848984	988.851194	957.913023	957.889053	
10.53707	988.848984	988.851194	957.913023	957.889053	
10.54726	988.848984	988.851194	957.913023	957.889053	
10.55737	988.848984	988.851194	957.913023	957.889053	
10.5675	988.848984	988.851194	957.913023	957.889053	
10.57764	988.848984	988.851194	957.913023	957.889053	
10.5879	988.848984	988.851194	957.913023	957.89778	
10.598	988.848984	988.851194	957.913023	957.89778	
10.6082	988.848984	988.851194	957.913023	957.89778	
10.62997	988.848984	988.851194	957.913023	957.89778	
10.63458	988.848984	988.851194	957.913023	957.89778	
10.64475	988.848984	988.851194	957.913023	957.89778	
10.65489	988.848984	988.851194	957.913023	957.89778	
10.66505	988.848984	988.851194	957.913023	957.889053	
10.67514	988.848984	988.851194	957.913023	957.889053	
10.68534	988.848984	988.851194	957.913023	957.889053	
10.69549	988.848984	988.851194	957.913023	957.889053	
10.70567	988.848984	988.851194	957.913023	957.889053	
10.71584	988.848984	988.851194	957.913023	957.889053	
10.72595	988.848984	988.851194	957.913023	957.89778	
10.73612	988.848984	988.851194	957.913023	957.89778	
10.74625	988.848984	988.851194	957.913023	957.89778	
10.75651	988.848984	988.851194	957.913023	957.89778	
10.76654	988.848984	988.851194	957.913023	957.89778	
10.77675	988.848984	988.851194	957.913023	957.89778	
10.78685	988.848984	988.851194	957.913023	957.889053	
10.79704	988.848984	988.851194	957.913023	957.889053	
10.80715	988.848984	988.851194	957.913023	957.889053	
10.81741	988.848984	988.851194	957.913023	957.889053	
10.82751	988.848984	988.851194	957.913023	957.889053	
10.83759	988.848984	988.851194	957.913023	957.889053	
10.84784	988.848984	988.851194	957.913023	957.89778	
10.858	988.848984	988.851194	957.913023	957.89778	
10.86808	988.848984	988.851194	957.913023	957.89778	
10.87821	988.848984	988.851194	957.913023	957.89778	
10.88834	988.848984	988.851194	957.913023	957.89778	
10.89851	988.848984	988.851194	957.913023	957.89778	
10.90868	988.848984	988.851194	957.913023	957.889053	
10.91875	988.848984	988.851194	957.913023	957.889053	
10.92893	988.848984	988.851194	957.913023	957.889053	
10.93908	988.848984	988.851194	957.913023	957.889053	
10.94929	988.848984	988.851194	957.913023	957.889053	
10.95939	988.848984	988.851194	957.913023	957.889053	
10.96952	988.848984	988.851194	957.913023	957.89778	
10.97974	988.848984	988.851194	957.913023	957.89778	
10.98985	988.848984	988.851194	957.913023	957.89778	
11.00002	988.848984	988.851194	957.913023	957.89778	
11.01037	988.848984	988.851194	957.913023	957.89778	
11.02033	988.848984	988.851194	957.913023	957.89778	
11.03048	988.848984	988.851194	957.913023	957.889053	
11.04063	988.848984	988.851194	957.913023	957.889053	
11.05085	988.848984	988.851194	957.913023	957.889053	
11.06106	988.848984	988.851194	957.913023	957.889053	
11.07116	988.848984	988.851194	957.913023	957.889053	
11.08134	988.848984	988.851194	957.913023	957.889053	
11.0916	988.848984	988.851194	957.913023	957.89778	
11.10166	988.848984	988.851194	957.913023	957.89778	
11.11182	988.848984	988.851194	957.913023	957.89778	
11.12201	988.848984	988.851194	957.913023	957.89778	
11.13215	988.848984	988.851194	957.913023	957.89778	
11.14228	988.848984	988.851194	957.913023	957.89778	
11.15245	988.848984	988.851194	957.913023	957.89778	
11.16262	988.848984	988.851194	957.913023	957.889053	
11.17272	988.848984	988.851194	957.913023	957.889053	
11.18292	988.848984	988.851194	957.913023	957.889053	
11.19307	988.848984	988.851194	957.913023	957.889053	
11.20322	988.848984	988.851194	957.913023	957.889053	
11.21339	988.848984	988.851194	957.913023	957.89778	
11.22355	988.848984	988.851194	957.913023	957.89778	
11.2337	988.848984	988.851194	957.913023	957.89778	
11.24391	988.848984	988.851194	957.913023	957.89778	
11.25401	988.848984	988.851194	957.913023	957.89778	
11.2642	988.848984	988.851194	957.913023	957.89778	
11.27438	988.848984	988.851194	957.913023	957.89778	
11.2845	988.848984	988.851194	957.913023	957.889053	
11.29464	988.848984	988.851194	957.913023	957.889053	
11.30477	988.848984	988.851194	957.913023	957.889053	
11.31492	988.848984	988.851194	957.913023	957.889053	
11.32512	988.848984	988.851194	957.913023	957.889053	
11.33525	988.848984	988.851194	957.913023	957.889053	
11.34542	988.848984	988.851194	957.913023	957.89778	
11.35564	988.848984	988.851194	957.913023	957.89778	
11.36575	988.848984	988.851194	957.913023	957.89778	
11.37588	988.848984	988.851194	957.913023	957.89778	
11.38606	988.848984	988.851194	957.913023	957.89778	
11.39617	988.848984	988.851194	957.913023	957.89778	
11.4063	988.848984	988.851194	957.913023	957.89778	
11.41651	988.848984	988.851194	957.913023	957.89778	
11.42658	988.848984	988.851194	957.913023	957.889053	
11.43674	988.848984	988.851194	957.913023	957.889053	
11.44687	988.848984	988.851194	957.913023	957.889053	
11.45704	988.848984	988.851194	957.913023	957.889053	
11.46717	988.848984	988.851194	957.913023	957.889053	
11.47732	988.848984	988.851194	957.913023	957.889053	
11.48747	988.848984	988.851194	957.913023	957.89778	
11.49762	988.848984	988.851194	957.913023	957.89778	
11.50804	988.848984	988.851194	957.913023	957.89778	
11.51799	988.848984	988.851194	957.913023	957.89778	
11.52807	988.848984	988.851194	957.913023	957.89778	
11.53825	988.848984	988.851194	957.913023	957.89778	
11.54836	988.848984	988.851194	957.913023	957.89778	
11.5585	988.848984	988.851194	957.913023	957.89778	
11.56866	988.848984	988.851194	957.913023	957.889053	
11.57881	988.848984	988.851194	957.913023	957.889053	
11.589	988.848984	988.851194	957.913023	957.889053	
11.59964	988.848984	988.851194	957.913023	957.889053	
11.60974	988.848984	988.851194	957.913023	957.889053	
11.61993	988.848984	988.851194	957.913023	957.889053	
11.63007	988.848984	988.851194	957.913023	957.89778	
11.64024	988.848984	988.851194	957.913023	957.89778	
11.65043	988.848984	988.851194	957.913023	957.89778	
11.66057	988.848984	988.851194	957.913023	957.89778	
11.67068	988.848984	988.851194	957.913023	957.89778	
11.68094	988.848984	988.851194	957.913023	957.89778	
11.69106	988.848984	988.851194	957.913023	957.89778	
11.70122	988.848984	988.851194	957.913023	957.89778	
11.71138	988.848984	988.851194	957.913023	957.889053	
11.72154	988.848984	988.851194	957.913023	957.889053	
11.73981	988.848984	988.851194	957.913023	957.889053	
11.75054	988.848984	988.851194	957.913023	957.889053	
