6.725396	
6.73335	
6.74354	
6.753645	
6.763743	
6.773966	
6.784095	
6.794223	
6.804405	
6.814527	
6.824769	
6.834832	
6.844968	
6.855186	
6.865284	
6.875434	
6.885571	
6.895737	
6.908027	
6.915981	
6.926218	
6.936277	
6.946476	
6.956602	
6.966717	
6.976949	
6.987054	
6.997182	
7.007614	
7.017497	
7.027615	
7.037752	
7.047891	
7.058023	
7.068176	
7.078317	
7.088458	
7.098657	
7.108777	
7.119078	
7.12916	
7.139323	
7.14949	
7.159711	
7.169781	
7.179908	
7.190132	
7.200249	
7.210315	
7.220687	
7.230838	
7.24101	
7.251176	
7.261357	
7.271497	
7.281599	
7.291797	
7.302049	
7.312391	
7.322523	
7.33263	
7.342858	
7.353004	
7.363157	
7.373313	
7.383523	
7.393623	
7.403775	
7.414004	
7.424094	
7.434272	
7.444387	
7.45456	
7.46469	
7.474813	
7.485011	
7.495154	
7.50578	
7.515951	
7.526179	
7.536263	
7.546629	
7.556605	
7.566782	
7.576998	
7.587088	
7.597191	
7.60751	
7.617531	
7.627674	
7.637825	
7.647951	
7.658088	
7.66823	
7.678435	
7.688541	
7.698731	
7.708842	
7.71942	
7.729083	
7.739269	
7.749411	
7.764412	988.853221	988.851194	957.891081	957.889053	
7.778635	988.856323	988.851194	957.894182	957.889053	
7.7832	988.85731	988.851194	957.895169	957.889053	
7.793328	988.860286	988.851194	957.898145	957.889053	
7.803499	988.863898	988.851194	957.901757	957.889053	
7.813677	988.868133	988.859921	957.905992	957.889053	
7.82384	988.872981	988.859921	957.91084	957.889053	
7.833974	988.878429	988.859921	957.916288	957.889053	
7.844336	988.884656	988.859921	957.922515	957.889053	
7.854325	988.891241	988.859921	957.929101	957.889053	
7.867052	988.900716	988.859921	957.938575	957.889053	
7.874829	988.906749	988.859921	957.944608	957.889053	
7.88481	988.915154	988.859921	957.953013	957.889053	
7.894934	988.9243	988.859921	957.962159	957.889053	
7.905286	988.934642	988.859921	957.972501	957.89778	
7.929908	988.96274	988.868648	958.000599	957.906507	
7.934432	988.967817	988.868648	958.005677	957.906507	
7.944583	988.980015	988.877374	958.017874	957.906507	
7.95479	988.992904	988.894828	958.030763	957.915233	
7.967301	989.009741	988.903554	958.047601	957.932687	
7.97516	989.020569	988.921007	958.058428	957.941413	
7.985277	989.035191	988.938461	958.07305	957.958867	
7.995417	989.050459	988.964641	958.088318	957.985046	
8.005564	989.066363	988.990821	958.104222	958.011226	
8.015709	989.082879	989.017001	958.120738	958.037406	
8.025863	989.100033	989.043181	958.137892	958.063586	
8.036038	989.117847	989.078087	958.155707	958.089766	
8.046218	989.136284	989.104267	958.174143	958.115946	
8.056361	989.155275	989.130447	958.193134	958.150853	
8.066672	989.175227	989.156627	958.213086	958.185759	
8.077004	989.19586	989.182807	958.233719	958.211939	
8.086858	989.216092	989.208987	958.253951	958.238119	
8.097054	989.237667	989.235167	958.275526	958.273026	
8.107157	989.259666	989.261347	958.297525	958.290479	
8.117778	989.283489	989.287527	958.321348	958.325386	
8.127546	989.305925	989.30498	958.343784	958.351566	
8.137619	989.329685	989.322433	958.367544	958.377746	
8.147717	989.354128	989.339886	958.391987	958.395199	
8.157935	989.379497	989.35734	958.417356	958.421379	
8.168072	989.405264	989.38352	958.443123	958.438832	
8.186543	989.454751	989.400973	958.49261	958.456285	
8.191147	989.46699	989.427153	958.504849	958.482465	
8.201268	989.494737	989.444606	958.532596	958.499919	
8.211405	989.523147	989.46206	958.561006	958.517372	
8.221594	989.552328	989.488239	958.590187	958.534825	
8.2318	989.58218	989.514419	958.620039	958.561005	
8.241916	989.61238	989.540599	958.650239	958.578458	
8.252023	989.643163	989.566779	958.681022	958.604638	
8.262407	989.675457	989.601686	958.713316	958.630818	
8.272384	989.707053	989.627866	958.744912	958.665725	
8.282777	989.740643	989.662772	958.778502	958.691905	
8.292917	989.774123	989.697679	958.811982	958.726811	
8.303066	989.808042	989.741312	958.845901	958.770445	
8.313375	989.843237	989.776219	958.881096	958.814078	
8.323539	989.87857	989.811125	958.916429	958.848984	
8.333727	989.914589	989.854759	958.952448	958.901344	
8.343911	989.951226	989.898392	958.989085	958.944978	
8.35402	989.988197	989.933298	959.026056	958.988611	
8.364131	990.0258	989.976932	959.063659	959.032244	
8.374361	990.064485	990.020565	959.102344	959.084604	
8.38513	990.105933	990.064198	959.143792	959.128237	
8.39466	990.143069	990.107831	959.180928	959.17187	
8.404871	990.183535	990.142738	959.221394	959.22423	
8.414992	990.224265	990.186371	959.262124	959.267863	
8.425129	990.265672	990.230004	959.303531	959.311497	
8.435321	990.307941	990.273638	959.3458	959.363857	
8.445457	990.350571	990.317271	959.38843	959.40749	
8.455668	990.394149	990.352177	959.432008	959.442396	
8.465745	990.437765	990.404537	959.475624	959.48603	
8.475901	990.482348	990.439444	959.520207	959.529663	
8.486491	990.52955	990.483077	959.567409	959.573296	
8.496312	990.573815	990.52671	959.611674	959.608203	
8.506451	990.620186	990.561617	959.658046	959.651836	
8.516607	990.667241	990.60525	959.7051	959.686743	
8.526731	990.714785	990.648883	959.752644	959.730376	
8.544875	990.802361	990.727423	959.84022	959.800189	
8.549444	990.824365	990.753603	959.862224	959.826369	
8.559642	990.874229	990.797236	959.912088	959.861275	
8.569706	990.924076	990.84087	959.961935	959.904909	
8.579882	990.975107	990.89323	960.012966	959.957269	
8.590194	991.027457	990.945589	960.065316	960.000902	
8.600286	991.07927	990.997949	960.117129	960.053262	
8.610387	991.131725	991.050309	960.169584	960.105622	
8.620505	991.184919	991.102669	960.222778	960.157981	
8.630771	991.23954	991.155029	960.277399	960.210341	
8.648815	991.33789	991.259749	960.375749	960.315061	
8.653387	991.362745	991.277202	960.400604	960.341241	
8.663613	991.419156	991.338288	960.457015	960.402327	
8.673635	991.475027	991.399375	960.512886	960.463414	
8.685844	991.544135	991.460462	960.581994	960.524501	
8.694225	991.591857	991.521548	960.629716	960.594314	
8.704191	991.64919	991.582635	960.687049	960.6554	
8.714283	991.707908	991.643721	960.745767	960.716487	
8.724429	991.767578	991.704808	960.805437	960.777573	
8.734628	991.828186	991.765894	960.866045	960.83866	
8.744783	991.889137	991.835707	960.926996	960.899746	
8.754941	991.950725	991.896794	960.988584	960.96956	
8.765091	992.012902	991.966607	961.050761	961.030646	
8.775229	992.075615	992.027694	961.113474	961.091733	
8.785408	992.139211	992.097507	961.17707	961.152819	
8.795641	992.203781	992.16732	961.24164	961.222632	
8.805746	992.268114	992.228406	961.305973	961.283719	
8.815924	992.333542	992.289493	961.371401	961.344805	
8.826002	992.398939	992.359306	961.436798	961.405892	
8.836491	992.468196	992.429119	961.506055	961.466978	
8.846372	992.533018	992.498932	961.570878	961.536792	
8.856533	992.600818	992.560019	961.638677	961.597878	
8.866684	992.669176	992.621105	961.707035	961.667691	
8.876815	992.738001	992.690919	961.77586	961.728778	
8.886922	992.807337	992.760732	961.845196	961.798591	
8.897363	992.879614	992.830545	961.917473	961.868404	
8.907747	992.954011	992.891632	961.99187	961.938217	
8.917534	993.020935	992.961445	962.058794	962.00803	
8.92769	993.093037	993.031258	962.130896	962.077844	
8.938016	993.167013	993.101071	962.204872	962.156383	
8.947946	993.238689	993.179611	962.276548	962.234923	
8.958095	993.312599	993.249424	962.350458	962.304736	
8.968235	993.387076	993.319237	962.424935	962.37455	
8.978367	993.46208	993.397777	962.499939	962.453089	
8.988521	993.537911	993.476317	962.57577	962.531629	
8.998819	993.615458	993.54613	962.653317	962.618896	
9.008933	993.692137	993.633396	962.729996	962.688709	
9.019047	993.76949	993.711936	962.807349	962.775975	
9.029137	993.847294	993.790476	962.885153	962.854515	
9.039612	993.928696	993.869016	962.966555	962.933055	
9.049456	994.005765	993.956282	963.043624	963.011595	
9.059598	994.085785	994.034822	963.123644	963.090135	
9.069766	994.166688	994.122089	963.204547	963.177401	
9.079913	994.247976	994.209355	963.285835	963.247214	
9.090068	994.329988	994.287895	963.367847	963.334481	
9.101164	994.420418	994.383888	963.458277	963.421747	
9.111071	994.501578	994.471154	963.539437	963.500287	
9.121341	994.586408	994.558421	963.624267	963.587553	
9.131448	994.670532	994.636961	963.708391	963.666093	
9.141661	994.756193	994.724227	963.794052	963.75336	
9.151884	994.842506	994.802767	963.880365	963.840626	
9.161994	994.928491	994.890034	963.96635	963.919166	
9.172152	995.015523	994.9773	964.053382	964.006432	
9.182329	995.10333	995.05584	964.141189	964.084972	
9.192487	995.191601	995.13438	964.22946	964.172239	
9.203846	995.291167	995.221646	964.329026	964.276958	
9.213766	995.378559	995.308913	964.416418	964.364225	
9.223976	995.469203	995.396179	964.507062	964.451491	
9.234084	995.559534	995.483445	964.597393	964.538758	
9.244187	995.650451	995.570712	964.68831	964.634751	
9.254368	995.742712	995.657978	964.780571	964.722017	
9.264525	995.835346	995.745245	964.873205	964.818011	
9.274673	995.928544	995.832511	964.966403	964.905277	
9.284833	996.022443	995.928504	965.060302	965.00127	
9.294933	996.116417	996.024498	965.154276	965.097263	
9.306446	996.224457	996.129217	965.262316	965.201983	
9.316502	996.319228	996.233937	965.357087	965.306703	
9.326706	996.41608	996.338657	965.453939	965.402696	
9.336842	996.512929	996.43465	965.550788	965.498689	
9.346954	996.61023	996.530643	965.648089	965.603409	
9.357133	996.708692	996.635363	965.746551	965.708128	
9.367299	996.807706	996.740083	965.845565	965.812848	
9.377434	996.906985	996.836076	965.944844	965.908841	
9.387563	997.00683	996.932069	966.044689	966.013561	
9.397956	997.110004	997.036788	966.147863	966.118281	
9.409095	997.22134	997.150235	966.259199	966.231727	
9.419165	997.32247	997.254955	966.360329	966.336447	
9.429252	997.424433	997.350948	966.462292	966.441167	
9.439425	997.527878	997.455668	966.565737	966.53716	
9.449589	997.631912	997.560387	966.669771	966.633153	
9.459661	997.73556	997.665107	966.773419	966.737873	
9.469848	997.841028	997.769827	966.878887	966.842592	
9.480032	997.947066	997.874547	966.984925	966.947312	
9.497991	998.136493	998.066533	967.174352	967.121845	
9.502552	998.1845	998.110166	967.222359	967.174205	
9.513108	998.296636	998.223612	967.334496	967.278925	
9.522901	998.401045	998.328332	967.438904	967.383645	
9.533076	998.510584	998.433052	967.548443	967.488364	
9.543225	998.619779	998.555225	967.657639	967.593084	
9.553404	998.730256	998.659945	967.768115	967.697804	
9.563536	998.84086	998.782118	967.878719	967.81125	
9.573693	998.952367	998.886838	967.990226	967.91597	
9.58392	999.065216	999.000284	968.103075	968.029416	
9.593979	999.176847	999.11373	968.214706	968.134136	
9.604188	999.290794	999.227177	968.328654	968.247582	
9.614793	999.409894	999.340623	968.447753	968.369756	
9.624544	999.519818	999.45407	968.557677	968.483202	
9.634662	999.634552	999.567516	968.672411	968.596648	
9.644817	999.75036	999.689689	968.788219	968.718821	
9.654966	999.866718	999.803135	968.904577	968.840994	
9.665188	999.984506	999.916582	969.022365	968.963167	
9.675302	1000.10171	1000.03875	969.139566	969.085341	
9.685466	1000.22011	1000.16093	969.257968	969.207514	
9.695711	1000.34006	1000.27437	969.377922	969.329687	
9.705782	1000.45854	1000.39655	969.496395	969.45186	
9.717427	1000.59653	1000.52745	969.634391	969.582759	
9.727074	1000.71123	1000.64962	969.749093	969.704932	
9.737329	1000.83387	1000.77179	969.871726	969.835832	
9.747397	1000.95483	1000.90269	969.992688	969.949279	
9.757854	1001.08037	1001.02487	970.118232	970.080178	
9.767735	1001.19892	1001.14704	970.23678	970.202351	
9.777824	1001.31996	1001.26921	970.357824	970.324524	
9.787942	1001.44138	1001.40011	970.47924	970.446697	
9.798098	1001.56329	1001.51356	970.601148	970.56887	
9.808249	1001.68512	1001.63573	970.722984	970.691043	
9.81991	1001.82507	1001.77536	970.862928	970.821943	
9.829778	1001.94346	1001.8888	970.98132	970.952843	
9.839959	1002.06561	1002.01098	971.103468	971.066289	
9.850072	1002.18696	1002.13315	971.224824	971.188462	
9.868503	1002.40816	1002.35132	971.44602	971.415355	
9.880962	1002.55763	1002.49967	971.595492	971.563708	
9.885516	1002.61229	1002.55203	971.650152	971.616068	
9.895756	1002.73518	1002.6742	971.773044	971.738241	
9.905783	1002.85547	1002.79638	971.893332	971.860414	
9.926894	1003.10891	1003.04072	972.146772	972.113487	
9.931491	1003.16402	1003.10181	972.201876	972.174573	
9.94158	1003.28505	1003.21525	972.322908	972.296746	
9.95184	1003.40816	1003.33743	972.446016	972.418919	
9.961886	1003.52873	1003.4596	972.566592	972.541092	
9.972117	1003.6515	1003.58177	972.689364	972.663265	
9.982293	1003.77359	1003.69522	972.811452	972.785439	
9.992468	1003.89572	1003.81739	972.933576	972.907612	
10.00257	1004.01694	1003.93957	973.0548	973.021058	
10.01271	1004.13854	1004.06174	973.176396	973.143231	
10.02535	1004.2903	1004.21009	973.32816	973.291584	
10.0352	1004.40843	1004.33226	973.446288	973.40503	
10.04541	1004.53096	1004.45444	973.56882	973.527203	
10.05559	1004.65308	1004.57661	973.690944	973.649377	
10.06568	1004.77418	1004.70751	973.812036	973.77155	
10.07586	1004.89636	1004.82968	973.93422	973.893723	
10.08602	1005.01828	1004.96058	974.05614	974.007169	
10.09617	1005.14015	1005.08276	974.178012	974.129342	
10.1063	1005.26166	1005.20493	974.299524	974.251515	
10.11655	1005.3856	1005.3271	974.42346	974.382415	
10.12801	1005.52223	1005.46673	974.560092	974.513314	
10.13783	1005.64002	1005.5889	974.677884	974.635488	
10.14801	1005.76216	1005.7198	974.80002	974.757661	
10.15812	1005.8835	1005.84197	974.921364	974.879834	
10.1683	1006.00566	1005.97287	975.043524	975.002007	
10.17845	1006.12743	1006.09505	975.165288	975.132906	
10.18862	1006.24956	1006.21722	975.287424	975.255079	
10.19883	1006.37201	1006.33939	975.409872	975.377252	
10.2089	1006.49291	1006.46157	975.530772	975.499426	
10.21938	1006.61868	1006.58374	975.656544	975.630325	
10.23075	1006.75511	1006.72337	975.792972	975.761225	
10.24057	1006.87201	1006.84554	975.909868	975.883398	
10.25072	1006.99232	1006.96771	976.030179	976.005571	
10.26085	1007.11172	1007.08988	976.149584	976.127744	
10.27105	1007.23143	1007.21206	976.269286	976.249917	
10.2891	1007.44085	1007.4215	976.478706	976.468083	
10.29366	1007.49374	1007.47386	976.531599	976.520443	
10.30388	1007.61163	1007.5873	976.649492	976.63389	
10.31414	1007.72935	1007.70075	976.767207	976.756063	
10.32416	1007.84367	1007.82292	976.881533	976.869509	
10.34252	1008.05088	1008.02364	977.08874	977.078948	
10.34714	1008.10295	1008.076	977.140804	977.131308	
10.35735	1008.21746	1008.18944	977.255323	977.244755	
10.36751	1008.33088	1008.29416	977.368736	977.358201	
10.37788	1008.4459	1008.39888	977.483756	977.471648	
10.38776	1008.55489	1008.51233	977.592753	977.576367	
10.39789	1008.66616	1008.61705	977.704022	977.689814	
10.40808	1008.7773	1008.73049	977.815156	977.80326	
10.41815	1008.8867	1008.83521	977.924554	977.90798	
10.42833	1008.99656	1008.93993	978.034419	978.0127	
10.43889	1009.10991	1009.05338	978.147765	978.126146	
10.449	1009.21779	1009.16683	978.255645	978.230866	
10.45908	1009.32474	1009.27155	978.362602	978.335586	
10.46924	1009.43191	1009.37627	978.469771	978.449032	
10.47958	1009.54037	1009.48099	978.57823	978.553752	
10.48954	1009.64421	1009.58571	978.682073	978.667198	
10.49968	1009.74948	1009.69043	978.787342	978.771918	
10.50981	1009.85393	1009.79515	978.891784	978.885364	
10.51998	1009.95807	1009.90859	978.995932	978.990084	
10.53935	1010.15401	1010.1093	979.191869	979.190797	
10.54402	1010.20111	1010.16166	979.238973	979.243157	
10.55411	1010.30254	1010.26638	979.340399	979.347877	
10.5643	1010.4043	1010.3711	979.44216	979.452596	
10.57446	1010.50512	1010.48455	979.542979	979.548589	
10.5846	1010.60518	1010.58927	979.64304	979.653309	
10.59476	1010.70477	1010.68526	979.742626	979.758029	
10.6049	1010.80368	1010.78998	979.841541	979.854022	
10.61511	1010.90249	1010.88598	979.940353	979.950015	
10.63317	1011.07503	1011.06051	980.112891	980.124548	
10.64082	1011.1481	1011.10414	980.185963	980.159455	
10.64794	1011.21567	1011.20014	980.253529	980.255448	
10.65804	1011.31086	1011.29613	980.348717	980.351441	
10.66823	1011.40639	1011.39212	980.444247	980.438707	
10.67839	1011.50097	1011.48811	980.538828	980.525974	
10.68852	1011.59464	1011.57538	980.632504	980.621967	
10.70652	1011.75879	1011.67137	980.796647	980.71796	
10.71147	1011.80399	1011.78482	980.84185	980.82268	
10.72127	1011.89277	1011.87209	980.930634	980.909946	
10.7314	1011.98384	1011.96808	981.021698	981.005939	
10.74313	1012.08856	1012.06407	981.126424	981.101932	
10.75203	1012.16752	1012.15134	981.205377	981.189199	
10.76192	1012.25462	1012.24733	981.292483	981.285192	
10.77211	1012.34385	1012.3346	981.381714	981.372458	
10.78221	1012.43167	1012.42187	981.469529	981.468452	
10.79242	1012.51985	1012.50913	981.557713	981.555718	
10.80255	1012.60663	1012.60513	981.644489	981.642984	
10.81291	1012.69487	1012.68367	981.73273	981.730251	
10.8229	1012.77923	1012.77966	981.81709	981.817517	
10.83302	1012.86421	1012.8582	981.902065	981.904784	
10.84574	1012.96998	1012.95419	982.007843	981.99205	
10.85352	1013.0343	1013.04146	982.072163	982.079317	
10.86374	1013.11825	1013.12	982.156113	982.157857	
10.87401	1013.20197	1013.20726	982.23983	982.236396	
10.88392	1013.28211	1013.2858	982.31997	982.323663	
10.89413	1013.3641	1013.37307	982.401959	982.402203	
10.90427	1013.44487	1013.45161	982.482725	982.480743	
10.9163	1013.53991	1013.53015	982.577765	982.559282	
10.92455	1013.60463	1013.60869	982.642491	982.637822	
10.93468	1013.68362	1013.68723	982.721479	982.716362	
10.94693	1013.7781	1013.75704	982.815956	982.794902	
10.95515	1013.84119	1013.82686	982.879045	982.873442	
10.96513	1013.91735	1013.89667	982.955204	982.951981	
10.9753	1013.99387	1013.96648	983.031726	983.030521	
10.98546	1014.06997	1014.0363	983.107825	983.109061	
10.99564	1014.14561	1014.10611	983.183468	983.178874	
11.00578	1014.22036	1014.17592	983.258221	983.248687	
11.01605	1014.29541	1014.25446	983.333269	983.318501	
11.02617	1014.36877	1014.333	983.406634	983.388314	
11.03649	1014.44366	1014.40281	983.481515	983.458127	
11.04827	1014.52686	1014.47263	983.564715	983.536667	
11.05684	1014.58738	1014.54244	983.625238	983.60648	
11.06681	1014.65725	1014.62098	983.695111	983.676293	
11.07695	1014.72773	1014.69079	983.765585	983.754833	
11.08717	1014.79815	1014.76933	983.836009	983.824646	
11.09775	1014.87035	1014.83915	983.908213	983.894459	
11.10739	1014.93563	1014.90896	983.973493	983.964272	
11.11754	1015.00372	1014.97877	984.041576	984.034086	
11.12776	1015.07169	1015.04859	984.109551	984.103899	
11.1378	1015.13785	1015.1184	984.175705	984.173712	
11.14804	1015.20473	1015.18821	984.242592	984.243525	
11.1582	1015.27047	1015.25803	984.308331	984.313338	
11.16834	1015.33543	1015.31911	984.373289	984.383151	
11.17845	1015.39964	1015.3802	984.437499	984.452965	
11.19655	1015.51271	1015.45001	984.550568	984.514051	
11.20911	1015.58958	1015.57219	984.627442	984.644951	
11.21363	1015.61745	1015.59837	984.655308	984.679857	
11.22388	1015.67977	1015.65945	984.717633	984.740944	
11.23395	1015.74047	1015.71181	984.778326	984.80203	
11.24408	1015.80084	1015.78162	984.838702	984.863117	
11.25659	1015.87451	1015.83398	984.912374	984.924203	
11.26447	1015.92054	1015.89507	984.958398	984.976563	
11.27458	1015.97905	1015.95616	985.016905	985.028923	
11.28474	1016.03722	1016.00852	985.075075	985.09001	
11.29495	1016.09502	1016.0696	985.132882	985.133643	
11.3051	1016.15193	1016.12196	985.18979	985.19473	
11.31529	1016.20843	1016.18305	985.246289	985.238363	
11.32538	1016.26377	1016.23541	985.301626	985.299449	
11.33552	1016.31879	1016.28777	985.356649	985.343083	
11.34565	1016.37311	1016.34013	985.410972	985.395442	
11.35791	1016.43801	1016.39249	985.475865	985.447802	
11.36604	1016.48068	1016.44485	985.51854	985.500162	
11.37622	1016.53346	1016.49721	985.571319	985.552522	
11.38629	1016.58513	1016.54957	985.622986	985.604882	
11.39662	1016.63745	1016.60193	985.675307	985.657242	
11.40665	1016.68766	1016.65429	985.725517	985.709602	
11.4168	1016.73791	1016.70665	985.77577	985.761962	
11.42687	1016.78718	1016.75901	985.825039	985.805595	
11.43709	1016.83651	1016.81137	985.874367	985.866681	
11.44719	1016.8847	1016.855	985.922554	985.910315	
11.45916	1016.94096	1016.89864	985.978818	985.962674	
11.4676	1016.98022	1016.951	986.018081	986.015034	
11.47772	1017.02666	1017.00336	986.064518	986.067394	
11.4881	1017.07367	1017.04699	986.111533	986.111027	
11.49816	1017.11871	1017.09062	986.156573	986.163387	
11.5082	1017.16302	1017.14298	986.200877	986.20702	
11.51837	1017.20726	1017.18661	986.245122	986.250654	
11.52852	1017.25087	1017.23025	986.288725	986.303014	
11.54652	1017.32586	1017.28261	986.363722	986.346647	
11.55105	1017.3448	1017.33497	986.382655	986.39028	
11.56325	1017.39467	1017.3786	986.43253	986.433913	
11.57146	1017.42791	1017.42223	986.465766	986.477547	
11.58157	1017.46818	1017.45714	986.506041	986.52118	
11.59182	1017.50842	1017.5095	986.546277	986.564813	
11.60186	1017.54721	1017.54441	986.585073	986.59972	
11.61206	1017.58606	1017.57931	986.623924	986.634626	
11.6222	1017.62408	1017.62295	986.661935	986.669533	
11.63237	1017.66158	1017.65785	986.699438	986.704439	
11.64251	1017.6984	1017.70149	986.736259	986.739346	
11.65265	1017.73463	1017.73639	986.772486	986.774252	
11.66449	1017.77606	1017.7713	986.813919	986.809159	
11.67309	1017.8058	1017.80621	986.843659	986.844066	
11.68317	1017.83999	1017.83239	986.877852	986.878972	
11.6934	1017.87411	1017.86729	986.911966	986.913879	
11.70347	1017.90711	1017.89347	986.94497	986.948785	
11.71364	1017.93986	1017.92838	986.977716	986.983692	
11.72381	1017.97197	1017.95456	987.009832	987.009872	
11.73399	1018.00353	1017.98074	987.041384	987.044779	
11.74422	1018.03466	1018.01565	987.072518	987.070958	
11.75426	1018.0646	1018.04183	987.10246	987.097138	
11.76445	1018.0944	1018.06801	987.132257	987.123318	
11.77504	1018.12474	1018.10291	987.162597	987.158225	
11.78481	1018.15215	1018.12909	987.190013	987.184405	
11.79494	1018.17999	1018.15527	987.217848	987.210585	
11.80507	1018.20725	1018.19018	987.245104	987.236765	
11.8155	1018.2347	1018.21636	987.272555	987.262945	
11.8255	1018.26044	1018.24254	987.298295	987.289125	
11.83562	1018.28588	1018.26872	987.323744	987.315305	
11.84575	1018.31078	1018.2949	987.348642	987.341484	
11.85593	1018.33521	1018.32108	987.373069	987.367664	
11.86607	1018.35908	1018.34726	987.396936	987.393844	
11.87666	1018.38311	1018.37344	987.420969	987.420024	
11.88642	1018.40483	1018.39962	987.442694	987.446204	
11.89655	1018.42678	1018.41707	987.464644	987.472384	
11.90684	1018.44883	1018.44325	987.486693	987.489837	
11.927	1018.48817	1018.48689	987.526025	987.533471	
11.93156	1018.49721	1018.49561	987.535068	987.542197	
11.9417	1018.51659	1018.52179	987.554453	987.568377	
11.95192	1018.53554	1018.53924	987.573403	987.585831	
11.96197	1018.55362	1018.54797	987.591482	987.603284	
11.97398	1018.57437	1018.56542	987.612224	987.620737	
11.98235	1018.5885	1018.57415	987.626364	987.63819	
11.99251	1018.60504	1018.5916	987.642897	987.646917	
12.00266	1018.62098	1018.60033	987.658839	987.66437	
12.01277	1018.6363	1018.60906	987.674161	987.681824	
12.023	1018.65121	1018.62651	987.689073	987.69055	
12.03314	1018.66544	1018.63524	987.703298	987.708004	
12.04327	1018.67908	1018.64396	987.716939	987.71673	
12.05347	1018.69224	1018.65269	987.7301	987.725457	
12.06357	1018.70473	1018.66142	987.74259	987.734184	
12.07634	1018.71954	1018.67014	987.757398	987.74291	
12.08425	1018.72847	1018.67887	987.766331	987.751637	
12.09407	1018.73898	1018.69632	987.776843	987.751637	
12.10431	1018.74938	1018.70505	987.787244	987.760364	
12.11435	1018.75905	1018.71378	987.79691	987.76909	
12.12464	1018.76839	1018.7225	987.806253	987.76909	
12.13483	1018.7771	1018.73123	987.814956	987.777817	
12.14495	1018.78521	1018.73996	987.823066	987.777817	
12.15509	1018.7928	1018.74868	987.83066	987.786543	
12.16522	1018.79986	1018.75741	987.837717	987.786543	
12.17783	1018.80777	1018.76614	987.845631	987.79527	
12.18591	1018.8126	1018.76614	987.85046	987.803997	
12.19576	1018.81797	1018.77486	987.855832	987.812723	
12.20589	1018.82299	1018.78359	987.860851	987.82145	
12.21606	1018.82754	1018.78359	987.865394	987.82145	
12.2265	1018.83171	1018.78359	987.869573	987.830177	
12.23639	1018.8352	1018.79232	987.873057	987.838903	
12.24659	1018.83835	1018.79232	987.876209	987.84763	
12.25663	1018.84103	1018.80104	987.878893	987.856357	
12.26681	1018.84334	1018.80104	987.881195	987.856357	
12.27691	1018.84524	1018.80104	987.883096	987.856357	
12.2872	1018.8468	1018.80977	987.884659	987.865083	
12.29736	1018.85119	1018.80977	987.889053	987.87381	
12.30744	1018.85119	1018.80977	987.889053	987.87381	
12.31764	1018.85119	1018.80977	987.889053	987.87381	
12.32793	1018.85119	1018.80977	987.889053	987.87381	
12.33796	1018.85119	1018.80977	987.889053	987.865083	
12.34807	1018.85119	1018.80977	987.889053	987.865083	
12.35819	1018.85119	1018.80977	987.889053	987.865083	
12.36835	1018.85119	1018.80977	987.889053	987.865083	
12.37848	1018.85119	1018.80977	987.889053	987.865083	
12.38877	1018.85119	1018.80977	987.889053	987.865083	
12.39887	1018.85119	1018.80977	987.889053	987.865083	
12.40903	1018.85119	1018.80977	987.889053	987.865083	
12.4191	1018.85119	1018.80977	987.889053	987.87381	
12.42959	1018.85119	1018.80977	987.889053	987.87381	
12.43946	1018.85119	1018.80977	987.889053	987.87381	
12.44962	1018.85119	1018.80977	987.889053	987.865083	
12.45973	1018.85119	1018.80977	987.889053	987.865083	
12.46988	1018.85119	1018.80977	987.889053	987.865083	
12.48044	1018.85119	1018.80977	987.889053	987.865083	
12.49029	1018.85119	1018.80977	987.889053	987.865083	
12.50048	1018.85119	1018.80977	987.889053	987.865083	
12.51069	1018.85119	1018.80977	987.889053	987.865083	
12.52077	1018.85119	1018.80977	987.889053	987.865083	
12.53097	1018.85119	1018.80977	987.889053	987.865083	
12.5411	1018.85119	1018.80977	987.889053	987.865083	
12.55131	1018.85119	1018.80977	987.889053	987.865083	
12.56155	1018.85119	1018.80977	987.889053	987.865083	
12.57162	1018.85119	1018.80977	987.889053	987.865083	
12.5818	1018.85119	1018.80977	987.889053	987.865083	
12.59326	1018.85119	1018.80977	987.889053	987.865083	
12.60345	1018.85119	1018.80977	987.889053	987.865083	
12.61359	1018.85119	1018.80977	987.889053	987.865083	
12.62376	1018.85119	1018.80977	987.889053	987.865083	
12.63388	1018.85119	1018.80977	987.889053	987.865083	
12.64406	1018.85119	1018.80977	987.889053	987.865083	
12.65422	1018.85119	1018.80977	987.889053	987.865083	
12.6644	1018.85119	1018.80977	987.889053	987.865083	
12.67455	1018.85119	1018.80977	987.889053	987.865083	
12.68464	1018.85119	1018.80977	987.889053	987.865083	
12.69598	1018.85119	1018.80977	987.889053	987.865083	
12.7064	1018.85119	1018.80977	987.889053	987.865083	
12.71647	1018.85119	1018.80977	987.889053	987.865083	
12.7267	1018.85119	1018.80977	987.889053	987.865083	
12.73678	1018.85119	1018.80977	987.889053	987.865083	
12.74699	1018.85119	1018.80977	987.889053	987.865083	
12.75713	1018.85119	1018.80977	987.889053	987.865083	
12.76733	1018.85119	1018.80977	987.889053	987.865083	
12.7775	1018.85119	1018.80977	987.889053	987.865083	
12.78787	1018.85119	1018.80977	987.889053	987.865083	
12.79856	1018.85119	1018.80977	987.889053	987.865083	
12.80873	1018.85119	1018.80977	987.889053	987.865083	
12.81886	1018.85119	1018.80977	987.889053	987.865083	
12.82898	1018.85119	1018.80977	987.889053	987.865083	
12.83949	1018.85119	1018.80977	987.889053	987.865083	
12.84924	1018.85119	1018.80977	987.889053	987.865083	
12.85964	1018.85119	1018.80977	987.889053	987.865083	
12.86957	1018.85119	1018.80977	987.889053	987.865083	
12.87967	1018.85119	1018.80977	987.889053	987.865083	
12.88985	1018.85119	1018.80977	987.889053	987.865083	
12.90128	1018.85119	1018.80977	987.889053	987.865083	
12.91143	1018.85119	1018.80977	987.889053	987.865083	
12.92365	1018.85119	1018.80977	987.889053	987.865083	
12.93171	1018.85119	1018.80977	987.889053	987.865083	
12.94185	1018.85119	1018.80977	987.889053	987.865083	
12.95206	1018.85119	1018.80977	987.889053	987.865083	
12.9623	1018.85119	1018.80977	987.889053	987.865083	
12.97232	1018.85119	1018.80977	987.889053	987.865083	
12.98243	1018.85119	1018.80977	987.889053	987.865083	
12.99264	1018.85119	1018.80977	987.889053	987.865083	
13.00403	1018.85119	1018.80977	987.889053	987.865083	
13.0142	1018.85119	1018.80977	987.889053	987.865083	
13.02439	1018.85119	1018.80977	987.889053	987.865083	
13.03449	1018.85119	1018.80977	987.889053	987.865083	
13.0446	1018.85119	1018.80977	987.889053	987.865083	
13.05482	1018.85119	1018.80977	987.889053	987.865083	
13.06496	1018.85119	1018.80977	987.889053	987.865083	
13.07513	1018.85119	1018.80977	987.889053	987.865083	
13.08525	1018.85119	1018.80977	987.889053	987.865083	
13.09541	1018.85119	1018.80977	987.889053	987.865083	
13.10675	1018.85119	1018.80977	987.889053	987.865083	
13.11689	1018.85119	1018.80977	987.889053	987.865083	
13.12704	1018.85119	1018.80977	987.889053	987.865083	
13.13715	1018.85119	1018.80977	987.889053	987.865083	
13.14775	1018.85119	1018.80977	987.889053	987.865083	
13.15751	1018.85119	1018.80977	987.889053	987.865083	
13.16763	1018.85119	1018.80977	987.889053	987.865083	
13.17778	1018.85119	1018.80977	987.889053	987.865083	
13.18791	1018.85119	1018.80977	987.889053	987.865083	
13.19806	1018.85119	1018.80977	987.889053	987.865083	
13.20941	1018.85119	1018.80977	987.889053	987.865083	
13.21953	1018.85119	1018.80977	987.889053	987.865083	
13.22964	1018.85119	1018.80977	987.889053	987.865083	
13.23976	1018.85119	1018.80977	987.889053	987.865083	
13.24992	1018.85119	1018.80977	987.889053	987.865083	
13.26015	1018.85119	1018.80977	987.889053	987.865083	
13.27027	1018.85119	1018.80977	987.889053	987.865083	
13.28051	1018.85119	1018.80977	987.889053	987.865083	
13.29056	1018.85119	1018.80977	987.889053	987.865083	
13.30075	1018.85119	1018.80977	987.889053	987.865083	
13.31217	1018.85119	1018.80977	987.889053	987.865083	
13.32226	1018.85119	1018.80977	987.889053	987.865083	
13.33241	1018.85119	1018.80977	987.889053	987.865083	
13.34259	1018.85119	1018.80977	987.889053	987.865083	
13.3527	1018.85119	1018.80977	987.889053	987.865083	
13.36288	1018.85119	1018.80977	987.889053	987.865083	
13.37304	1018.85119	1018.80977	987.889053	987.865083	
13.38323	1018.85119	1018.80977	987.889053	987.865083	
13.39341	1018.85119	1018.80977	987.889053	987.865083	
13.40348	1018.85119	1018.80977	987.889053	987.865083	
13.41479	1018.85119	1018.80977	987.889053	987.865083	
13.42489	1018.85119	1018.80977	987.889053	987.865083	
13.43506	1018.85119	1018.80977	987.889053	987.865083	
13.4452	1018.85119	1018.80977	987.889053	987.865083	
13.45534	1018.85119	1018.80977	987.889053	987.865083	
13.46555	1018.85119	1018.80977	987.889053	987.865083	
13.47566	1018.85119	1018.80977	987.889053	987.865083	
13.48602	1018.85119	1018.80977	987.889053	987.865083	
13.49605	1018.85119	1018.80977	987.889053	987.865083	
13.50608	1018.85119	1018.80977	987.889053	987.865083	
13.51741	1018.85119	1018.80977	987.889053	987.865083	
13.52757	1018.85119	1018.80977	987.889053	987.865083	
13.53772	1018.85119	1018.80977	987.889053	987.865083	
13.54783	1018.85119	1018.80977	987.889053	987.865083	
13.55801	1018.85119	1018.80977	987.889053	987.865083	
13.56823	1018.85119	1018.80977	987.889053	987.865083	
13.57829	1018.85119	1018.80977	987.889053	987.865083	
13.58846	1018.85119	1018.80977	987.889053	987.865083	
13.59872	1018.85119	1018.80977	987.889053	987.865083	
13.60923	1018.85119	1018.80977	987.889053	987.865083	
13.62017	1018.85119	1018.80977	987.889053	987.865083	
13.63034	1018.85119	1018.80977	987.889053	987.865083	
13.64051	1018.85119	1018.80977	987.889053	987.865083	
13.6506	1018.85119	1018.80977	987.889053	987.865083	
13.6608	1018.85119	1018.80977	987.889053	987.865083	
13.67098	1018.85119	1018.80977	987.889053	987.865083	
13.68112	1018.85119	1018.80977	987.889053	987.865083	
13.69127	1018.85119	1018.80977	987.889053	987.865083	
13.70142	1018.85119	1018.80977	987.889053	987.865083	
13.71157	1018.85119	1018.80977	987.889053	987.865083	
13.72291	1018.85119	1018.80977	987.889053	987.865083	
13.73307	1018.85119	1018.80977	987.889053	987.865083	
13.74321	1018.85119	1018.80977	987.889053	987.865083	
13.75337	1018.85119	1018.80977	987.889053	987.865083	
13.76349	1018.85119	1018.80977	987.889053	987.865083	
13.77369	1018.85119	1018.80977	987.889053	987.87381	
13.78385	1018.85119	1018.80977	987.889053	987.87381	
13.79398	1018.85119	1018.80977	987.889053	987.865083	
13.80415	1018.85119	1018.80977	987.889053	987.865083	
13.81427	1018.85119	1018.80977	987.889053	987.865083	
13.83356	1018.85119	1018.80977	987.889053	987.865083	
13.83815	1018.85119	1018.80977	987.889053	987.865083	
13.84861	1018.85119	1018.80977	987.889053	987.87381	
13.85845	1018.85119	1018.80977	987.889053	987.87381	
13.87693	1018.85119	1018.80977	987.889053	987.87381	
13.88202	1018.85119	1018.80977	987.889053	987.87381	
13.89219	1018.85119	1018.80977	987.889053	987.87381	
13.90242	1018.85119	1018.80977	987.889053	987.865083	
13.92741	1018.85119	1018.80977	987.889053	987.865083	
13.93196	1018.85119	1018.80977	987.889053	987.865083	
13.94213	1018.85119	1018.80977	987.889053	987.865083	
13.95228	1018.85119	1018.8185	987.889053	987.865083	
13.96241	1018.85119	1018.8185	987.889053	987.865083	
13.9726	1018.85119	1018.8185	987.889053	987.87381	
13.9828	1018.85119	1018.8185	987.889053	987.87381	
13.99293	1018.85119	1018.82722	987.889053	987.87381	
14.00308	1018.85119	1018.83595	987.889053	987.87381	
14.01324	1018.85119	1018.83595	987.889053	987.87381	
14.02345	1018.85119	1018.84468	987.889053	987.87381	
14.03377	1018.85119	1018.8534	987.889053	987.87381	
14.04382	1018.85119	1018.8534	987.889053	987.87381	
14.054	1018.85119	1018.86213	987.889053	987.87381	
14.06418	1018.85119	1018.86213	987.889053	987.87381	
14.07425	1018.85119	1018.87086	987.889053	987.87381	
14.08444	1018.85119	1018.87086	987.889053	987.87381	
14.0946	1018.85119	1018.87086	987.889053	987.87381	
14.10478	1018.85119	1018.87086	987.889053	987.87381	
14.11496	1018.85119	1018.87086	987.889053	987.87381	
14.12522	1018.85119	1018.87086	987.889053	987.87381	
14.13527	1018.85119	1018.87086	987.889053	987.87381	
14.14543	1018.85119	1018.87086	987.889053	987.87381	
14.15558	1018.85119	1018.87086	987.889053	987.87381	
14.16573	1018.85119	1018.87086	987.889053	987.87381	
14.17592	1018.85119	1018.87086	987.889053	987.87381	
14.18601	1018.85119	1018.87086	987.889053	987.87381	
14.1962	1018.85119	1018.87086	987.889053	987.87381	
14.20634	1018.85119	1018.87086	987.889053	987.87381	
14.21651	1018.85119	1018.87086	987.889053	987.87381	
14.22664	1018.85119	1018.87086	987.889053	987.87381	
14.23679	1018.85119	1018.87086	987.889053	987.87381	
14.24696	1018.85119	1018.87086	987.889053	987.87381	
14.25703	1018.85119	1018.87086	987.889053	987.87381	
14.26718	1018.85119	1018.87086	987.889053	987.87381	
14.27735	1018.85119	1018.87086	987.889053	987.87381	
14.28753	1018.85119	1018.87086	987.889053	987.87381	
14.29774	1018.85119	1018.87086	987.889053	987.87381	
14.30781	1018.85119	1018.87086	987.889053	987.87381	
14.31818	1018.85119	1018.87086	987.889053	987.87381	
14.32824	1018.85119	1018.87086	987.889053	987.87381	
14.3383	1018.85119	1018.87086	987.889053	987.87381	
14.34846	1018.85119	1018.87086	987.889053	987.87381	
14.35867	1018.85119	1018.87086	987.889053	987.87381	
14.36923	1018.85119	1018.87086	987.889053	987.87381	
14.3789	1018.85119	1018.87086	987.889053	987.87381	
14.38906	1018.85119	1018.87086	987.889053	987.87381	
14.3992	1018.85119	1018.87086	987.889053	987.87381	
14.40931	1018.85119	1018.87086	987.889053	987.87381	
14.41951	1018.85119	1018.87086	987.889053	987.87381	
14.42967	1018.85119	1018.87086	987.889053	987.87381	
14.43981	1018.85119	1018.87086	987.889053	987.87381	
14.44993	1018.85119	1018.87086	987.889053	987.87381	
14.46009	1018.85119	1018.87086	987.889053	987.87381	
14.47028	1018.85119	1018.87086	987.889053	987.87381	
14.48044	1018.85119	1018.87086	987.889053	987.87381	
14.49057	1018.85119	1018.87086	987.889053	987.87381	
14.50071	1018.85119	1018.87086	987.889053	987.87381	
14.51091	1018.85119	1018.87086	987.889053	987.87381	
14.52105	1018.85119	1018.87086	987.889053	987.87381	
14.53123	1018.85119	1018.87086	987.889053	987.87381	
14.54137	1018.85119	1018.87086	987.889053	987.87381	
14.55154	1018.85119	1018.87086	987.889053	987.87381	
14.56178	1018.85119	1018.87086	987.889053	987.87381	
14.5719	1018.85119	1018.87086	987.889053	987.87381	
14.58206	1018.85119	1018.87086	987.889053	987.87381	
14.59229	1018.85119	1018.87086	987.889053	987.87381	
14.60238	1018.85119	1018.87086	987.889053	987.87381	
14.61253	1018.85119	1018.87086	987.889053	987.87381	
14.62273	1018.85119	1018.87086	987.889053	987.87381	
14.63288	1018.85119	1018.87086	987.889053	987.87381	
14.64304	1018.85119	1018.87086	987.889053	987.87381	
14.65319	1018.85119	1018.87086	987.889053	987.87381	
14.66334	1018.85119	1018.87086	987.889053	987.87381	
14.67351	1018.85119	1018.87086	987.889053	987.87381	
14.68366	1018.85119	1018.87086	987.889053	987.87381	
14.69382	1018.85119	1018.87086	987.889053	987.87381	
14.70398	1018.85119	1018.87086	987.889053	987.87381	
14.71407	1018.85119	1018.87086	987.889053	987.87381	
14.72427	1018.85119	1018.87086	987.889053	987.87381	
14.73444	1018.85119	1018.87086	987.889053	987.87381	
14.74464	1018.85119	1018.87086	987.889053	987.87381	
14.75475	1018.85119	1018.87086	987.889053	987.87381	
14.76489	1018.85119	1018.87086	987.889053	987.87381	
14.7751	1018.85119	1018.87086	987.889053	987.87381	
14.78524	1018.85119	1018.87086	987.889053	987.87381	
14.7954	1018.85119	1018.87086	987.889053	987.87381	
14.80553	1018.85119	1018.87086	987.889053	987.87381	
14.81587	1018.85119	1018.87086	987.889053	987.87381	
14.82589	1018.85119	1018.87086	987.889053	987.87381	
14.83603	1018.85119	1018.87086	987.889053	987.87381	
14.84625	1018.85119	1018.87086	987.889053	987.87381	
14.85642	1018.85119	1018.87086	987.889053	987.87381	
14.86651	1018.85119	1018.87086	987.889053	987.87381	
14.87668	1018.85119	1018.87086	987.889053	987.87381	
14.88684	1018.85119	1018.87086	987.889053	987.87381	
14.89698	1018.85119	1018.87086	987.889053	987.87381	
14.90709	1018.85119	1018.87086	987.889053	987.87381	
14.91744	1018.85119	1018.87086	987.889053	987.87381	
14.93739	1018.85119	1018.87086	987.889053	987.87381	
14.94194	1018.85119	1018.87086	987.889053	987.87381	
14.95215	1018.85119	1018.87086	987.889053	987.87381	
14.96224	1018.85119	1018.87086	987.889053	987.87381	
14.97242	1018.85119	1018.87086	987.889053	987.87381	
14.98259	1018.85119	1018.87086	987.889053	987.87381	
14.99276	1018.85119	1018.87086	987.889053	987.87381	
15.0029	1018.85119	1018.87086	987.889053	987.87381	
15.01306	1018.85119	1018.87086	987.889053	987.87381	
15.02324	1018.85119	1018.87086	987.889053	987.87381	
15.0334	1018.85119	1018.87086	987.889053	987.87381	
15.04353	1018.85119	1018.87086	987.889053	987.87381	
15.05372	1018.85119	1018.87086	987.889053	987.87381	
15.06388	1018.85119	1018.87086	987.889053	987.87381	
15.07402	1018.85119	1018.87086	987.889053	987.87381	
15.08418	1018.85119	1018.87086	987.889053	987.87381	
15.09432	1018.85119	1018.87086	987.889053	987.87381	
15.10455	1018.85119	1018.87086	987.889053	987.87381	
15.11465	1018.85119	1018.87086	987.889053	987.87381	
15.12485	1018.85119	1018.87086	987.889053	987.87381	
15.13502	1018.85119	1018.87086	987.889053	987.87381	
15.14513	1018.85119	1018.87086	987.889053	987.87381	
15.15529	1018.85119	1018.87086	987.889053	987.87381	
15.16543	1018.85119	1018.87086	987.889053	987.87381	
15.17559	1018.85119	1018.87086	987.889053	987.87381	
15.18584	1018.85119	1018.87086	987.889053	987.87381	
15.19593	1018.85119	1018.87086	987.889053	987.87381	
15.2061	1018.85119	1018.87086	987.889053	987.87381	
15.21629	1018.85119	1018.87086	987.889053	987.87381	
15.2264	1018.85119	1018.87086	987.889053	987.87381	
15.23655	1018.85119	1018.87086	987.889053	987.87381	
15.2467	1018.85119	1018.87086	987.889053	987.87381	
15.2568	1018.85119	1018.87086	987.889053	987.87381	
15.26701	1018.85119	1018.87086	987.889053	987.87381	
15.27718	1018.85119	1018.87086	987.889053	987.87381	
15.28733	1018.85119	1018.87086	987.889053	987.87381	
15.29744	1018.85119	1018.87086	987.889053	987.87381	
15.3076	1018.85119	1018.87086	987.889053	987.87381	
15.3179	1018.85119	1018.87086	987.889053	987.87381	
15.3279	1018.85119	1018.87086	987.889053	987.87381	
15.33818	1018.85119	1018.87086	987.889053	987.87381	
15.34819	1018.85119	1018.87086	987.889053	987.87381	
15.35834	1018.85119	1018.87086	987.889053	987.87381	
15.36861	1018.85119	1018.87086	987.889053	987.87381	
15.38652	1018.85119	1018.87086	987.889053	987.87381	
15.3911	1018.85119	1018.87086	987.889053	987.87381	
15.40127	1018.85119	1018.87086	987.889053	987.87381	
15.41139	1018.85119	1018.87086	987.889053	987.87381	
15.42153	1018.85119	1018.87086	987.889053	987.87381	
15.43172	1018.85119	1018.87086	987.889053	987.87381	
15.44195	1018.85119	1018.87086	987.889053	987.87381	
15.45211	1018.85119	1018.87086	987.889053	987.87381	
15.46222	1018.85119	1018.87086	987.889053	987.87381	
15.47251	1018.85119	1018.87086	987.889053	987.87381	
15.48258	1018.85119	1018.87086	987.889053	987.87381	
15.49275	1018.85119	1018.87086	987.889053	987.87381	
15.50296	1018.85119	1018.87086	987.889053	987.87381	
15.51308	1018.85119	1018.87086	987.889053	987.87381	
15.52322	1018.85119	1018.87086	987.889053	987.87381	
15.53338	1018.85119	1018.87086	987.889053	987.87381	
15.54355	1018.85119	1018.87086	987.889053	987.87381	
15.55377	1018.85119	1018.87086	987.889053	987.87381	
15.56385	1018.85119	1018.87086	987.889053	987.87381	
15.57406	1018.85119	1018.87086	987.889053	987.87381	
15.58423	1018.85119	1018.87086	987.889053	987.87381	
15.59434	1018.85119	1018.87086	987.889053	987.87381	
15.60449	1018.85119	1018.87086	987.889053	987.87381	
15.61466	1018.85119	1018.87086	987.889053	987.87381	
15.62482	1018.85119	1018.87086	987.889053	987.87381	
15.63496	1018.85119	1018.87086	987.889053	987.87381	
15.64526	1018.85119	1018.87086	987.889053	987.87381	
15.65547	1018.85119	1018.87086	987.889053	987.87381	
15.66563	1018.85119	1018.87086	987.889053	987.87381	
15.67578	1018.85119	1018.87086	987.889053	987.87381	
15.68599	1018.85119	1018.87086	987.889053	987.87381	
15.69621	1018.85119	1018.87086	987.889053	987.87381	
15.70629	1018.85119	1018.87086	987.889053	987.87381	
15.7168	1018.85119	1018.87086	987.889053	987.87381	
15.72702	1018.85119	1018.87086	987.889053	987.87381	
15.73711	1018.85119	1018.87086	987.889053	987.87381	
15.7473	1018.85119	1018.87086	987.889053	987.87381	
15.75741	1018.85119	1018.87086	987.889053	987.87381	
15.76758	1018.85119	1018.87086	987.889053	987.87381	
15.77773	1018.85119	1018.87086	987.889053	987.87381	
15.78788	1018.85119	1018.87086	987.889053	987.87381	
15.79802	1018.85119	1018.87086	987.889053	987.87381	
15.80822	1018.85119	1018.87086	987.889053	987.87381	
15.81852	1018.85119	1018.87086	987.889053	987.87381	
15.82849	1018.85119	1018.87086	987.889053	987.865083	
15.83868	1018.85119	1018.87086	987.889053	987.865083	
15.8488	1018.85119	1018.87086	987.889053	987.865083	
15.8589	1018.85119	1018.87086	987.889053	987.865083	
15.86906	1018.85119	1018.87086	987.889053	987.865083	
15.87923	1018.85119	1018.87086	987.889053	987.865083	
15.88938	1018.85119	1018.87086	987.889053	987.865083	
15.89947	1018.85119	1018.87086	987.889053	987.865083	
15.92076	1018.85119	1018.87086	987.889053	987.865083	
15.92569	1018.85119	1018.87086	987.889053	987.87381	
15.93552	1018.85119	1018.87086	987.889053	987.87381	
15.94563	1018.85119	1018.87086	987.889053	987.87381	
15.95576	1018.85119	1018.87086	987.889053	987.87381	
15.96601	1018.85119	1018.87086	987.889053	987.865083	
15.97624	1018.85119	1018.87086	987.889053	987.865083	
15.9866	1018.85119	1018.87086	987.889053	987.865083	
15.99657	1018.85119	1018.87086	987.889053	987.865083	
16.00667	1018.85119	1018.87086	987.889053	987.865083	
16.01683	1018.85119	1018.87086	987.889053	987.865083	
16.02696	1018.85119	1018.87086	987.889053	987.87381	
16.03712	1018.85119	1018.87086	987.889053	987.87381	
16.04733	1018.85119	1018.87086	987.889053	987.87381	
16.05743	1018.85119	1018.87086	987.889053	987.87381	
16.06758	1018.85119	1018.87086	987.889053	987.87381	
16.0777	1018.85119	1018.87086	987.889053	987.87381	
16.08786	1018.85119	1018.87086	987.889053	987.865083	
16.09805	1018.85119	1018.87086	987.889053	987.865083	
16.10816	1018.85119	1018.87086	987.889053	987.865083	
16.12898	1018.85119	1018.87086	987.889053	987.865083	
16.13988	1018.85119	1018.87086	987.889053	987.865083	
