2.637973	
2.642632	
2.652669	
2.662845	
2.673026	
2.683177	
2.693281	
2.703422	
2.713535	
2.723846	
2.733865	
2.744001	
2.754144	
2.764407	
2.77449	
2.784628	
2.794717	
2.80488	
2.815001	
2.825212	
2.835312	
2.845446	
2.855585	
2.865725	
2.87586	
2.886082	
2.896176	
2.906303	
2.916481	
2.926825	
2.936811	
2.946943	
2.957102	
2.967277	
2.977457	
2.987571	
2.997731	
3.007928	
3.018059	
3.028193	
3.038353	
3.048564	
3.058734	
3.068913	
3.079036	
3.08922	
3.099342	
3.109475	
3.119704	
3.129794	
3.139961	
3.150056	
3.160236	
3.171221	
3.180581	
3.190845	
3.201027	
3.211076	
3.221268	
3.231413	
3.241645	
3.251771	
3.261875	
3.272095	
3.282345	
3.292421	
3.302559	
3.312657	
3.322796	
3.332992	
3.34331	
3.353371	
3.363397	
3.373824	
3.383749	
3.393796	
3.403944	
3.417189	1018.87244	1018.87086	987.866663	987.865083	
3.427644	1018.87425	1018.87086	987.868476	987.865083	
3.437745	1018.8766	1018.87086	987.87083	987.865083	
3.447898	1018.87959	1018.87086	987.873818	987.865083	
3.458102	1018.88322	1018.87086	987.877446	987.865083	
3.468217	1018.88743	1018.87086	987.881653	987.865083	
3.478389	1018.89228	1018.87086	987.886507	987.87381	
3.488547	1018.89775	1018.87958	987.891972	987.87381	
3.498694	1018.90382	1018.87958	987.89805	987.87381	
3.508873	1018.91054	1018.88831	987.904769	987.882537	
3.51978	1018.91848	1018.88831	987.912709	987.882537	
3.529935	1018.92647	1018.88831	987.920694	987.891263	
3.540031	1018.93501	1018.90576	987.929241	987.891263	
3.550207	1018.94426	1018.90576	987.938485	987.891263	
3.56052	1018.95427	1018.91449	987.948491	987.891263	
3.570738	1018.9648	1018.92322	987.95903	987.89999	
3.580836	1018.97583	1018.93194	987.970055	987.908717	
3.591001	1018.98755	1018.94067	987.981772	987.917443	
3.60123	1018.99997	1018.9494	987.994194	987.92617	
3.611268	1019.01275	1018.95812	988.00698	987.934896	
3.622349	1019.02766	1018.97558	988.021881	987.95235	
3.632558	1019.04197	1018.99303	988.036194	987.961076	
3.642765	1019.0569	1019.00176	988.051127	987.97853	
3.652798	1019.07218	1019.01921	988.066409	987.995983	
3.663174	1019.08865	1019.04539	988.082874	988.022163	
3.673248	1019.10522	1019.06284	988.099449	988.039616	
3.68328	1019.12234	1019.0803	988.116569	988.065796	
3.693458	1019.14033	1019.10648	988.134559	988.091976	
3.703581	1019.15884	1019.13266	988.153062	988.109429	
3.71385	1019.17826	1019.15884	988.172485	988.135609	
3.725097	1019.20031	1019.18502	988.194535	988.170516	
3.735279	1019.22086	1019.2112	988.215088	988.196696	
3.74548	1019.24207	1019.23738	988.2363	988.222876	
3.755507	1019.26352	1019.27228	988.257745	988.240329	
3.765811	1019.28622	1019.28974	988.280445	988.275236	
3.775894	1019.30902	1019.32464	988.30325	988.292689	
3.793892	1019.35211	1019.36828	988.346331	988.336322	
3.79841	1019.36286	1019.377	988.357081	988.345049	
3.808579	1019.38785	1019.40318	988.382079	988.371229	
3.818765	1019.41352	1019.42936	988.407743	988.388682	
3.828959	1019.43983	1019.44682	988.434055	988.406135	
3.839095	1019.4666	1019.473	988.460825	988.432315	
3.859512	1019.52367	1019.51663	988.517892	988.467222	
3.864195	1019.53667	1019.53408	988.530893	988.484675	
3.874225	1019.56526	1019.55154	988.559491	988.502128	
3.886433	1019.60106	1019.57772	988.595288	988.519582	
3.894566	1019.62518	1019.59517	988.61941	988.554488	
3.904721	1019.65602	1019.62135	988.650241	988.580668	
3.914866	1019.68742	1019.64753	988.681643	988.606848	
3.927829	1019.72869	1019.67371	988.722914	988.641755	
3.935833	1019.75442	1019.69989	988.748643	988.676661	
3.945868	1019.78734	1019.7348	988.781561	988.711568	
3.963866	1019.84879	1019.79588	988.843019	988.781381	
3.968687	1019.86521	1019.81334	988.859435	988.798834	
3.978649	1019.89983	1019.84824	988.894053	988.833741	
3.988744	1019.93555	1019.89188	988.929772	988.877374	
3.998845	1019.97191	1019.93551	988.966136	988.921007	
4.009076	1020.00937	1019.97041	989.003597	988.973367	
4.019128	1020.04677	1020.02277	989.040999	989.008274	
4.03194	1020.0958	1020.06641	989.090022	989.051907	
4.039503	1020.12457	1020.11004	989.118798	989.09554	
4.049661	1020.16422	1020.1624	989.158447	989.139174	
4.059806	1020.20445	1020.20603	989.198674	989.182807	
4.069953	1020.24532	1020.24967	989.239547	989.217713	
4.080143	1020.28698	1020.2933	989.281206	989.261347	
4.090287	1020.32905	1020.33693	989.323279	989.30498	
4.100455	1020.37185	1020.38057	989.366074	989.339886	
4.110639	1020.41549	1020.4242	989.409715	989.38352	
4.120723	1020.45901	1020.45911	989.453239	989.418426	
4.133195	1020.51409	1020.49401	989.508313	989.453333	
4.141316	1020.5502	1020.53765	989.544427	989.496966	
4.151178	1020.59469	1020.57255	989.588916	989.531873	
4.16142	1020.64156	1020.61619	989.635784	989.575506	
4.17147	1020.68813	1020.65109	989.682359	989.619139	
4.181678	1020.73608	1020.69473	989.730311	989.662772	
4.191822	1020.78435	1020.73836	989.778578	989.706406	
4.202005	1020.83342	1020.78199	989.827644	989.750039	
4.212123	1020.88277	1020.82563	989.876999	989.802399	
4.222466	1020.93392	1020.87799	989.928145	989.846032	
4.234454	1020.99412	1020.92162	989.988344	989.898392	
4.242999	1021.03735	1020.97398	990.031572	989.950752	
4.252728	1021.08714	1021.03507	990.081361	990.011838	
4.262842	1021.13956	1021.08743	990.133789	990.064198	
4.273055	1021.19315	1021.14851	990.187375	990.125285	
4.283715	1021.24978	1021.20087	990.244003	990.186371	
4.293356	1021.30148	1021.26196	990.295703	990.238731	
4.303455	1021.35628	1021.32305	990.350509	990.299818	
4.313641	1021.41219	1021.38413	990.406411	990.360904	
4.323737	1021.46821	1021.44522	990.462434	990.421991	
4.333879	1021.52514	1021.5063	990.519365	990.483077	
4.344109	1021.58315	1021.56739	990.577381	990.544164	
4.35434	1021.6418	1021.62848	990.636024	990.60525	
4.364393	1021.70002	1021.68084	990.694248	990.666337	
4.374632	1021.75998	1021.75065	990.754201	990.727423	
4.385138	1021.82218	1021.80301	990.816407	990.78851	
4.394877	1021.88034	1021.8641	990.874566	990.849596	
4.405002	1021.94147	1021.92518	990.935693	990.901956	
4.415139	1022.00326	1021.97754	990.997486	990.963043	
4.425321	1022.06599	1022.03863	991.060213	991.024129	
4.435431	1022.1289	1022.09972	991.123128	991.085216	
4.445631	1022.19298	1022.1608	991.18721	991.146302	
4.455802	1022.25745	1022.22189	991.251673	991.207389	
4.465966	1022.3225	1022.27425	991.31673	991.268475	
4.476069	1022.38781	1022.34406	991.382033	991.338288	
4.486637	1022.4568	1022.40515	991.451026	991.399375	
4.496663	1022.52282	1022.46624	991.517048	991.469188	
4.506868	1022.59066	1022.53605	991.584885	991.539001	
4.51703	1022.65884	1022.60586	991.653062	991.600088	
4.527139	1022.72728	1022.67568	991.721501	991.669901	
4.537377	1022.79722	1022.74549	991.791447	991.739714	
4.547795	1022.86911	1022.8153	991.863335	991.809527	
4.557722	1022.93806	1022.89384	991.932282	991.879341	
4.567891	1023.00939	1022.96365	992.003617	991.95788	
4.577964	1023.08065	1023.04219	992.074876	992.027694	
4.588179	1023.15354	1023.11201	992.147764	992.106233	
4.598352	1023.22678	1023.19055	992.221008	992.176047	
4.608517	1023.30054	1023.26909	992.294763	992.254586	
4.618709	1023.37514	1023.3389	992.369367	992.3244	
4.628809	1023.44964	1023.41744	992.44387	992.402939	
4.63896	1023.52521	1023.49598	992.519436	992.481479	
4.649343	1023.60313	1023.56579	992.597353	992.560019	
4.659463	1023.67966	1023.65306	992.673888	992.638559	
4.669586	1023.75683	1023.72287	992.75106	992.708372	
4.679787	1023.83522	1023.80141	992.829446	992.786912	
4.689884	1023.91343	1023.87995	992.907657	992.865452	
4.700099	1023.99324	1023.95849	992.987466	992.943991	
4.710196	1024.07263	1024.03703	993.066852	993.022531	
4.720374	1024.15334	1024.1243	993.147563	993.101071	
4.730538	1024.23453	1024.19411	993.228757	993.188337	
4.740662	1024.31603	1024.28138	993.310254	993.266877	
4.752031	1024.40842	1024.36864	993.402649	993.354144	
4.762113	1024.49088	1024.45591	993.485105	993.432684	
4.772259	1024.57448	1024.54318	993.568703	993.511223	
4.782389	1024.65856	1024.62172	993.652784	993.59849	
4.792533	1024.74341	1024.71771	993.737633	993.685756	
4.802781	1024.82969	1024.80498	993.823917	993.764296	
4.812897	1024.91552	1024.88352	993.909742	993.851563	
4.823032	1025.00213	1024.97951	993.996353	993.938829	
4.833253	1025.0901	1025.06678	994.084329	994.026096	
4.84371	1025.1808	1025.15404	994.175026	994.122089	
4.854678	1025.2766	1025.25876	994.27083	994.218082	
4.865058	1025.36793	1025.34603	994.362161	994.314075	
4.875198	1025.45773	1025.4333	994.451954	994.401341	
4.887317	1025.56609	1025.52929	994.560319	994.497334	
4.895481	1025.63934	1025.62528	994.633563	994.593328	
4.905655	1025.73129	1025.71255	994.725517	994.680594	
4.915759	1025.82325	1025.80854	994.817475	994.776587	
4.925962	1025.91672	1025.90453	994.910944	994.87258	
4.936138	1026.01059	1026.00053	995.004813	994.968573	
4.946576	1026.10754	1026.09652	995.101761	995.05584	
4.95744	1026.20916	1026.19251	995.203388	995.16056	
4.967575	1026.30456	1026.28851	995.29879	995.256553	
4.977765	1026.40107	1026.37577	995.395297	995.352546	
4.987863	1026.49732	1026.47177	995.49155	995.448539	
4.998043	1026.59501	1026.56776	995.589238	995.535805	
5.008201	1026.69313	1026.65503	995.687353	995.640525	
5.018401	1026.79223	1026.75102	995.78646	995.736518	
5.028506	1026.89102	1026.84701	995.885243	995.823785	
5.038646	1026.99111	1026.94301	995.985335	995.919778	
5.048832	1027.09164	1027.039	996.085867	996.024498	
5.06013	1027.2043	1027.14372	996.19853	996.129217	
5.070432	1027.30762	1027.24844	996.301847	996.233937	
5.080463	1027.4088	1027.34443	996.403021	996.338657	
5.090635	1027.51208	1027.44915	996.506304	996.43465	
5.100736	1027.61518	1027.55387	996.609405	996.53937	
5.110925	1027.71986	1027.65859	996.714081	996.644089	
5.121176	1027.82581	1027.76331	996.820037	996.748809	
5.131228	1027.93025	1027.86803	996.924474	996.862256	
5.141377	1028.03638	1027.98148	997.030603	996.966975	
5.151488	1028.14271	1028.0862	997.136937	997.089148	
5.16286	1028.26315	1028.20837	997.257371	997.211321	
5.172952	1028.37056	1028.32182	997.364783	997.316041	
5.183125	1028.47943	1028.43526	997.473659	997.438214	
5.193283	1028.58883	1028.54871	997.583057	997.551661	
5.203712	1028.70179	1028.66215	997.696013	997.665107	
5.213516	1028.80849	1028.76687	997.802715	997.778553	
5.22368	1028.91982	1028.88905	997.914044	997.892	
5.233817	1029.03137	1028.99377	998.025593	997.99672	
5.243945	1029.14347	1029.11594	998.137692	998.110166	
5.254089	1029.25643	1029.22066	998.250652	998.223612	
5.265622	1029.38567	1029.34283	998.379898	998.345785	
5.275595	1029.49797	1029.46501	998.492192	998.459232	
5.285731	1029.61266	1029.56973	998.606886	998.563952	
5.295855	1029.72791	1029.68317	998.722139	998.677398	
5.314329	1029.94073	1029.88389	998.934952	998.869384	
5.318897	1029.99324	1029.93624	998.987465	998.921744	
5.329351	1030.11435	1030.04969	999.108574	999.026464	
5.339214	1030.22912	1030.16314	999.223344	999.13991	
5.349322	1030.34742	1030.28531	999.341645	999.253357	
5.359513	1030.46732	1030.40748	999.461544	999.37553	
5.369769	1030.58865	1030.52966	999.582876	999.488976	
5.379916	1030.70927	1030.65183	999.703498	999.611149	
5.39004	1030.83017	1030.774	999.824401	999.733322	
5.400201	1030.95216	1030.89618	999.94639	999.855495	
5.410293	1031.07329	1031.01835	1000.06752	999.986395	
5.420489	1031.19564	1031.14052	1000.18987	1000.10857	
5.430629	1031.3173	1031.27142	1000.31153	1000.23947	
5.440829	1031.43974	1031.40232	1000.43396	1000.37037	
5.450998	1031.56173	1031.52449	1000.55595	1000.50127	
5.4611	1031.68295	1031.66412	1000.67718	1000.63217	
5.47136	1031.80613	1031.78629	1000.80036	1000.76307	
5.481522	1031.92808	1031.92592	1000.9223	1000.89397	
5.49163	1032.04934	1032.04809	1001.04356	1001.02487	
5.501824	1032.17169	1032.17899	1001.16591	1001.15577	
5.512328	1032.29906	1032.30989	1001.29328	1001.27794	
5.522145	1032.41552	1032.43207	1001.40974	1001.40011	
5.53234	1032.53789	1032.55424	1001.53212	1001.53101	
5.542486	1032.65962	1032.67641	1001.65385	1001.64446	
5.552646	1032.78156	1032.79858	1001.77579	1001.76663	
5.562804	1032.9035	1032.91203	1001.89772	1001.8888	
5.573974	1033.03755	1033.0342	1002.03177	1002.0197	
5.584282	1033.16122	1033.14765	1002.15545	1002.13315	
5.594202	1033.28024	1033.26982	1002.27446	1002.2466	
5.604338	1033.40184	1033.37454	1002.39607	1002.36004	
5.622821	1033.62408	1033.48799	1002.61831	1002.48222	
5.627453	1033.67922	1033.63634	1002.67345	1002.62184	
5.637609	1033.8011	1033.74979	1002.79532	1002.73529	
5.647752	1033.92281	1033.87196	1002.91704	1002.85746	
5.658264	1034.04897	1034.00286	1003.04319	1002.97091	
5.668409	1034.17068	1034.11631	1003.16491	1003.10181	
5.679039	1034.29835	1034.23848	1003.29258	1003.21525	
5.688792	1034.41528	1034.36065	1003.40951	1003.34615	
5.699021	1034.53803	1034.49155	1003.53225	1003.46833	
5.709121	1034.65924	1034.61373	1003.65347	1003.59923	
5.719316	1034.78158	1034.7359	1003.77581	1003.7214	
5.729517	1034.90398	1034.85807	1003.89821	1003.8523	
5.739602	1035.025	1034.98025	1004.01923	1003.9832	
5.749809	1035.14751	1035.10242	1004.14173	1004.10537	
5.759938	1035.26903	1035.23332	1004.26326	1004.23627	
5.770151	1035.39164	1035.35549	1004.38586	1004.35844	
5.780314	1035.51359	1035.48639	1004.50782	1004.48934	
5.790466	1035.63543	1035.60856	1004.62965	1004.61152	
5.800643	1035.7575	1035.73074	1004.75173	1004.73369	
5.818647	1035.97354	1035.95763	1004.96777	1004.95186	
5.823623	1036.0333	1036.00999	1005.02753	1005.00422	
5.833434	1036.15097	1036.13216	1005.1452	1005.12639	
5.844958	1036.29134	1036.25434	1005.28556	1005.23984	
5.853651	1036.39359	1036.37651	1005.38781	1005.36201	
5.863774	1036.51506	1036.48996	1005.50929	1005.48418	
5.873928	1036.63696	1036.61213	1005.63119	1005.59763	
5.884247	1036.76085	1036.7343	1005.75507	1005.7198	
5.894274	1036.88023	1036.85648	1005.87445	1005.83325	
5.90451	1037.00147	1036.96992	1005.99569	1005.94669	
5.914656	1037.12108	1037.09209	1006.11531	1006.06887	
5.9251	1037.24361	1037.21427	1006.23783	1006.18231	
5.934914	1037.35809	1037.33644	1006.35231	1006.31321	
5.944983	1037.47498	1037.45861	1006.4692	1006.42666	
5.955179	1037.59272	1037.58079	1006.58695	1006.54883	
5.965247	1037.70839	1037.70296	1006.70262	1006.67101	
5.975442	1037.82492	1037.82513	1006.81914	1006.79318	
5.985669	1037.94124	1037.94731	1006.93547	1006.91535	
5.995738	1038.05496	1038.06948	1007.04919	1007.0288	
6.006011	1038.17053	1038.19165	1007.16475	1007.15097	
6.0161	1038.28335	1038.3051	1007.27758	1007.26442	
6.026575	1038.39989	1038.42727	1007.39411	1007.38659	
6.036676	1038.51161	1038.54072	1007.50584	1007.50004	
6.046856	1038.62363	1038.64544	1007.61785	1007.61348	
6.057001	1038.73467	1038.75888	1007.72889	1007.7182	
6.067115	1038.84473	1038.8636	1007.83896	1007.83165	
6.077298	1038.95495	1038.96832	1007.94917	1007.9451	
6.087516	1039.06496	1039.07304	1008.05918	1008.04982	
6.097769	1039.17467	1039.17776	1008.1689	1008.16326	
6.107812	1039.28148	1039.27376	1008.27571	1008.26798	
6.117943	1039.38868	1039.37848	1008.38291	1008.3727	
6.128175	1039.49635	1039.4832	1008.49057	1008.47742	
6.138317	1039.60243	1039.57919	1008.59665	1008.58214	
6.148414	1039.70743	1039.67518	1008.70166	1008.68686	
6.158603	1039.81277	1039.7799	1008.807	1008.78285	
6.16875	1039.9171	1039.88462	1008.91133	1008.88757	
6.178988	1040.02173	1039.98934	1009.01596	1008.98357	
6.190381	1040.13738	1040.10279	1009.13161	1009.09701	
6.200574	1040.24023	1040.19878	1009.23445	1009.19301	
6.21072	1040.34195	1040.3035	1009.33617	1009.289	
6.220863	1040.44307	1040.40822	1009.43729	1009.39372	
6.230979	1040.54334	1040.51294	1009.53757	1009.49844	
6.241182	1040.64388	1040.61766	1009.6381	1009.60316	
6.251315	1040.74304	1040.72238	1009.73727	1009.70788	
6.26145	1040.84165	1040.8271	1009.83588	1009.8126	
6.271634	1040.94013	1040.92309	1009.93436	1009.91732	
6.281799	1041.0378	1041.01909	1010.03202	1010.02204	
6.293186	1041.14644	1041.13253	1010.14067	1010.12676	
6.303539	1041.24463	1041.22853	1010.23885	1010.23148	
6.313471	1041.33812	1041.33324	1010.33235	1010.3362	
6.323542	1041.43241	1041.42924	1010.42664	1010.43219	
6.333797	1041.52782	1041.52523	1010.52205	1010.52818	
6.343805	1041.62026	1041.62122	1010.61448	1010.61545	
6.354127	1041.71509	1041.71722	1010.70932	1010.71144	
6.364115	1041.80612	1041.80448	1010.80035	1010.80744	
6.374255	1041.89801	1041.89175	1010.89224	1010.8947	
6.384611	1041.99123	1041.98774	1010.98546	1010.98197	
6.395833	1042.09142	1042.08374	1011.08565	1011.07796	
6.413903	1042.25049	1042.24082	1011.24472	1011.22632	
6.418483	1042.29085	1042.27572	1011.28507	1011.26995	
6.428609	1042.37933	1042.36299	1011.37355	1011.34849	
6.438811	1042.46817	1042.45026	1011.4624	1011.43575	
6.448968	1042.55541	1042.53752	1011.54963	1011.52302	
6.459159	1042.64261	1042.62479	1011.63684	1011.60156	
6.469316	1042.72893	1042.71206	1011.72316	1011.68883	
6.479506	1042.81492	1042.79059	1011.80914	1011.77609	
6.48974	1042.90063	1042.87786	1011.89486	1011.85463	
6.499896	1042.98517	1042.9564	1011.9794	1011.9419	
6.510002	1043.06855	1043.04367	1012.06278	1012.02917	
6.520214	1043.15226	1043.13093	1012.14649	1012.11643	
6.530327	1043.23454	1043.2182	1012.22877	1012.2037	
6.540456	1043.31632	1043.30547	1012.31054	1012.28224	
6.550647	1043.39804	1043.39273	1012.39226	1012.36951	
6.560822	1043.479	1043.48	1012.47323	1012.45677	
6.571058	1043.55983	1043.56727	1012.55405	1012.53531	
6.581204	1043.63935	1043.64581	1012.63358	1012.62258	
6.591283	1043.71769	1043.72435	1012.71192	1012.70112	
6.601593	1043.79972	1043.81161	1012.79395	1012.77966	
6.611685	1043.8745	1043.89015	1012.86873	1012.86692	
6.621777	1043.95115	1043.96869	1012.94538	1012.94546	
6.632012	1044.02827	1044.05596	1013.02249	1013.024	
6.642211	1044.10631	1044.12577	1013.10053	1013.10254	
6.652229	1044.17881	1044.21304	1013.17304	1013.18108	
6.662427	1044.25381	1044.28285	1013.24803	1013.2509	
6.672573	1044.32786	1044.36139	1013.32208	1013.32944	
6.68273	1044.40133	1044.4312	1013.39556	1013.39925	
6.692822	1044.47381	1044.50974	1013.46804	1013.46906	
6.704348	1044.55566	1044.57956	1013.54988	1013.5476	
6.722372	1044.68144	1044.64937	1013.67566	1013.60869	
6.726961	1044.71375	1044.73664	1013.70798	1013.68723	
6.737076	1044.78348	1044.80645	1013.77771	1013.75704	
6.747273	1044.85335	1044.86754	1013.84758	1013.82686	
6.757434	1044.92238	1044.92862	1013.9166	1013.89667	
6.767767	1044.99199	1044.99844	1013.98621	1013.96648	
6.777841	1045.05922	1045.05952	1014.05345	1014.02757	
6.787998	1045.12642	1045.12061	1014.12065	1014.09738	
6.798079	1045.19249	1045.1817	1014.18672	1014.15847	
6.808325	1045.25908	1045.24278	1014.25331	1014.22828	
6.81844	1045.32412	1045.3126	1014.31834	1014.28937	
6.828605	1045.38894	1045.37368	1014.38316	1014.35045	
6.838705	1045.45269	1045.43477	1014.44692	1014.42027	
6.84891	1045.51656	1045.49586	1014.51078	1014.49008	
6.859108	1045.57973	1045.55694	1014.57396	1014.55117	
6.869236	1045.64188	1045.62675	1014.63611	1014.61225	
6.879402	1045.70364	1045.68784	1014.69787	1014.67334	
6.89163	1045.77703	1045.74893	1014.77126	1014.73443	
6.899802	1045.82572	1045.81874	1014.81994	1014.80424	
6.91	1045.88585	1045.87983	1014.88008	1014.86533	
6.920162	1045.94516	1045.94091	1014.93938	1014.92641	
6.93032	1046.00383	1046.01073	1014.99806	1014.97877	
6.940475	1046.06188	1046.06309	1015.05611	1015.03986	
6.950561	1046.11894	1046.1329	1015.11317	1015.10095	
6.96079	1046.1762	1046.18526	1015.17043	1015.15331	
6.971016	1046.23282	1046.24635	1015.22705	1015.21439	
6.981119	1046.28816	1046.29871	1015.28239	1015.26675	
6.991248	1046.34306	1046.35979	1015.33729	1015.32784	
7.02017	1046.49332	1046.49942	1015.48754	1015.48492	
7.024775	1046.51739	1046.5256	1015.51161	1015.50237	
7.034987	1046.57011	1046.56923	1015.56434	1015.56346	
7.045032	1046.62135	1046.62159	1015.61558	1015.60709	
7.055368	1046.67351	1046.66523	1015.66773	1015.66818	
7.065371	1046.72336	1046.70886	1015.71758	1015.71181	
7.075509	1046.77328	1046.76122	1015.76751	1015.76417	
7.085652	1046.82261	1046.80485	1015.81684	1015.81653	
7.095745	1046.87114	1046.84849	1015.86536	1015.86016	
7.114911	1046.96063	1046.93575	1015.95486	1015.95616	
7.127739	1047.01979	1047.00556	1016.01402	1016.00852	
7.132328	1047.0409	1047.02302	1016.03513	1016.02597	
7.142481	1047.08693	1047.07538	1016.08116	1016.07833	
7.152634	1047.13239	1047.11901	1016.12662	1016.12196	
7.162812	1047.1773	1047.16264	1016.17152	1016.1656	
7.172939	1047.2214	1047.215	1016.21563	1016.20923	
7.183124	1047.26518	1047.25864	1016.25941	1016.26159	
7.193211	1047.30791	1047.30227	1016.30213	1016.30522	
7.203634	1047.35145	1047.3459	1016.34568	1016.34013	
7.216212	1047.403	1047.38954	1016.39723	1016.38376	
7.223737	1047.4336	1047.42444	1016.42783	1016.4274	
7.233899	1047.47424	1047.4768	1016.46847	1016.47103	
7.243952	1047.51386	1047.51171	1016.50809	1016.50594	
7.254189	1047.55362	1047.54662	1016.54785	1016.54957	
7.264279	1047.5922	1047.59025	1016.58643	1016.58448	
7.274474	1047.6306	1047.63388	1016.62483	1016.61938	
7.284616	1047.66818	1047.66879	1016.66241	1016.65429	
7.294698	1047.70495	1047.7037	1016.69918	1016.6892	
7.30514	1047.74242	1047.7386	1016.73664	1016.7241	
7.317524	1047.78589	1047.77351	1016.78011	1016.75901	
7.325547	1047.81375	1047.80842	1016.80797	1016.79392	
7.335659	1047.84824	1047.84332	1016.84246	1016.82882	
7.345863	1047.88243	1047.87823	1016.87665	1016.86373	
7.355981	1047.91574	1047.91314	1016.90997	1016.89864	
7.366541	1047.94987	1047.94804	1016.94409	1016.93354	
7.376475	1047.9814	1047.97422	1016.97562	1016.96845	
7.386633	1048.01306	1048.00913	1017.00728	1016.99463	
7.396727	1048.04392	1048.03531	1017.03814	1017.02954	
7.40688	1048.07437	1048.07022	1017.0686	1017.05572	
7.418775	1048.10921	1048.0964	1017.10344	1017.08189	
7.427334	1048.13389	1048.12258	1017.12812	1017.1168	
7.437463	1048.16248	1048.14876	1017.15671	1017.14298	
7.447589	1048.19049	1048.17494	1017.18471	1017.17789	
7.457777	1048.21807	1048.20984	1017.21229	1017.20407	
7.467932	1048.24497	1048.2273	1017.23919	1017.23025	
7.478063	1048.27121	1048.2622	1017.26543	1017.2477	
7.488272	1048.29706	1048.27966	1017.29128	1017.27388	
7.498391	1048.3221	1048.31456	1017.31633	1017.30006	
7.508493	1048.34651	1048.33202	1017.34074	1017.31751	
7.518666	1048.37052	1048.3582	1017.36474	1017.35242	
7.528897	1048.39405	1048.38438	1017.38828	1017.36987	
7.539126	1048.41699	1048.40183	1017.41121	1017.38733	
7.549204	1048.439	1048.42801	1017.43323	1017.41351	
7.559341	1048.46057	1048.44546	1017.4548	1017.43969	
7.569566	1048.48174	1048.47164	1017.47597	1017.45714	
7.579668	1048.50207	1048.48909	1017.49629	1017.48332	
7.5898	1048.52188	1048.50655	1017.51611	1017.50077	
7.599972	1048.54119	1048.524	1017.53541	1017.51823	
7.610102	1048.55984	1048.54145	1017.55407	1017.53568	
7.620265	1048.57797	1048.55891	1017.5722	1017.56186	
7.630522	1048.59569	1048.57636	1017.58992	1017.57059	
7.640618	1048.61254	1048.59381	1017.60677	1017.59677	
7.650763	1048.62891	1048.61127	1017.62314	1017.60549	
7.660926	1048.64473	1048.62872	1017.63896	1017.62295	
7.671045	1048.65992	1048.64617	1017.65415	1017.63167	
7.681279	1048.6747	1048.6549	1017.66893	1017.64913	
7.691389	1048.68874	1048.67235	1017.68296	1017.65785	
7.701523	1048.70224	1048.68108	1017.69647	1017.66658	
7.711664	1048.7152	1048.69853	1017.70942	1017.67531	
7.721842	1048.72763	1048.70726	1017.72185	1017.69276	
7.732068	1048.73956	1048.71599	1017.73379	1017.70149	
7.742201	1048.75081	1048.72471	1017.74504	1017.70149	
7.752369	1048.76155	1048.73344	1017.75577	1017.71894	
7.762478	1048.77168	1048.74217	1017.7659	1017.72767	
7.772576	1048.78126	1048.75089	1017.77549	1017.73639	
7.782721	1048.79034	1048.75962	1017.78456	1017.73639	
7.79293	1048.79892	1048.76835	1017.79314	1017.75385	
7.80318	1048.80699	1048.76835	1017.80121	1017.76257	
7.813208	1048.81437	1048.77707	1017.8086	1017.7713	
7.823675	1048.8215	1048.7858	1017.81573	1017.7713	
7.833991	1048.828	1048.7858	1017.82223	1017.78003	
7.845408	1048.83464	1048.79453	1017.82887	1017.78875	
7.854526	1048.83934	1048.80325	1017.83356	1017.79748	
7.864638	1048.84419	1048.80325	1017.83842	1017.80621	
7.875075	1048.84868	1048.80325	1017.8429	1017.80621	
7.884886	1048.85247	1048.81198	1017.84669	1017.80621	
7.904927	1048.85792	1048.82071	1017.85215	1017.81493	
7.90947	1048.85924	1048.82943	1017.85347	1017.81493	
7.919603	1048.86169	1048.83816	1017.85591	1017.81493	
7.93306	1048.86422	1048.83816	1017.85844	1017.81493	
7.940416	1048.86546	1048.83816	1017.85968	1017.81493	
7.950124	1048.87086	1048.84689	1017.86508	1017.81493	
7.960318	1048.87086	1048.84689	1017.86508	1017.81493	
7.97041	1048.87086	1048.85561	1017.86508	1017.81493	
7.980602	1048.87086	1048.85561	1017.86508	1017.81493	
7.990762	1048.87086	1048.84689	1017.86508	1017.81493	
8.000863	1048.87086	1048.84689	1017.86508	1017.81493	
8.018986	1048.87086	1048.84689	1017.86508	1017.81493	
8.023737	1048.87086	1048.84689	1017.86508	1017.81493	
8.036241	1048.87086	1048.84689	1017.86508	1017.81493	
8.044267	1048.87086	1048.84689	1017.86508	1017.81493	
8.054016	1048.87086	1048.84689	1017.86508	1017.81493	
8.064196	1048.87086	1048.84689	1017.86508	1017.81493	
8.07449	1048.87086	1048.84689	1017.86508	1017.81493	
8.085062	1048.87086	1048.84689	1017.86508	1017.81493	
8.094733	1048.87086	1048.84689	1017.86508	1017.81493	
8.104893	1048.87086	1048.84689	1017.86508	1017.81493	
8.115066	1048.87086	1048.84689	1017.86508	1017.81493	
8.125144	1048.87086	1048.84689	1017.86508	1017.81493	
8.135393	1048.87086	1048.84689	1017.86508	1017.81493	
8.145797	1048.87086	1048.84689	1017.86508	1017.81493	
8.155649	1048.87086	1048.84689	1017.86508	1017.81493	
8.16578	1048.87086	1048.84689	1017.86508	1017.81493	
8.17594	1048.87086	1048.84689	1017.86508	1017.81493	
8.186496	1048.87086	1048.84689	1017.86508	1017.81493	
8.196255	1048.87086	1048.84689	1017.86508	1017.81493	
8.206394	1048.87086	1048.84689	1017.86508	1017.81493	
8.216581	1048.87086	1048.84689	1017.86508	1017.81493	
8.22668	1048.87086	1048.84689	1017.86508	1017.81493	
8.236856	1048.87086	1048.84689	1017.86508	1017.81493	
8.247075	1048.87086	1048.84689	1017.86508	1017.81493	
8.257252	1048.87086	1048.84689	1017.86508	1017.81493	
8.267378	1048.87086	1048.84689	1017.86508	1017.81493	
8.277544	1048.87086	1048.84689	1017.86508	1017.81493	
8.287699	1048.87086	1048.84689	1017.86508	1017.81493	
8.297889	1048.87086	1048.84689	1017.86508	1017.81493	
8.308012	1048.87086	1048.84689	1017.86508	1017.81493	
8.318173	1048.87086	1048.84689	1017.86508	1017.81493	
8.328321	1048.87086	1048.84689	1017.86508	1017.81493	
8.338473	1048.87086	1048.84689	1017.86508	1017.81493	
8.348676	1048.87086	1048.84689	1017.86508	1017.81493	
8.358847	1048.87086	1048.84689	1017.86508	1017.81493	
8.368994	1048.87086	1048.84689	1017.86508	1017.81493	
8.37925	1048.87086	1048.84689	1017.86508	1017.81493	
8.389311	1048.87086	1048.84689	1017.86508	1017.81493	
8.399455	1048.87086	1048.84689	1017.86508	1017.81493	
8.40971	1048.87086	1048.84689	1017.86508	1017.81493	
8.41977	1048.87086	1048.84689	1017.86508	1017.81493	
8.429928	1048.87086	1048.84689	1017.86508	1017.81493	
8.440047	1048.87086	1048.84689	1017.86508	1017.81493	
8.459173	1048.87086	1048.84689	1017.86508	1017.81493	
8.463767	1048.87086	1048.84689	1017.86508	1017.81493	
8.473973	1048.87086	1048.84689	1017.86508	1017.81493	
8.484039	1048.87086	1048.84689	1017.86508	1017.81493	
8.494209	1048.87086	1048.84689	1017.86508	1017.81493	
8.504385	1048.87086	1048.84689	1017.86508	1017.81493	
8.522371	1048.87086	1048.84689	1017.86508	1017.81493	
8.526932	1048.87086	1048.84689	1017.86508	1017.81493	
8.537058	1048.87086	1048.84689	1017.86508	1017.81493	
8.549578	1048.87086	1048.84689	1017.86508	1017.81493	
8.557476	1048.87086	1048.84689	1017.86508	1017.81493	
8.567624	1048.87086	1048.84689	1017.86508	1017.81493	
8.577846	1048.87086	1048.84689	1017.86508	1017.81493	
8.587879	1048.87086	1048.84689	1017.86508	1017.81493	
8.598072	1048.87086	1048.84689	1017.86508	1017.81493	
8.608257	1048.87086	1048.84689	1017.86508	1017.81493	
8.618393	1048.87086	1048.84689	1017.86508	1017.81493	
8.628533	1048.87086	1048.84689	1017.86508	1017.81493	
8.638798	1048.87086	1048.84689	1017.86508	1017.81493	
8.648974	1048.87086	1048.84689	1017.86508	1017.81493	
8.659334	1048.87086	1048.84689	1017.86508	1017.81493	
8.669353	1048.87086	1048.84689	1017.86508	1017.81493	
8.6795	1048.87086	1048.84689	1017.86508	1017.81493	
8.689705	1048.87086	1048.84689	1017.86508	1017.81493	
8.699814	1048.87086	1048.84689	1017.86508	1017.81493	
8.709958	1048.87086	1048.84689	1017.86508	1017.81493	
8.720103	1048.87086	1048.84689	1017.86508	1017.81493	
8.730287	1048.87086	1048.84689	1017.86508	1017.81493	
8.740395	1048.87086	1048.84689	1017.86508	1017.81493	
8.750587	1048.87086	1048.84689	1017.86508	1017.81493	
8.760786	1048.87086	1048.84689	1017.86508	1017.81493	
8.770983	1048.87086	1048.84689	1017.86508	1017.81493	
8.781079	1048.87086	1048.84689	1017.86508	1017.81493	
8.791281	1048.87086	1048.84689	1017.86508	1017.81493	
8.801398	1048.87086	1048.84689	1017.86508	1017.81493	
8.811582	1048.87086	1048.84689	1017.86508	1017.81493	
8.821711	1048.87086	1048.84689	1017.86508	1017.81493	
8.831863	1048.87086	1048.84689	1017.86508	1017.81493	
8.842089	1048.87086	1048.84689	1017.86508	1017.81493	
8.852438	1048.87086	1048.84689	1017.86508	1017.81493	
8.862376	1048.87086	1048.84689	1017.86508	1017.81493	
8.872552	1048.87086	1048.84689	1017.86508	1017.81493	
8.882696	1048.87086	1048.84689	1017.86508	1017.81493	
8.893206	1048.87086	1048.84689	1017.86508	1017.81493	
8.902974	1048.87086	1048.84689	1017.86508	1017.81493	
8.913241	1048.87086	1048.84689	1017.86508	1017.81493	
8.923392	1048.87086	1048.84689	1017.86508	1017.81493	
8.93346	1048.87086	1048.84689	1017.86508	1017.81493	
8.943584	1048.87086	1048.84689	1017.86508	1017.81493	
8.953855	1048.87086	1048.84689	1017.86508	1017.81493	
8.964584	1048.87086	1048.84689	1017.86508	1017.81493	
8.974718	1048.87086	1048.84689	1017.86508	1017.81493	
8.985085	1048.87086	1048.84689	1017.86508	1017.81493	
8.994956	1048.87086	1048.84689	1017.86508	1017.81493	
9.005359	1048.87086	1048.84689	1017.86508	1017.81493	
9.015303	1048.87086	1048.84689	1017.86508	1017.81493	
9.025439	1048.87086	1048.84689	1017.86508	1017.81493	
9.035577	1048.87086	1048.84689	1017.86508	1017.81493	
9.045685	1048.87086	1048.84689	1017.86508	1017.81493	
9.055868	1048.87086	1048.84689	1017.86508	1017.81493	
9.067341	1048.87086	1048.84689	1017.86508	1017.82366	
9.077432	1048.87086	1048.84689	1017.86508	1017.82366	
9.087802	1048.87086	1048.84689	1017.86508	1017.83239	
9.097797	1048.87086	1048.84689	1017.86508	1017.84111	
9.107903	1048.87086	1048.84689	1017.86508	1017.84111	
9.118049	1048.87086	1048.84689	1017.86508	1017.84984	
9.128222	1048.87086	1048.84689	1017.86508	1017.85857	
9.138398	1048.87086	1048.84689	1017.86508	1017.87602	
9.14851	1048.87086	1048.84689	1017.86508	1017.87602	
9.158691	1048.87086	1048.84689	1017.86508	1017.88475	
9.16921	1048.87086	1048.84689	1017.86508	1017.89347	
9.179421	1048.87086	1048.84689	1017.86508	1017.9022	
9.18948	1048.87086	1048.84689	1017.86508	1017.9022	
9.199689	1048.87086	1048.85561	1017.86508	1017.9022	
9.209884	1048.87086	1048.85561	1017.86508	1017.9022	
9.220029	1048.87086	1048.85561	1017.86508	1017.9022	
9.230166	1048.87086	1048.84689	1017.86508	1017.9022	
9.240365	1048.87086	1048.84689	1017.86508	1017.9022	
9.25049	1048.87086	1048.84689	1017.86508	1017.9022	
9.2606	1048.87086	1048.84689	1017.86508	1017.9022	
9.270965	1048.87086	1048.84689	1017.86508	1017.9022	
9.280954	1048.87086	1048.85561	1017.86508	1017.9022	
9.291135	1048.87086	1048.85561	1017.86508	1017.9022	
9.301281	1048.87086	1048.85561	1017.86508	1017.9022	
9.311434	1048.87086	1048.85561	1017.86508	1017.9022	
9.321633	1048.87086	1048.84689	1017.86508	1017.9022	
9.331797	1048.87086	1048.84689	1017.86508	1017.9022	
9.34194	1048.87086	1048.84689	1017.86508	1017.9022	
9.352098	1048.87086	1048.84689	1017.86508	1017.9022	
9.362249	1048.87086	1048.84689	1017.86508	1017.9022	
9.372398	1048.87086	1048.85561	1017.86508	1017.9022	
9.382552	1048.87086	1048.85561	1017.86508	1017.9022	
9.392724	1048.87086	1048.85561	1017.86508	1017.9022	
9.402859	1048.87086	1048.85561	1017.86508	1017.9022	
9.41299	1048.87086	1048.85561	1017.86508	1017.9022	
9.423217	1048.87086	1048.84689	1017.86508	1017.9022	
9.433291	1048.87086	1048.84689	1017.86508	1017.9022	
9.443467	1048.87086	1048.84689	1017.86508	1017.9022	
9.453596	1048.87086	1048.84689	1017.86508	1017.9022	
9.463746	1048.87086	1048.84689	1017.86508	1017.9022	
9.473949	1048.87086	1048.85561	1017.86508	1017.9022	
9.484058	1048.87086	1048.85561	1017.86508	1017.9022	
9.49421	1048.87086	1048.85561	1017.86508	1017.9022	
9.50442	1048.87086	1048.85561	1017.86508	1017.9022	
9.514593	1048.87086	1048.85561	1017.86508	1017.9022	
9.524671	1048.87086	1048.85561	1017.86508	1017.9022	
9.534851	1048.87086	1048.85561	1017.86508	1017.9022	
9.545006	1048.87086	1048.84689	1017.86508	1017.9022	
9.555155	1048.87086	1048.84689	1017.86508	1017.9022	
9.56529	1048.87086	1048.84689	1017.86508	1017.9022	
9.575467	1048.87086	1048.84689	1017.86508	1017.9022	
9.585606	1048.87086	1048.84689	1017.86508	1017.9022	
9.595733	1048.87086	1048.85561	1017.86508	1017.9022	
9.605926	1048.87086	1048.85561	1017.86508	1017.9022	
9.616121	1048.87086	1048.85561	1017.86508	1017.9022	
9.626247	1048.87086	1048.85561	1017.86508	1017.9022	
9.636411	1048.87086	1048.85561	1017.86508	1017.9022	
9.646521	1048.87086	1048.85561	1017.86508	1017.9022	
9.656744	1048.87086	1048.85561	1017.86508	1017.9022	
9.666874	1048.87086	1048.85561	1017.86508	1017.9022	
9.67704	1048.87086	1048.85561	1017.86508	1017.9022	
9.687242	1048.87086	1048.84689	1017.86508	1017.9022	
9.697354	1048.87086	1048.84689	1017.86508	1017.9022	
9.707526	1048.87086	1048.84689	1017.86508	1017.9022	
9.717714	1048.87086	1048.84689	1017.86508	1017.9022	
9.727857	1048.87086	1048.84689	1017.86508	1017.9022	
9.738061	1048.87086	1048.85561	1017.86508	1017.9022	
9.748179	1048.87086	1048.85561	1017.86508	1017.9022	
9.758291	1048.87086	1048.85561	1017.86508	1017.9022	
9.768516	1048.87086	1048.85561	1017.86508	1017.9022	
9.778621	1048.87086	1048.85561	1017.86508	1017.9022	
9.788792	1048.87086	1048.85561	1017.86508	1017.9022	
9.798941	1048.87086	1048.85561	1017.86508	1017.9022	
9.809113	1048.87086	1048.85561	1017.86508	1017.9022	
9.827433	1048.87086	1048.85561	1017.86508	1017.9022	
9.832023	1048.87086	1048.85561	1017.86508	1017.9022	
9.842332	1048.87086	1048.85561	1017.86508	1017.9022	
9.852702	1048.87086	1048.85561	1017.86508	1017.9022	
9.86284	1048.87086	1048.85561	1017.86508	1017.9022	
9.872963	1048.87086	1048.85561	1017.86508	1017.9022	
9.883168	1048.87086	1048.85561	1017.86508	1017.9022	
9.893262	1048.87086	1048.85561	1017.86508	1017.9022	
9.903442	1048.87086	1048.85561	1017.86508	1017.9022	
9.913555	1048.87086	1048.85561	1017.86508	1017.9022	
9.923725	1048.87086	1048.85561	1017.86508	1017.9022	
9.933864	1048.87086	1048.85561	1017.86508	1017.9022	
9.944017	1048.87086	1048.85561	1017.86508	1017.9022	
9.954219	1048.87086	1048.85561	1017.86508	1017.9022	
9.964312	1048.87086	1048.85561	1017.86508	1017.9022	
9.982402	1048.87086	1048.85561	1017.86508	1017.9022	
9.98701	1048.87086	1048.85561	1017.86508	1017.9022	
9.997076	1048.87086	1048.85561	1017.86508	1017.9022	
10.00729	1048.87086	1048.85561	1017.86508	1017.9022	
10.01743	1048.87086	1048.85561	1017.86508	1017.9022	
10.02759	1048.87086	1048.85561	1017.86508	1017.9022	
10.03775	1048.87086	1048.85561	1017.86508	1017.9022	
10.0479	1048.87086	1048.85561	1017.86508	1017.9022	
10.05812	1048.87086	1048.85561	1017.86508	1017.9022	
10.06821	1048.87086	1048.85561	1017.86508	1017.9022	
10.07838	1048.87086	1048.85561	1017.86508	1017.9022	
10.08857	1048.87086	1048.85561	1017.86508	1017.9022	
10.09872	1048.87086	1048.85561	1017.86508	1017.9022	
10.10886	1048.87086	1048.85561	1017.86508	1017.9022	
10.119	1048.87086	1048.85561	1017.86508	1017.9022	
10.12922	1048.87086	1048.85561	1017.86508	1017.9022	
10.13946	1048.87086	1048.85561	1017.86508	1017.9022	
10.14953	1048.87086	1048.85561	1017.86508	1017.9022	
10.15971	1048.87086	1048.85561	1017.86508	1017.9022	
10.16996	1048.87086	1048.85561	1017.86508	1017.9022	
10.18002	1048.87086	1048.85561	1017.86508	1017.9022	
10.20648	1048.87086	1048.85561	1017.86508	1017.9022	
