4.13385	
4.144001	
4.154098	
4.164271	
4.174483	
4.184613	
4.194782	
4.204965	
4.215055	
4.225221	
4.235454	
4.245545	
4.255861	
4.266005	
4.27613	
4.286403	
4.296476	
4.306625	
4.316838	
4.326877	
4.337087	
4.347259	
4.357453	
4.367562	
4.377697	
4.387823	
4.398011	
4.40814	
4.418291	
4.428423	
4.438734	
4.448689	
4.458856	
4.469029	
4.47914	
4.489269	
4.499486	
4.510614	
4.519712	
4.531171	
4.54061	
4.550523	
4.56064	
4.570829	
4.581486	
4.591587	
4.601724	
4.611889	
4.622036	
4.632174	
4.64239	
4.652509	
4.662597	
4.67278	
4.682918	
4.693124	
4.703226	
4.713378	
4.723575	
4.733701	
4.743946	
4.75406	
4.764179	
4.774392	
4.784477	
4.79463	
4.804873	
4.814903	
4.825091	
4.835244	
4.845405	
4.855526	
4.865704	
4.875875	
4.886016	
4.896149	
4.906336	
4.916473	
4.92664	
4.936731	
4.947147	
4.957139	
4.967257	
4.977396	
4.987567	
4.997695	
5.007837	
5.017989	
5.028151	
5.038371	
5.048435	
5.058548	
5.068724	
5.078854	
5.088999	
5.099138	
5.10932	
5.119451	
5.129567	
5.139714	
5.149856	
5.159986	
5.170194	
5.180287	
5.190503	
5.200599	
5.210793	
5.220995	
5.231023	
5.241172	
5.251342	
5.261443	
5.271601	
5.281756	
5.291905	
5.302055	
5.312181	
5.322396	
5.332485	
5.342632	
5.352804	
5.362964	
5.373174	
5.383294	
5.393437	
5.403627	
5.413764	
5.423925	
5.434017	
5.444182	
5.462327	
5.466714	
5.476914	
5.487029	
5.497171	
5.507317	
5.517497	
5.527637	
5.537772	
5.547926	
5.558074	
5.56819	
5.580492	
5.588489	
5.59862	
5.608743	
5.618903	
5.629118	
5.639212	
5.649331	
5.659528	
5.669638	
5.679774	
5.689895	
5.700077	
5.710226	
5.720353	
5.730508	
5.740622	
5.750844	
5.760949	
5.77112	
5.781266	
5.791353	
5.801544	
5.811692	
5.821974	
5.831968	
5.8422	
5.85242	
5.862562	
5.872896	
5.883033	
5.893235	
5.903382	
5.913466	
5.923789	
5.933814	
5.94398	
5.954141	
5.964324	
5.974814	1048.84788	1048.84689	1017.91192	1017.91093	
5.984957	1048.84944	1048.84689	1017.91348	1017.91093	
5.995064	1048.85161	1048.84689	1017.91565	1017.91093	
6.00544	1048.8545	1048.84689	1017.91854	1017.91093	
6.015405	1048.85785	1048.84689	1017.92189	1017.91093	
6.025537	1048.86188	1048.84689	1017.92592	1017.91965	
6.035739	1048.86656	1048.84689	1017.9306	1017.92838	
6.045871	1048.87183	1048.84689	1017.93587	1017.92838	
6.055989	1048.8777	1048.84689	1017.94174	1017.93711	
6.066143	1048.88421	1048.84689	1017.94825	1017.93711	
6.077467	1048.89228	1048.84689	1017.95632	1017.93711	
6.087612	1048.9001	1048.84689	1017.96414	1017.93711	
6.097742	1048.90851	1048.84689	1017.97255	1017.93711	
6.107925	1048.9176	1048.84689	1017.98164	1017.93711	
6.118104	1048.92731	1048.85561	1017.99134	1017.93711	
6.128292	1048.93763	1048.85561	1018.00167	1017.93711	
6.13847	1048.94858	1048.86434	1018.01262	1017.93711	
6.148568	1048.96005	1048.87307	1018.02409	1017.93711	
6.158714	1048.97219	1048.89052	1018.03623	1017.94583	
6.168825	1048.98491	1048.90797	1018.04895	1017.94583	
6.180083	1048.99987	1048.92543	1018.0639	1017.96329	
6.190263	1049.01398	1048.95161	1018.07802	1017.98074	
6.200373	1049.0286	1048.97779	1018.09264	1017.99819	
6.210517	1049.04394	1048.99524	1018.10798	1018.02437	
6.220688	1049.05985	1049.03015	1018.12389	1018.05055	
6.230879	1049.07646	1049.0476	1018.1405	1018.08546	
6.240979	1049.09353	1049.08251	1018.15757	1018.11164	
6.251127	1049.1113	1049.09996	1018.17534	1018.14655	
6.261269	1049.12968	1049.12614	1018.19372	1018.17273	
6.271621	1049.1491	1049.15232	1018.21313	1018.20763	
6.282801	1049.17083	1049.1785	1018.23487	1018.24254	
6.293068	1049.19139	1049.19595	1018.25543	1018.26872	
6.30311	1049.2121	1049.22213	1018.27614	1018.2949	
6.31324	1049.23362	1049.23959	1018.29766	1018.32108	
6.323449	1049.25593	1049.25704	1018.31997	1018.33853	
6.333631	1049.27881	1049.27449	1018.34285	1018.35599	
6.343741	1049.30212	1049.29195	1018.36616	1018.37344	
6.353928	1049.32625	1049.30067	1018.39029	1018.39089	
6.364044	1049.35082	1049.31813	1018.41485	1018.39962	
6.374247	1049.37623	1049.32685	1018.44027	1018.41707	
6.385449	1049.40491	1049.34431	1018.46895	1018.43453	
6.395713	1049.4318	1049.36176	1018.49584	1018.44325	
6.4058	1049.45881	1049.38794	1018.52285	1018.46071	
6.415936	1049.48659	1049.41412	1018.55063	1018.47816	
6.426271	1049.51556	1049.4403	1018.5796	1018.49561	
6.436429	1049.54464	1049.46648	1018.60868	1018.52179	
6.446644	1049.57453	1049.50139	1018.63857	1018.54797	
6.456806	1049.60485	1049.53629	1018.66889	1018.58288	
6.466938	1049.63571	1049.5712	1018.69975	1018.61778	
6.477117	1049.66734	1049.60611	1018.73138	1018.66142	
6.488142	1049.70237	1049.64974	1018.76641	1018.71378	
6.498318	1049.73527	1049.69337	1018.79931	1018.75741	
6.508664	1049.7699	1049.72828	1018.83394	1018.80977	
6.528786	1049.83876	1049.81555	1018.9028	1018.90576	
6.533425	1049.85464	1049.833	1018.91868	1018.92322	
6.543537	1049.89009	1049.87663	1018.95412	1018.96685	
6.55368	1049.92626	1049.92026	1018.9903	1019.01921	
6.563832	1049.96308	1049.95517	1019.02712	1019.06284	
6.573939	1050.00036	1049.9988	1019.0644	1019.09775	
6.594405	1050.07916	1050.07734	1019.1432	1019.17629	
6.599	1050.09656	1050.0948	1019.1606	1019.19374	
6.609147	1050.13613	1050.1297	1019.20017	1019.22865	
6.619301	1050.17635	1050.17334	1019.24039	1019.26356	
6.629893	1050.21898	1050.21697	1019.28302	1019.28974	
6.639679	1050.25893	1050.25188	1019.32297	1019.32464	
6.649801	1050.30086	1050.28678	1019.3649	1019.35082	
6.659941	1050.34349	1050.32169	1019.40753	1019.377	
6.670053	1050.38662	1050.3566	1019.45066	1019.41191	
6.680238	1050.43068	1050.40023	1019.49472	1019.44682	
6.707146	1050.5528	1050.49622	1019.61684	1019.54281	
6.711735	1050.5734	1050.51368	1019.63744	1019.56026	
6.721846	1050.61968	1050.55731	1019.68371	1019.6039	
6.732008	1050.6668	1050.60094	1019.73084	1019.65626	
6.742233	1050.71484	1050.6533	1019.77887	1019.70862	
6.752377	1050.76311	1050.69694	1019.82715	1019.76098	
6.762531	1050.81203	1050.75802	1019.87607	1019.82206	
6.772645	1050.86139	1050.81038	1019.92543	1019.88315	
6.782909	1050.91213	1050.86274	1019.97617	1019.94423	
6.794988	1050.97281	1050.92383	1020.03685	1020.00532	
6.803262	1051.01463	1050.98492	1020.07867	1020.07513	
6.813437	1051.06678	1051.046	1020.13082	1020.13622	
6.823566	1051.1193	1051.10709	1020.18334	1020.19731	
6.833682	1051.17236	1051.16818	1020.2364	1020.24967	
6.84407	1051.22754	1051.22926	1020.29158	1020.31075	
6.854173	1051.28178	1051.28162	1020.34582	1020.37184	
6.864355	1051.33706	1051.33398	1020.4011	1020.4242	
6.874555	1051.39309	1051.38634	1020.45713	1020.47656	
6.884656	1051.44917	1051.44743	1020.51321	1020.52892	
6.897406	1051.52108	1051.49106	1020.58512	1020.57255	
6.905039	1051.56432	1051.54342	1020.62836	1020.62491	
6.915134	1051.6222	1051.59578	1020.68624	1020.66855	
6.925362	1051.68148	1051.64814	1020.74552	1020.71218	
6.935413	1051.74034	1051.7005	1020.80438	1020.76454	
6.945765	1051.80165	1051.75286	1020.86569	1020.80817	
6.955848	1051.86196	1051.80522	1020.92599	1020.86926	
6.965962	1051.92302	1051.85758	1020.98706	1020.92162	
6.976103	1051.98489	1051.90994	1021.04893	1020.98271	
6.986219	1052.04722	1051.97103	1021.11126	1021.04379	
6.998787	1052.12574	1052.03211	1021.18978	1021.10488	
7.014792	1052.22738	1052.14556	1021.29142	1021.22705	
7.019438	1052.25682	1052.17174	1021.32086	1021.25323	
7.02955	1052.32174	1052.24155	1021.38578	1021.33177	
7.039985	1052.38945	1052.32009	1021.45349	1021.40158	
7.050043	1052.45527	1052.38991	1021.51931	1021.4714	
7.059937	1052.52058	1052.46845	1021.58462	1021.55866	
7.070114	1052.58844	1052.53826	1021.65248	1021.6372	
7.08022	1052.65639	1052.6168	1021.72043	1021.71574	
7.090377	1052.72534	1052.69534	1021.78938	1021.78556	
7.103757	1052.81738	1052.77388	1021.88142	1021.87282	
7.110857	1052.86635	1052.85242	1021.93039	1021.94264	
7.12094	1052.93661	1052.92223	1022.00065	1022.02118	
7.13103	1053.00755	1052.99204	1022.07159	1022.09099	
7.141258	1053.08008	1053.06186	1022.14412	1022.16953	
7.151548	1053.15373	1053.13167	1022.21777	1022.23934	
7.161478	1053.22536	1053.20148	1022.28939	1022.30916	
7.171658	1053.29939	1053.2713	1022.36343	1022.37024	
7.181776	1053.37359	1053.34111	1022.43763	1022.44006	
7.191903	1053.44848	1053.41092	1022.51252	1022.50114	
7.204715	1053.54438	1053.48074	1022.60842	1022.57096	
7.212323	1053.60151	1053.54182	1022.66555	1022.63204	
7.222426	1053.67807	1053.62036	1022.74211	1022.69313	
7.232557	1053.75544	1053.69018	1022.81948	1022.76294	
7.242714	1053.83366	1053.75999	1022.8977	1022.83275	
7.252928	1053.91295	1053.83853	1022.97699	1022.91129	
7.263073	1053.9923	1053.91707	1023.05634	1022.98983	
7.273248	1054.07254	1053.99561	1023.13658	1023.06837	
7.283407	1054.15324	1054.07415	1023.21728	1023.14691	
7.293545	1054.23442	1054.16141	1023.29846	1023.23418	
7.306262	1054.33738	1054.24868	1023.40142	1023.32145	
7.314267	1054.40235	1054.32722	1023.46639	1023.41744	
7.324099	1054.48282	1054.41449	1023.54686	1023.50471	
7.334226	1054.56636	1054.51048	1023.6304	1023.6007	
7.344344	1054.65044	1054.59775	1023.71448	1023.68797	
7.354576	1054.73612	1054.68501	1023.80016	1023.77523	
7.364858	1054.82285	1054.78101	1023.88689	1023.87995	
7.374882	1054.90799	1054.877	1023.97203	1023.96722	
7.385006	1054.99458	1054.96427	1024.05862	1024.05449	
7.395129	1055.0818	1055.05153	1024.14584	1024.15048	
7.405372	1055.17068	1055.14753	1024.23472	1024.23774	
7.415556	1055.25971	1055.24352	1024.32375	1024.32501	
7.425656	1055.34853	1055.33079	1024.41257	1024.41228	
7.435856	1055.43889	1055.41805	1024.50292	1024.49954	
7.445956	1055.52898	1055.50532	1024.59302	1024.57808	
7.456148	1055.62057	1055.60131	1024.68461	1024.66535	
7.466301	1055.71232	1055.67985	1024.77635	1024.75262	
7.476495	1055.80514	1055.77584	1024.86918	1024.83116	
7.48669	1055.89854	1055.86311	1024.96258	1024.91842	
7.496753	1055.99139	1055.95038	1025.05543	1025.00569	
7.506952	1056.08614	1056.03764	1025.15018	1025.10168	
7.517271	1056.18268	1056.12491	1025.24672	1025.18895	
7.527301	1056.27691	1056.2209	1025.34095	1025.27622	
7.537438	1056.3729	1056.30817	1025.43694	1025.38094	
7.547607	1056.46983	1056.39544	1025.53387	1025.47693	
7.557725	1056.56687	1056.49143	1025.63091	1025.57292	
7.567853	1056.66463	1056.58742	1025.72867	1025.67764	
7.578196	1056.7656	1056.69214	1025.82964	1025.78236	
7.588669	1056.86755	1056.79686	1025.93159	1025.88708	
7.59881	1056.96729	1056.90158	1026.03133	1025.9918	
7.608969	1057.06787	1057.0063	1026.1319	1026.09652	
7.619253	1057.17035	1057.11975	1026.23439	1026.20124	
7.629464	1057.27259	1057.23319	1026.33663	1026.31469	
7.639508	1057.37382	1057.34664	1026.43786	1026.41941	
7.649641	1057.47661	1057.46009	1026.54064	1026.52413	
7.660102	1057.58341	1057.56481	1026.64745	1026.62885	
7.669931	1057.68428	1057.67825	1026.74832	1026.74229	
7.680105	1057.78929	1057.78297	1026.85332	1026.84701	
7.690234	1057.89448	1057.88769	1026.95852	1026.95173	
7.700364	1058.00031	1057.98369	1027.06435	1027.05645	
7.710525	1058.10713	1058.08841	1027.17117	1027.16117	
7.721111	1058.21904	1058.19313	1027.28308	1027.26589	
7.731294	1058.32734	1058.29785	1027.39138	1027.37061	
7.741483	1058.43623	1058.39384	1027.50027	1027.4666	
7.751548	1058.5445	1058.48983	1027.60854	1027.57132	
7.761742	1058.65475	1058.59455	1027.71879	1027.67604	
7.771896	1058.76515	1058.69927	1027.82919	1027.77204	
7.78202	1058.87591	1058.79526	1027.93994	1027.88548	
7.792173	1058.98754	1058.90871	1028.05158	1027.9902	
7.802318	1059.09973	1059.01343	1028.16377	1028.09492	
7.812833	1059.21671	1059.12688	1028.28074	1028.20837	
7.823983	1059.34149	1059.25778	1028.40553	1028.33054	
7.834137	1059.4557	1059.3625	1028.51974	1028.45272	
7.844305	1059.57071	1059.48467	1028.63475	1028.56616	
7.854424	1059.68574	1059.59812	1028.74978	1028.68833	
7.864617	1059.80228	1059.72029	1028.86632	1028.81051	
7.874784	1059.91914	1059.84246	1028.98318	1028.94141	
7.884972	1060.03692	1059.96463	1029.10096	1029.06358	
7.895082	1060.1543	1060.08681	1029.21834	1029.18575	
7.905204	1060.27244	1060.21771	1029.33648	1029.31665	
7.915384	1060.39196	1060.33988	1029.456	1029.43883	
7.934628	1060.62065	1060.5755	1029.68469	1029.67445	
7.939219	1060.67506	1060.62786	1029.7391	1029.72681	
7.949665	1060.79982	1060.75876	1029.86386	1029.84898	
7.959531	1060.91817	1060.88093	1029.98221	1029.97115	
7.969956	1061.04332	1061.00311	1030.10736	1030.09332	
7.979887	1061.16246	1061.12528	1030.2265	1030.20677	
7.990054	1061.28448	1061.24745	1030.34852	1030.32894	
8.000117	1061.4052	1061.36962	1030.46924	1030.44239	
8.010225	1061.5265	1061.50052	1030.59054	1030.56456	
8.020389	1061.64849	1061.61397	1030.71253	1030.68674	
8.030614	1061.77119	1061.74487	1030.83523	1030.80018	
8.048675	1061.98792	1061.85832	1031.05196	1030.92236	
8.053309	1062.0435	1062.0154	1031.10754	1031.07071	
8.06335	1062.164	1062.13757	1031.22804	1031.19288	
8.073554	1062.28642	1062.25974	1031.35046	1031.31506	
8.083702	1062.40821	1062.38192	1031.47225	1031.44595	
8.093897	1062.5306	1062.51282	1031.59464	1031.57685	
8.104034	1062.65223	1062.63499	1031.71627	1031.69903	
8.114175	1062.77389	1062.75716	1031.83793	1031.82993	
8.124356	1062.89611	1062.87061	1031.96015	1031.9521	
8.134901	1063.0227	1062.99278	1032.08674	1032.083	
8.144676	1063.13991	1063.11495	1032.20395	1032.20517	
8.154851	1063.26205	1063.23713	1032.32609	1032.32735	
8.164975	1063.38352	1063.3593	1032.44756	1032.44952	
8.175168	1063.50582	1063.48147	1032.56986	1032.57169	
8.185327	1063.62771	1063.60365	1032.69175	1032.68514	
8.195481	1063.7496	1063.72582	1032.81364	1032.80731	
8.205689	1063.87209	1063.84799	1032.93613	1032.92076	
8.215766	1063.99299	1063.97017	1033.05703	1033.0342	
8.225954	1064.11527	1064.09234	1033.17931	1033.15638	
8.236512	1064.24205	1064.20578	1033.30609	1033.26982	
8.24635	1064.35998	1064.31923	1033.42402	1033.38327	
8.256487	1064.48167	1064.4414	1033.54571	1033.50544	
8.26662	1064.60365	1064.55485	1033.66769	1033.61889	
8.276762	1064.72494	1064.67702	1033.78898	1033.74106	
8.286957	1064.84728	1064.79047	1033.91132	1033.86324	
8.297116	1064.96922	1064.91264	1034.03326	1033.98541	
8.307299	1065.09141	1065.03482	1034.15545	1034.10758	
8.31745	1065.2132	1065.15699	1034.27724	1034.22975	
8.327564	1065.33457	1065.27916	1034.39861	1034.35193	
8.337804	1065.4575	1065.40134	1034.52154	1034.48283	
8.348031	1065.58018	1065.52351	1034.64422	1034.605	
8.358102	1065.70101	1065.64568	1034.76505	1034.7359	
8.368296	1065.82336	1065.76785	1034.8874	1034.8668	
8.378642	1065.9486	1065.89003	1035.01264	1034.98897	
8.388569	1066.06662	1066.0122	1035.13066	1035.11987	
8.406676	1066.28396	1066.23037	1035.348	1035.33804	
8.411262	1066.339	1066.29145	1035.40304	1035.39913	
8.421425	1066.46091	1066.41363	1035.52495	1035.5213	
8.431618	1066.5833	1066.5358	1035.64734	1035.64347	
8.44208	1066.70884	1066.65797	1035.77288	1035.77437	
8.45196	1066.82736	1066.78015	1035.8914	1035.88782	
8.462038	1066.94734	1066.91105	1036.01138	1036.00999	
8.472133	1067.06699	1067.03322	1036.13103	1036.13216	
8.490626	1067.28402	1067.26011	1036.34806	1036.3416	
8.495292	1067.33824	1067.31247	1036.40228	1036.39396	
8.505422	1067.45628	1067.43464	1036.52031	1036.50741	
8.52557	1067.68801	1067.67899	1036.75205	1036.7343	
8.530163	1067.74095	1067.73135	1036.80499	1036.78666	
8.542656	1067.8836	1067.8797	1036.94764	1036.92629	
8.552828	1067.99916	1067.99315	1037.0632	1037.03973	
8.562931	1068.11335	1068.1066	1037.17739	1037.15318	
8.573091	1068.22759	1068.22004	1037.29163	1037.27535	
8.583269	1068.34147	1068.33349	1037.40551	1037.3888	
8.593412	1068.45428	1068.44693	1037.51832	1037.49352	
8.603535	1068.56628	1068.55165	1037.63032	1037.61569	
8.613698	1068.67805	1068.6651	1037.74209	1037.72914	
8.623798	1068.78855	1068.76982	1037.85259	1037.84259	
8.634	1068.89954	1068.87454	1037.96358	1037.95603	
8.645401	1069.02281	1068.98799	1038.08685	1038.08693	
8.655495	1069.1313	1069.10143	1038.19534	1038.19165	
8.665597	1069.23926	1069.20615	1038.3033	1038.29637	
8.675824	1069.34797	1069.3196	1038.41201	1038.40109	
8.685906	1069.45457	1069.43305	1038.51861	1038.50581	
8.696083	1069.5615	1069.53777	1038.62554	1038.61053	
8.706252	1069.66772	1069.65121	1038.73175	1038.71525	
8.71642	1069.77335	1069.76466	1038.83739	1038.81997	
8.726595	1069.87841	1069.86938	1038.94245	1038.92469	
8.736677	1069.98192	1069.98282	1039.04595	1039.02941	
8.748132	1070.09872	1070.09627	1039.16276	1039.14286	
8.758154	1070.20029	1070.20099	1039.26433	1039.24758	
8.768312	1070.30265	1070.29698	1039.36669	1039.3523	
8.778462	1070.40428	1070.4017	1039.46832	1039.45702	
8.788747	1070.50669	1070.4977	1039.57073	1039.56174	
8.806656	1070.68263	1070.6635	1039.74667	1039.745	
8.811596	1070.73121	1070.70714	1039.79525	1039.79736	
8.821769	1070.83048	1070.80313	1039.89452	1039.89335	
8.831891	1070.92857	1070.89912	1039.99261	1039.98934	
8.84206	1071.02663	1070.99512	1040.09067	1040.08533	
8.852629	1071.12782	1071.09111	1040.19185	1040.18133	
8.862466	1071.22135	1071.1871	1040.28539	1040.28605	
8.872595	1071.3171	1071.28309	1040.38114	1040.37331	
8.882775	1071.41269	1071.37909	1040.47673	1040.46931	
8.89298	1071.50794	1071.47508	1040.57198	1040.5653	
8.903093	1071.60169	1071.57107	1040.66573	1040.66129	
8.913229	1071.69506	1071.66707	1040.7591	1040.74856	
8.923399	1071.78812	1071.76306	1040.85216	1040.84455	
8.933574	1071.88061	1071.85905	1040.94465	1040.94055	
8.943737	1071.97238	1071.94632	1041.03642	1041.02781	
8.9539	1072.06352	1072.04231	1041.12756	1041.12381	
8.964118	1072.15454	1072.13831	1041.21858	1041.2198	
8.974241	1072.24407	1072.22557	1041.30811	1041.30706	
8.984339	1072.33281	1072.31284	1041.39685	1041.40306	
8.994519	1072.42162	1072.40011	1041.48566	1041.49032	
9.004686	1072.5097	1072.48737	1041.57374	1041.57759	
9.014934	1072.59789	1072.57464	1041.66193	1041.66486	
9.025025	1072.68409	1072.6619	1041.74813	1041.75212	
9.035184	1072.77033	1072.74917	1041.83436	1041.83939	
9.045424	1072.85651	1072.82771	1041.92055	1041.91793	
9.056811	1072.95162	1072.9237	1042.01566	1042.01392	
9.06695	1073.03572	1073.01097	1042.09976	1042.09246	
9.0771	1073.11928	1073.08951	1042.18332	1042.171	
9.087242	1073.20215	1073.16805	1042.26619	1042.25827	
9.097354	1073.28418	1073.25532	1042.34822	1042.33681	
9.107545	1073.36626	1073.33386	1042.4303	1042.41535	
9.117939	1073.4493	1073.42112	1042.51334	1042.49389	
9.127868	1073.52804	1073.49966	1042.59208	1042.57243	
9.138026	1073.60798	1073.5782	1042.67201	1042.6597	
9.148148	1073.68704	1073.65674	1042.75107	1042.72951	
9.159545	1073.77524	1073.75274	1042.83928	1042.8255	
9.169688	1073.85316	1073.83128	1042.9172	1042.90404	
9.179839	1073.93165	1073.90982	1042.99569	1042.98258	
9.189972	1074.00713	1073.98836	1043.07117	1043.06985	
9.200166	1074.0836	1074.07562	1043.14764	1043.14839	
9.210274	1074.15877	1074.14543	1043.22281	1043.2182	
9.220424	1074.23366	1074.2327	1043.2977	1043.29674	
9.23056	1074.30787	1074.30251	1043.37191	1043.37528	
9.240773	1074.38199	1074.38105	1043.44603	1043.45382	
9.251349	1074.45813	1074.45959	1043.52216	1043.53236	
9.262374	1074.53668	1074.53813	1043.60072	1043.6109	
9.272475	1074.60809	1074.60795	1043.67213	1043.68071	
9.28261	1074.67913	1074.67776	1043.74317	1043.75053	
9.292766	1074.74969	1074.74757	1043.81373	1043.82034	
9.303008	1074.82025	1074.81739	1043.88429	1043.89015	
9.31307	1074.88894	1074.87847	1043.95298	1043.95124	
9.323255	1074.95789	1074.94829	1044.02193	1044.02105	
9.333829	1075.02878	1075.0181	1044.09282	1044.09087	
9.34391	1075.09576	1075.08791	1044.1598	1044.15195	
9.354098	1075.16286	1075.15773	1044.2269	1044.22176	
9.365024	1075.23409	1075.22754	1044.29813	1044.29158	
9.375178	1075.29966	1075.28863	1044.3637	1044.35266	
9.385295	1075.36439	1075.34971	1044.42843	1044.42248	
9.395467	1075.42888	1075.41953	1044.49292	1044.48356	
9.405649	1075.49281	1075.48061	1044.55685	1044.54465	
9.415787	1075.55587	1075.5417	1044.61991	1044.61446	
9.425951	1075.61844	1075.61151	1044.68248	1044.67555	
9.436156	1075.68068	1075.6726	1044.74472	1044.73664	
9.44624	1075.74157	1075.73368	1044.80561	1044.79772	
9.456417	1075.80242	1075.79477	1044.86646	1044.85881	
9.467677	1075.86894	1075.87331	1044.93298	1044.92862	
9.478285	1075.93096	1075.9344	1044.99499	1044.99844	
9.4884	1075.9895	1075.99548	1045.05354	1045.05952	
9.498545	1076.0476	1076.05657	1045.11164	1045.12061	
9.508748	1076.10546	1076.11766	1045.1695	1045.17297	
9.526764	1076.20521	1076.22238	1045.26925	1045.27769	
9.531314	1076.23046	1076.23983	1045.29449	1045.30387	
9.541552	1076.28649	1076.30092	1045.35052	1045.35623	
9.551589	1076.34083	1076.34455	1045.40487	1045.40859	
9.561758	1076.39531	1076.39691	1045.45935	1045.46095	
9.572296	1076.45107	1076.44927	1045.51511	1045.52204	
9.582091	1076.50232	1076.4929	1045.56636	1045.56567	
9.594293	1076.56525	1076.55399	1045.62929	1045.62675	
9.603469	1076.61213	1076.5889	1045.67616	1045.67911	
9.613679	1076.66366	1076.63253	1045.7277	1045.72275	
9.623741	1076.71385	1076.68489	1045.77789	1045.77511	
9.633913	1076.76398	1076.72852	1045.82802	1045.81874	
9.644113	1076.81361	1076.77216	1045.87765	1045.8711	
9.654206	1076.86214	1076.81579	1045.92618	1045.91473	
9.664397	1076.91055	1076.86815	1045.97458	1045.95837	
9.674595	1076.95836	1076.92051	1046.0224	1046.01073	
9.684795	1077.00556	1076.97287	1046.0696	1046.05436	
9.695033	1077.05231	1077.02523	1046.11635	1046.09799	
9.705093	1077.09765	1077.06886	1046.16169	1046.15035	
9.715269	1077.14293	1077.12122	1046.20697	1046.19399	
9.725491	1077.18779	1077.17358	1046.25182	1046.23762	
9.735583	1077.23147	1077.21721	1046.29551	1046.28998	
9.745723	1077.27476	1077.26957	1046.3388	1046.33361	
9.755857	1077.31742	1077.32193	1046.38146	1046.37725	
9.766063	1077.35979	1077.35684	1046.42383	1046.42961	
9.776617	1077.40294	1077.4092	1046.46698	1046.46451	
9.786392	1077.44232	1077.44411	1046.50635	1046.51687	
9.796592	1077.48281	1077.48774	1046.54685	1046.56051	
9.806774	1077.52263	1077.53137	1046.58667	1046.60414	
9.816846	1077.56143	1077.56628	1046.62547	1046.63905	
9.827085	1077.60026	1077.60119	1046.6643	1046.67395	
9.837224	1077.6381	1077.63609	1046.70214	1046.71759	
9.847372	1077.67537	1077.671	1046.73941	1046.75249	
9.857498	1077.71197	1077.70591	1046.77601	1046.7874	
9.867647	1077.74804	1077.73209	1046.81208	1046.82231	
9.878392	1077.78556	1077.76699	1046.8496	1046.85721	
9.888536	1077.82037	1077.79317	1046.88441	1046.89212	
9.89865	1077.85448	1077.82808	1046.91852	1046.9183	
9.908819	1077.88819	1077.86299	1046.95223	1046.95321	
9.919014	1077.92138	1077.88917	1046.98542	1046.98811	
9.929141	1077.95372	1077.92407	1047.01776	1047.01429	
9.939264	1077.98549	1077.95025	1047.04953	1047.04047	
9.950214	1078.01914	1077.98516	1047.08318	1047.07538	
9.959622	1078.04753	1078.02007	1047.11157	1047.10156	
9.970066	1078.07842	1078.05497	1047.14246	1047.12774	
9.981026	1078.11011	1078.08988	1047.17415	1047.16264	
9.991218	1078.139	1078.11606	1047.20304	1047.19755	
10.00136	1078.16715	1078.15097	1047.23119	1047.22373	
10.01144	1078.19455	1078.17715	1047.25859	1047.25864	
10.0217	1078.22184	1078.20333	1047.28588	1047.29354	
10.03176	1078.24799	1078.22951	1047.31203	1047.31972	
10.0419	1078.27375	1078.26441	1047.33779	1047.3459	
10.05218	1078.29931	1078.28187	1047.36335	1047.38081	
10.06226	1078.32372	1078.30805	1047.38776	1047.40699	
10.07283	1078.3487	1078.33423	1047.41274	1047.43317	
10.08405	1078.37447	1078.3604	1047.4385	1047.46808	
10.09407	1078.39694	1078.37786	1047.46098	1047.48553	
10.10425	1078.41915	1078.39531	1047.48319	1047.51171	
10.11435	1078.44063	1078.42149	1047.50467	1047.53789	
10.12455	1078.46173	1078.43894	1047.52576	1047.54662	
10.13471	1078.48214	1078.4564	1047.54618	1047.5728	
10.14483	1078.5019	1078.47385	1047.56594	1047.59025	
10.15504	1078.52123	1078.4913	1047.58527	1047.6077	
10.16514	1078.53979	1078.50876	1047.60382	1047.61643	
10.17533	1078.55792	1078.52621	1047.62196	1047.63388	
10.18695	1078.57785	1078.54366	1047.64189	1047.65134	
10.19687	1078.59423	1078.56112	1047.65827	1047.66006	
10.20712	1078.61062	1078.57857	1047.67466	1047.67752	
10.21723	1078.62623	1078.5873	1047.69027	1047.68624	
10.22736	1078.64129	1078.60475	1047.70533	1047.69497	
10.23761	1078.65593	1078.61348	1047.71997	1047.7037	
10.24769	1078.66978	1078.63093	1047.73382	1047.71242	
10.25782	1078.68313	1078.64838	1047.74717	1047.72115	
10.26802	1078.69599	1078.64838	1047.76003	1047.72988	
10.27809	1078.70814	1078.66584	1047.77218	1047.7386	
10.28983	1078.7215	1078.67456	1047.78554	1047.75606	
10.29964	1078.73217	1078.68329	1047.79621	1047.76478	
10.30978	1078.74264	1078.70074	1047.80668	1047.77351	
10.31986	1078.75252	1078.70074	1047.81656	1047.79096	
10.33012	1078.762	1078.7182	1047.82604	1047.79969	
10.34022	1078.77079	1078.7182	1047.83483	1047.80842	
10.35033	1078.77905	1078.73565	1047.84309	1047.82587	
10.36047	1078.7868	1078.74438	1047.85084	1047.8346	
10.37059	1078.794	1078.7531	1047.85804	1047.84332	
10.39061	1078.80569	1078.76183	1047.86973	1047.86078	
10.39566	1078.8087	1078.77056	1047.87274	1047.8695	
10.4058	1078.81414	1078.78801	1047.87817	1047.87823	
10.41592	1078.81907	1078.78801	1047.88311	1047.88696	
10.42602	1078.82353	1078.79674	1047.88756	1047.88696	
10.43624	1078.82755	1078.80546	1047.89159	1047.89568	
10.44632	1078.83107	1078.80546	1047.89511	1047.89568	
10.45652	1078.83418	1078.80546	1047.89822	1047.89568	
10.46668	1078.83686	1078.80546	1047.90089	1047.90441	
10.47681	1078.83912	1078.80546	1047.90316	1047.90441	
10.48711	1078.84102	1078.80546	1047.90506	1047.90441	
10.49726	1078.84689	1078.80546	1047.91093	1047.90441	
10.50732	1078.84689	1078.80546	1047.91093	1047.90441	
10.52768	1078.84689	1078.80546	1047.91093	1047.89568	
10.53232	1078.84689	1078.80546	1047.91093	1047.89568	
10.54285	1078.84689	1078.80546	1047.91093	1047.89568	
10.55292	1078.84689	1078.80546	1047.91093	1047.89568	
10.56306	1078.84689	1078.80546	1047.91093	1047.89568	
10.57323	1078.84689	1078.80546	1047.91093	1047.89568	
10.58333	1078.84689	1078.80546	1047.91093	1047.89568	
10.59813	1078.84689	1078.80546	1047.91093	1047.89568	
10.60366	1078.84689	1078.80546	1047.91093	1047.89568	
10.61383	1078.84689	1078.80546	1047.91093	1047.89568	
10.62391	1078.84689	1078.80546	1047.91093	1047.89568	
10.63404	1078.84689	1078.80546	1047.91093	1047.89568	
10.64428	1078.84689	1078.80546	1047.91093	1047.89568	
10.65441	1078.84689	1078.80546	1047.91093	1047.89568	
10.66451	1078.84689	1078.80546	1047.91093	1047.89568	
10.67468	1078.84689	1078.80546	1047.91093	1047.89568	
10.68483	1078.84689	1078.80546	1047.91093	1047.89568	
10.69509	1078.84689	1078.80546	1047.91093	1047.89568	
10.70526	1078.84689	1078.80546	1047.91093	1047.89568	
10.71536	1078.84689	1078.80546	1047.91093	1047.89568	
10.7256	1078.84689	1078.80546	1047.91093	1047.89568	
10.73563	1078.84689	1078.80546	1047.91093	1047.89568	
10.74584	1078.84689	1078.80546	1047.91093	1047.89568	
10.75599	1078.84689	1078.80546	1047.91093	1047.89568	
10.76614	1078.84689	1078.80546	1047.91093	1047.89568	
10.77631	1078.84689	1078.80546	1047.91093	1047.89568	
10.78642	1078.84689	1078.80546	1047.91093	1047.89568	
10.79659	1078.84689	1078.80546	1047.91093	1047.89568	
10.80682	1078.84689	1078.80546	1047.91093	1047.89568	
10.81694	1078.84689	1078.80546	1047.91093	1047.89568	
10.82714	1078.84689	1078.80546	1047.91093	1047.89568	
10.83728	1078.84689	1078.80546	1047.91093	1047.89568	
10.84738	1078.84689	1078.80546	1047.91093	1047.89568	
10.85753	1078.84689	1078.80546	1047.91093	1047.89568	
10.8677	1078.84689	1078.80546	1047.91093	1047.89568	
10.87792	1078.84689	1078.80546	1047.91093	1047.89568	
10.88802	1078.84689	1078.80546	1047.91093	1047.89568	
10.89814	1078.84689	1078.80546	1047.91093	1047.89568	
10.90841	1078.84689	1078.80546	1047.91093	1047.89568	
10.91859	1078.84689	1078.80546	1047.91093	1047.89568	
10.92877	1078.84689	1078.80546	1047.91093	1047.89568	
10.9389	1078.84689	1078.80546	1047.91093	1047.89568	
10.94905	1078.84689	1078.80546	1047.91093	1047.89568	
10.95926	1078.84689	1078.80546	1047.91093	1047.89568	
10.96946	1078.84689	1078.80546	1047.91093	1047.89568	
10.97956	1078.84689	1078.80546	1047.91093	1047.89568	
10.98976	1078.84689	1078.80546	1047.91093	1047.89568	
11.00008	1078.84689	1078.80546	1047.91093	1047.89568	
11.01004	1078.84689	1078.80546	1047.91093	1047.89568	
11.02039	1078.84689	1078.80546	1047.91093	1047.89568	
11.03036	1078.84689	1078.80546	1047.91093	1047.89568	
11.04049	1078.84689	1078.80546	1047.91093	1047.89568	
11.05064	1078.84689	1078.80546	1047.91093	1047.89568	
11.06084	1078.84689	1078.80546	1047.91093	1047.89568	
11.07096	1078.84689	1078.80546	1047.91093	1047.89568	
11.08114	1078.84689	1078.80546	1047.91093	1047.89568	
11.09121	1078.84689	1078.80546	1047.91093	1047.89568	
11.10168	1078.84689	1078.80546	1047.91093	1047.89568	
11.11273	1078.84689	1078.80546	1047.91093	1047.89568	
11.12293	1078.84689	1078.80546	1047.91093	1047.89568	
11.13307	1078.84689	1078.80546	1047.91093	1047.89568	
11.1432	1078.84689	1078.80546	1047.91093	1047.89568	
11.1534	1078.84689	1078.80546	1047.91093	1047.89568	
11.16355	1078.84689	1078.80546	1047.91093	1047.89568	
11.17377	1078.84689	1078.80546	1047.91093	1047.89568	
11.18387	1078.84689	1078.80546	1047.91093	1047.89568	
11.19399	1078.84689	1078.80546	1047.91093	1047.89568	
11.20422	1078.84689	1078.80546	1047.91093	1047.89568	
11.21545	1078.84689	1078.80546	1047.91093	1047.89568	
11.22574	1078.84689	1078.80546	1047.91093	1047.89568	
11.23576	1078.84689	1078.80546	1047.91093	1047.89568	
11.24597	1078.84689	1078.80546	1047.91093	1047.89568	
11.25604	1078.84689	1078.80546	1047.91093	1047.89568	
11.26624	1078.84689	1078.80546	1047.91093	1047.89568	
11.27642	1078.84689	1078.80546	1047.91093	1047.89568	
11.28657	1078.84689	1078.80546	1047.91093	1047.89568	
11.29671	1078.84689	1078.80546	1047.91093	1047.89568	
11.30682	1078.84689	1078.80546	1047.91093	1047.89568	
11.31807	1078.84689	1078.80546	1047.91093	1047.89568	
11.32831	1078.84689	1078.80546	1047.91093	1047.89568	
11.33842	1078.84689	1078.80546	1047.91093	1047.89568	
11.34857	1078.84689	1078.80546	1047.91093	1047.89568	
11.35876	1078.84689	1078.80546	1047.91093	1047.89568	
11.36886	1078.84689	1078.80546	1047.91093	1047.89568	
11.37899	1078.84689	1078.80546	1047.91093	1047.89568	
11.38916	1078.84689	1078.80546	1047.91093	1047.89568	
11.39931	1078.84689	1078.80546	1047.91093	1047.89568	
11.40986	1078.84689	1078.80546	1047.91093	1047.89568	
11.42081	1078.84689	1078.80546	1047.91093	1047.89568	
11.43091	1078.84689	1078.80546	1047.91093	1047.89568	
11.44114	1078.84689	1078.80546	1047.91093	1047.89568	
11.45119	1078.84689	1078.80546	1047.91093	1047.89568	
11.4617	1078.84689	1078.80546	1047.91093	1047.89568	
11.47151	1078.84689	1078.80546	1047.91093	1047.89568	
11.48165	1078.84689	1078.80546	1047.91093	1047.89568	
11.49176	1078.84689	1078.80546	1047.91093	1047.89568	
11.50193	1078.84689	1078.80546	1047.91093	1047.89568	
11.5121	1078.84689	1078.80546	1047.91093	1047.89568	
11.52375	1078.84689	1078.80546	1047.91093	1047.89568	
11.53374	1078.84689	1078.80546	1047.91093	1047.89568	
11.54383	1078.84689	1078.80546	1047.91093	1047.89568	
11.55392	1078.84689	1078.80546	1047.91093	1047.89568	
11.56407	1078.84689	1078.80546	1047.91093	1047.89568	
11.57425	1078.84689	1078.80546	1047.91093	1047.89568	
11.58439	1078.84689	1078.80546	1047.91093	1047.89568	
11.59661	1078.84689	1078.80546	1047.91093	1047.89568	
11.60467	1078.84689	1078.80546	1047.91093	1047.89568	
11.61481	1078.84689	1078.80546	1047.91093	1047.89568	
11.62635	1078.84689	1078.80546	1047.91093	1047.89568	
11.63632	1078.84689	1078.80546	1047.91093	1047.89568	
11.64648	1078.84689	1078.80546	1047.91093	1047.89568	
11.65661	1078.84689	1078.80546	1047.91093	1047.89568	
11.66673	1078.84689	1078.80546	1047.91093	1047.89568	
11.67693	1078.84689	1078.80546	1047.91093	1047.89568	
11.69497	1078.84689	1078.80546	1047.91093	1047.89568	
11.69952	1078.84689	1078.80546	1047.91093	1047.89568	
11.70972	1078.84689	1078.80546	1047.91093	1047.89568	
11.72008	1078.84689	1078.80546	1047.91093	1047.89568	
11.73037	1078.84689	1078.80546	1047.91093	1047.89568	
11.7402	1078.84689	1078.80546	1047.91093	1047.89568	
11.7505	1078.84689	1078.80546	1047.91093	1047.89568	
11.76044	1078.84689	1078.80546	1047.91093	1047.89568	
11.7706	1078.84689	1078.80546	1047.91093	1047.89568	
11.78863	1078.84689	1078.80546	1047.91093	1047.89568	
11.79319	1078.84689	1078.80546	1047.91093	1047.89568	
11.80335	1078.84689	1078.80546	1047.91093	1047.89568	
11.81352	1078.84689	1078.80546	1047.91093	1047.89568	
11.82366	1078.84689	1078.80546	1047.91093	1047.89568	
11.83413	1078.84689	1078.80546	1047.91093	1047.89568	
11.84402	1078.84689	1078.80546	1047.91093	1047.89568	
11.85418	1078.84689	1078.80546	1047.91093	1047.89568	
11.8643	1078.84689	1078.80546	1047.91093	1047.89568	
11.87448	1078.84689	1078.80546	1047.91093	1047.89568	
11.88464	1078.84689	1078.80546	1047.91093	1047.89568	
11.89481	1078.84689	1078.80546	1047.91093	1047.89568	
11.90495	1078.84689	1078.80546	1047.91093	1047.89568	
11.91512	1078.84689	1078.80546	1047.91093	1047.89568	
11.92527	1078.84689	1078.80546	1047.91093	1047.89568	
11.93586	1078.84689	1078.80546	1047.91093	1047.89568	
11.94562	1078.84689	1078.80546	1047.91093	1047.89568	
11.95587	1078.84689	1078.80546	1047.91093	1047.89568	
11.96602	1078.84689	1078.80546	1047.91093	1047.89568	
11.97606	1078.84689	1078.80546	1047.91093	1047.89568	
11.98627	1078.84689	1078.80546	1047.91093	1047.89568	
11.99645	1078.84689	1078.80546	1047.91093	1047.89568	
12.00659	1078.84689	1078.80546	1047.91093	1047.89568	
12.01674	1078.84689	1078.80546	1047.91093	1047.89568	
12.02686	1078.84689	1078.80546	1047.91093	1047.89568	
12.03765	1078.84689	1078.80546	1047.91093	1047.89568	
12.04733	1078.84689	1078.80546	1047.91093	1047.89568	
12.05745	1078.84689	1078.80546	1047.91093	1047.89568	
12.06757	1078.84689	1078.80546	1047.91093	1047.89568	
12.07777	1078.84689	1078.80546	1047.91093	1047.89568	
12.08789	1078.84689	1078.80546	1047.91093	1047.89568	
12.0981	1078.84689	1078.80546	1047.91093	1047.89568	
12.10828	1078.84689	1078.80546	1047.91093	1047.89568	
12.11844	1078.84689	1078.80546	1047.91093	1047.89568	
12.12875	1078.84689	1078.80546	1047.91093	1047.89568	
12.13947	1078.84689	1078.80546	1047.91093	1047.89568	
12.14966	1078.84689	1078.80546	1047.91093	1047.89568	
12.15975	1078.84689	1078.80546	1047.91093	1047.89568	
12.16996	1078.84689	1078.80546	1047.91093	1047.89568	
12.18006	1078.84689	1078.80546	1047.91093	1047.89568	
12.19014	1078.84689	1078.80546	1047.91093	1047.89568	
12.20029	1078.84689	1078.80546	1047.91093	1047.89568	
12.21045	1078.84689	1078.80546	1047.91093	1047.89568	
12.22062	1078.84689	1078.80546	1047.91093	1047.89568	
12.24051	1078.84689	1078.80546	1047.91093	1047.89568	
12.25328	1078.84689	1078.80546	1047.91093	1047.89568	
12.25785	1078.84689	1078.80546	1047.91093	1047.89568	
12.268	1078.84689	1078.80546	1047.91093	1047.89568	
12.27814	1078.84689	1078.80546	1047.91093	1047.89568	
12.28834	1078.84689	1078.80546	1047.91093	1047.89568	
12.29849	1078.84689	1078.80546	1047.91093	1047.89568	
12.30866	1078.84689	1078.80546	1047.91093	1047.89568	
12.31873	1078.84689	1078.80546	1047.91093	1047.89568	
12.32888	1078.84689	1078.80546	1047.91093	1047.89568	
12.34178	1078.84689	1078.80546	1047.91093	1047.89568	
12.34925	1078.84689	1078.80546	1047.91093	1047.89568	
12.35947	1078.84689	1078.80546	1047.91093	1047.89568	
12.36962	1078.84689	1078.80546	1047.91093	1047.89568	
12.37996	1078.84689	1078.80546	1047.91093	1047.89568	
12.39016	1078.84689	1078.80546	1047.91093	1047.89568	
12.40025	1078.84689	1078.81419	1047.91093	1047.89568	
12.4104	1078.84689	1078.81419	1047.91093	1047.89568	
12.42055	1078.84689	1078.82292	1047.91093	1047.89568	
12.43074	1078.84689	1078.82292	1047.91093	1047.89568	
12.44323	1078.84689	1078.84037	1047.91093	1047.89568	
12.45132	1078.84689	1078.84037	1047.91093	1047.89568	
12.46142	1078.84689	1078.8491	1047.91093	1047.89568	
12.47156	1078.84689	1078.8491	1047.91093	1047.89568	
12.48169	1078.84689	1078.85782	1047.91093	1047.89568	
12.49184	1078.84689	1078.85782	1047.91093	1047.89568	
12.50201	1078.84689	1078.85782	1047.91093	1047.89568	
12.5228	1078.84689	1078.85782	1047.91093	1047.89568	
12.52746	1078.84689	1078.86655	1047.91093	1047.89568	
12.53756	1078.84689	1078.86655	1047.91093	1047.89568	
12.54942	1078.84689	1078.87528	1047.91093	1047.89568	
12.55945	1078.84689	1078.87528	1047.91093	1047.89568	
12.56948	1078.84689	1078.86655	1047.91093	1047.89568	
12.57967	1078.84689	1078.86655	1047.91093	1047.89568	
12.59011	1078.84689	1078.85782	1047.91093	1047.89568	
12.60974	1078.84689	1078.86655	1047.91093	1047.89568	
12.6143	1078.84689	1078.86655	1047.91093	1047.89568	
12.62442	1078.84689	1078.86655	1047.91093	1047.89568	
12.63457	1078.84689	1078.86655	1047.91093	1047.89568	
12.64477	1078.84689	1078.87528	1047.91093	1047.89568	
12.65491	1078.84689	1078.87528	1047.91093	1047.89568	
12.66501	1078.84689	1078.87528	1047.91093	1047.89568	
12.67523	1078.84689	1078.86655	1047.91093	1047.89568	
12.68539	1078.84689	1078.86655	1047.91093	1047.89568	
12.69555	1078.84689	1078.86655	1047.91093	1047.89568	
12.70569	1078.84689	1078.86655	1047.91093	1047.89568	
12.71586	1078.84689	1078.86655	1047.91093	1047.89568	
12.72607	1078.84689	1078.86655	1047.91093	1047.89568	
12.73618	1078.84689	1078.86655	1047.91093	1047.89568	
12.74632	1078.84689	1078.86655	1047.91093	1047.89568	
12.75651	1078.84689	1078.86655	1047.91093	1047.89568	
12.76663	1078.84689	1078.86655	1047.91093	1047.89568	
12.77675	1078.84689	1078.86655	1047.91093	1047.89568	
12.78694	1078.84689	1078.86655	1047.91093	1047.89568	
12.79713	1078.84689	1078.86655	1047.91093	1047.89568	
12.80732	1078.84689	1078.86655	1047.91093	1047.89568	
12.81738	1078.84689	1078.86655	1047.91093	1047.89568	
12.82757	1078.84689	1078.86655	1047.91093	1047.89568	
12.83781	1078.84689	1078.86655	1047.91093	1047.89568	
12.84787	1078.84689	1078.86655	1047.91093	1047.89568	
12.85798	1078.84689	1078.86655	1047.91093	1047.89568	
12.86815	1078.84689	1078.86655	1047.91093	1047.89568	
12.87834	1078.84689	1078.86655	1047.91093	1047.89568	
12.88846	1078.84689	1078.86655	1047.91093	1047.89568	
12.89862	1078.84689	1078.86655	1047.91093	1047.89568	
12.90877	1078.84689	1078.86655	1047.91093	1047.89568	
12.91891	1078.84689	1078.86655	1047.91093	1047.89568	
12.92905	1078.84689	1078.86655	1047.91093	1047.89568	
12.93923	1078.84689	1078.86655	1047.91093	1047.89568	
12.94943	1078.84689	1078.86655	1047.91093	1047.89568	
12.95957	1078.84689	1078.86655	1047.91093	1047.89568	
12.96971	1078.84689	1078.86655	1047.91093	1047.89568	
12.97984	1078.84689	1078.86655	1047.91093	1047.89568	
12.99002	1078.84689	1078.86655	1047.91093	1047.89568	
13.00018	1078.84689	1078.86655	1047.91093	1047.89568	
13.0103	1078.84689	1078.86655	1047.91093	1047.89568	
13.02048	1078.84689	1078.86655	1047.91093	1047.89568	
13.03059	1078.84689	1078.86655	1047.91093	1047.89568	
13.04905	1078.84689	1078.86655	1047.91093	1047.89568	
13.05364	1078.84689	1078.86655	1047.91093	1047.89568	
13.06373	1078.84689	1078.86655	1047.91093	1047.89568	
13.07394	1078.84689	1078.86655	1047.91093	1047.89568	
13.08404	1078.84689	1078.86655	1047.91093	1047.89568	
13.09427	1078.84689	1078.86655	1047.91093	1047.89568	
13.10438	1078.84689	1078.86655	1047.91093	1047.89568	
13.11457	1078.84689	1078.86655	1047.91093	1047.89568	
13.12476	1078.84689	1078.86655	1047.91093	1047.89568	
13.1349	1078.84689	1078.86655	1047.91093	1047.89568	
13.14506	1078.84689	1078.86655	1047.91093	1047.89568	
13.1552	1078.84689	1078.86655	1047.91093	1047.89568	
13.16537	1078.84689	1078.86655	1047.91093	1047.89568	
13.17556	1078.84689	1078.86655	1047.91093	1047.89568	
13.18569	1078.84689	1078.86655	1047.91093	1047.89568	
13.19586	1078.84689	1078.86655	1047.91093	1047.89568	
13.20606	1078.84689	1078.86655	1047.91093	1047.89568	
13.21617	1078.84689	1078.86655	1047.91093	1047.89568	
13.22633	1078.84689	1078.86655	1047.91093	1047.89568	
13.23651	1078.84689	1078.86655	1047.91093	1047.89568	
13.24665	1078.84689	1078.86655	1047.91093	1047.89568	
13.25679	1078.84689	1078.86655	1047.91093	1047.89568	
13.26692	1078.84689	1078.86655	1047.91093	1047.89568	
13.27711	1078.84689	1078.86655	1047.91093	1047.89568	
13.28731	1078.84689	1078.86655	1047.91093	1047.89568	
13.29742	1078.84689	1078.86655	1047.91093	1047.89568	
13.30756	1078.84689	1078.86655	1047.91093	1047.89568	
13.31777	1078.84689	1078.86655	1047.91093	1047.89568	
13.3279	1078.84689	1078.86655	1047.91093	1047.89568	
13.33811	1078.84689	1078.86655	1047.91093	1047.89568	
13.3483	1078.84689	1078.86655	1047.91093	1047.89568	
13.35842	1078.84689	1078.86655	1047.91093	1047.89568	
13.36856	1078.84689	1078.86655	1047.91093	1047.89568	
13.37872	1078.84689	1078.86655	1047.91093	1047.89568	
13.38887	1078.84689	1078.86655	1047.91093	1047.89568	
13.39901	1078.84689	1078.86655	1047.91093	1047.89568	
13.40915	1078.84689	1078.86655	1047.91093	1047.89568	
13.41933	1078.84689	1078.86655	1047.91093	1047.89568	
13.4295	1078.84689	1078.86655	1047.91093	1047.89568	
13.43962	1078.84689	1078.86655	1047.91093	1047.89568	
13.44977	1078.84689	1078.86655	1047.91093	1047.89568	
13.45991	1078.84689	1078.86655	1047.91093	1047.89568	
13.47009	1078.84689	1078.86655	1047.91093	1047.89568	
13.48021	1078.84689	1078.86655	1047.91093	1047.89568	
13.49033	1078.84689	1078.86655	1047.91093	1047.89568	
13.50054	1078.84689	1078.86655	1047.91093	1047.89568	
13.51073	1078.84689	1078.86655	1047.91093	1047.89568	
13.52088	1078.84689	1078.86655	1047.91093	1047.89568	
13.531	1078.84689	1078.86655	1047.91093	1047.89568	
13.54119	1078.84689	1078.86655	1047.91093	1047.89568	
13.55921	1078.84689	1078.86655	1047.91093	1047.89568	
13.56371	1078.84689	1078.86655	1047.91093	1047.89568	
13.57398	1078.84689	1078.86655	1047.91093	1047.89568	
13.58402	1078.84689	1078.86655	1047.91093	1047.89568	
13.59421	1078.84689	1078.86655	1047.91093	1047.89568	
13.60469	1078.84689	1078.86655	1047.91093	1047.89568	
13.61479	1078.84689	1078.86655	1047.91093	1047.89568	
13.62492	1078.84689	1078.86655	1047.91093	1047.89568	
13.63509	1078.84689	1078.86655	1047.91093	1047.89568	
13.64526	1078.84689	1078.86655	1047.91093	1047.89568	
13.6555	1078.84689	1078.86655	1047.91093	1047.89568	
13.6656	1078.84689	1078.86655	1047.91093	1047.89568	
13.67576	1078.84689	1078.86655	1047.91093	1047.89568	
13.68599	1078.84689	1078.86655	1047.91093	1047.89568	
13.69607	1078.84689	1078.86655	1047.91093	1047.89568	
13.70622	1078.84689	1078.86655	1047.91093	1047.89568	
13.71637	1078.84689	1078.86655	1047.91093	1047.89568	
13.72654	1078.84689	1078.86655	1047.91093	1047.89568	
13.73672	1078.84689	1078.86655	1047.91093	1047.89568	
13.74683	1078.84689	1078.86655	1047.91093	1047.89568	
13.75702	1078.84689	1078.86655	1047.91093	1047.89568	
13.76717	1078.84689	1078.86655	1047.91093	1047.89568	
13.77732	1078.84689	1078.86655	1047.91093	1047.89568	
13.78748	1078.84689	1078.86655	1047.91093	1047.89568	
13.79763	1078.84689	1078.86655	1047.91093	1047.89568	
13.80779	1078.84689	1078.86655	1047.91093	1047.89568	
13.81788	1078.84689	1078.86655	1047.91093	1047.89568	
13.82807	1078.84689	1078.86655	1047.91093	1047.89568	
13.8383	1078.84689	1078.86655	1047.91093	1047.89568	
13.8484	1078.84689	1078.86655	1047.91093	1047.89568	
13.85849	1078.84689	1078.86655	1047.91093	1047.89568	
13.86872	1078.84689	1078.86655	1047.91093	1047.89568	
13.87879	1078.84689	1078.86655	1047.91093	1047.89568	
13.88898	1078.84689	1078.86655	1047.91093	1047.89568	
13.89912	1078.84689	1078.86655	1047.91093	1047.89568	
13.90927	1078.84689	1078.86655	1047.91093	1047.89568	
13.9195	1078.84689	1078.86655	1047.91093	1047.89568	
13.92989	1078.84689	1078.86655	1047.91093	1047.89568	
13.95574	1078.84689	1078.86655	1047.91093	1047.89568	
13.96054	1078.84689	1078.86655	1047.91093	1047.89568	
