7.170617	
7.180567	
7.190645	
7.200843	
7.210974	
7.221158	
7.231287	
7.241416	
7.251571	
7.261672	
7.27188	
7.282046	
7.29222	
7.302317	
7.312456	
7.32264	
7.332723	
7.342926	
7.353057	
7.36327	
7.373333	
7.383465	
7.393619	
7.403715	
7.41387	
7.424001	
7.434125	
7.452591	
7.456917	
7.467107	
7.477246	
7.48764	
7.497559	
7.507734	
7.517853	
7.528	
7.538156	
7.548347	
7.558457	
7.568604	
7.578779	
7.588922	
7.599081	
7.609239	
7.619385	
7.629819	
7.639945	
7.650063	
7.670322	
7.674751	
7.684814	
7.695183	
7.705088	
7.715275	
7.725482	
7.735516	
7.745871	
7.755926	
7.765993	
7.776151	
7.78625	
7.796465	
7.806588	
7.816771	
7.826927	
7.837066	
7.847228	
7.857371	
7.867531	
7.877699	
7.887851	
7.898013	
7.908226	
7.918323	
7.928466	
7.938676	
7.94879	
7.958882	
7.969077	
7.979229	
7.989382	
7.999492	
8.009902	
8.019835	
8.029964	
8.04011	
8.050259	
8.060453	
8.070571	
8.0807	
8.090875	
8.101019	
8.111158	
8.121335	
8.131492	
8.141701	
8.151838	
8.161985	
8.172201	
8.182265	
8.192407	
8.202542	
8.212784	
8.222972	
8.233139	
8.243241	
8.253376	
8.263517	
8.273658	
8.283799	
8.293952	
8.30409	
8.314306	
8.324623	
8.334699	
8.344828	
8.354963	
8.365113	
8.375224	
8.385378	
8.395535	
8.405729	
8.415885	
8.426216	
8.436226	
8.446302	
8.456418	
8.466637	
8.476755	
8.486907	
8.497062	
8.507226	
8.517386	
8.527511	
8.537694	
8.547853	
8.557982	
8.568147	
8.578286	
8.588491	
8.598596	
8.608752	
8.618912	
8.629253	
8.639233	
8.649368	
8.668731	
8.673202	
8.683235	
8.69338	
8.703516	
8.713676	
8.723814	
8.733975	
8.744124	
8.754322	
8.764495	
8.774533	
8.784666	
8.795141	
8.804968	
8.815104	
8.825248	
8.835391	
8.845599	
8.855668	
8.865872	
8.876003	
8.886128	
8.896285	
8.906433	
8.916607	
8.926772	
8.936896	
8.947083	
8.957189	
8.96737	
8.977558	
8.987675	
8.997819	
9.00799	
9.018138	
9.028372	
9.038456	
9.04861	
9.058829	
9.068933	
9.079082	
9.089248	
9.099405	
9.109604	
9.119688	
9.13007	
9.140068	
9.150168	
9.160317	
9.170462	
9.18064	
9.190762	
9.200914	
9.21115	
9.221222	
9.231358	
9.241499	
9.251683	
9.261895	
9.27201	
9.282153	
9.292312	
9.302462	
9.312591	
9.322738	
9.332893	
9.343009	
9.353127	
9.363284	
9.373452	
9.383551	
9.393728	
9.40385	
9.413984	
9.424124	
9.434323	
9.444462	
9.454518	
9.464672	
9.474885	
9.484972	
9.495103	
9.505246	
9.515397	
9.52553	
9.535668	
9.553673	
9.558063	
9.568223	
9.578394	
9.588593	
9.59869	
9.608841	
9.619016	
9.629236	
9.639301	
9.64943	
9.668134	
9.672478	
9.682658	
9.692784	
9.70298	
9.713144	
9.723258	
9.7334	
9.743525	
9.753698	
9.763821	
9.773961	
9.78412	
9.802521	
9.80694	
9.817124	
9.827284	
9.837436	
9.847581	
9.857729	
9.8679	
9.878041	
9.88832	
9.898359	
9.908544	
9.91865	
9.928796	
9.938972	
9.949096	
9.95921	
9.969391	
9.979551	
9.997928	
10.0023	
10.01254	
10.02258	
10.03272	
10.04301	
10.05306	
10.0632	
10.07331	
10.08381	
10.09364	
10.10377	
10.11391	
10.12404	
10.13428	
10.14441	
10.15448	
10.16468	
10.17475	
10.18499	
10.19518	
10.20527	
10.21544	
10.22553	
10.2357	
10.24637	
10.25643	
10.26659	
10.27675	
10.28685	
10.29705	
10.31648	
10.32088	
10.33109	
10.34116	
10.35129	
10.36145	
10.37163	
10.38183	
10.39191	
10.40227	
10.4124	
10.42235	
10.43249	
10.44263	
10.45277	
10.46293	
10.47306	
10.48325	
10.49334	
10.50348	
10.51388	
10.52379	
10.53396	
10.54405	
10.55426	
10.56447	
10.57449	
10.58463	
10.59475	
10.60491	
10.61504	
10.62521	
10.63536	
10.64549	
10.65561	
10.66668	
10.67678	
10.68689	
10.6971	
10.70724	
10.71741	
10.72756	
10.73769	
10.74785	
10.75802	
10.76817	
10.77847	
10.78866	
10.79875	
10.8089	
10.8191	
10.82921	
10.83937	
10.84951	
10.85966	
10.86989	
10.87996	
10.89012	
10.90034	
10.91042	
10.92057	
10.93072	
10.94107	1168.97014	1168.96917	1138.16508	1138.16411	
10.9512	1168.97169	1168.96917	1138.16663	1138.16411	
10.96131	1168.97385	1168.96917	1138.16879	1138.16411	
10.97145	1168.97664	1168.9779	1138.17158	1138.16411	
10.98164	1168.98007	1168.9779	1138.17501	1138.16411	
10.9918	1168.9841	1168.9779	1138.17904	1138.16411	
11.00193	1168.98874	1168.98663	1138.18367	1138.16411	
11.01211	1168.99402	1168.98663	1138.18895	1138.16411	
11.02229	1168.99992	1168.98663	1138.19486	1138.16411	
11.03239	1169.00639	1168.98663	1138.20133	1138.16411	
11.04322	1169.01406	1168.99535	1138.209	1138.17284	
11.0536	1169.02203	1169.00408	1138.21697	1138.18157	
11.06374	1169.03043	1169.00408	1138.22536	1138.19029	
11.07385	1169.03942	1169.00408	1138.23435	1138.19902	
11.0845	1169.04959	1169.01281	1138.24453	1138.20775	
11.09424	1169.05942	1169.01281	1138.25436	1138.21647	
11.10437	1169.07029	1169.02153	1138.26522	1138.2252	
11.11446	1169.08171	1169.02153	1138.27665	1138.23392	
11.12465	1169.09388	1169.03026	1138.28882	1138.25138	
11.13511	1169.10704	1169.03899	1138.30198	1138.2601	
11.14603	1169.12151	1169.05644	1138.31644	1138.26883	
11.1564	1169.13589	1169.07389	1138.33082	1138.28628	
11.16645	1169.15039	1169.09135	1138.34533	1138.29501	
11.17658	1169.16563	1169.1088	1138.36057	1138.31246	
11.18677	1169.18161	1169.12625	1138.37655	1138.32992	
11.19695	1169.19817	1169.15243	1138.39311	1138.33864	
11.20705	1169.21522	1169.17861	1138.41016	1138.3561	
11.21723	1169.23304	1169.21352	1138.42798	1138.37355	
11.22737	1169.25139	1169.23097	1138.44633	1138.39973	
11.23753	1169.27041	1169.26588	1138.46535	1138.42591	
11.24876	1169.29223	1169.29206	1138.48717	1138.45209	
11.25889	1169.31247	1169.31824	1138.50741	1138.47827	
11.26906	1169.33343	1169.34442	1138.52837	1138.50445	
11.27919	1169.35493	1169.3706	1138.54987	1138.53063	
11.28931	1169.37699	1169.38805	1138.57193	1138.56554	
11.2995	1169.39986	1169.40551	1138.5948	1138.58299	
11.30967	1169.42328	1169.43169	1138.61822	1138.6179	
11.31981	1169.44728	1169.44914	1138.64221	1138.64408	
11.32997	1169.47192	1169.47532	1138.66686	1138.66153	
11.34011	1169.49714	1169.49277	1138.69208	1138.68771	
11.35145	1169.52617	1169.51023	1138.7211	1138.71389	
11.36153	1169.55252	1169.53641	1138.74746	1138.73134	
11.37172	1169.57994	1169.55386	1138.77488	1138.7488	
11.38194	1169.60777	1169.58004	1138.80271	1138.76625	
11.39222	1169.63657	1169.59749	1138.83151	1138.79243	
11.40215	1169.66495	1169.6324	1138.85989	1138.80988	
11.41236	1169.69477	1169.64985	1138.88971	1138.82734	
11.42246	1169.72486	1169.68476	1138.9198	1138.85352	
11.43262	1169.75577	1169.71094	1138.95071	1138.8797	
11.44271	1169.78708	1169.74584	1138.98202	1138.9146	
11.45412	1169.82331	1169.78948	1139.01825	1138.94951	
11.47217	1169.88292	1169.82438	1139.07786	1138.98442	
11.47681	1169.89819	1169.86802	1139.09312	1139.02805	
11.48685	1169.93197	1169.91165	1139.12691	1139.07168	
11.49706	1169.96699	1169.95528	1139.16192	1139.11532	
11.50723	1170.00247	1169.99892	1139.19741	1139.15895	
11.51737	1170.03847	1170.03382	1139.23341	1139.20258	
11.52753	1170.07514	1170.08618	1139.27008	1139.24622	
11.53764	1170.11228	1170.12109	1139.30722	1139.29858	
11.54784	1170.15037	1170.17345	1139.3453	1139.34221	
11.55829	1170.19009	1170.20836	1139.38502	1139.38584	
11.56819	1170.22819	1170.25199	1139.42313	1139.42075	
11.57834	1170.26796	1170.2869	1139.4629	1139.46438	
11.58854	1170.30855	1170.33053	1139.50349	1139.49929	
11.59865	1170.34935	1170.36544	1139.54429	1139.54292	
11.60878	1170.39085	1170.40034	1139.58579	1139.57783	
11.61898	1170.43332	1170.43525	1139.62826	1139.61274	
11.6291	1170.47603	1170.47016	1139.67097	1139.64764	
11.63924	1170.51945	1170.50506	1139.71439	1139.68255	
11.64938	1170.56344	1170.53997	1139.75838	1139.71745	
11.66009	1170.61067	1170.57488	1139.80561	1139.75236	
11.67021	1170.65591	1170.60978	1139.85085	1139.78727	
11.68989	1170.74673	1170.68832	1139.94166	1139.86581	
11.69449	1170.76781	1170.70578	1139.96275	1139.88326	
11.7049	1170.81654	1170.74941	1140.01148	1139.93562	
11.71479	1170.86332	1170.80177	1140.05826	1139.97925	
11.72497	1170.91217	1170.85413	1140.10711	1140.03161	
11.73509	1170.96128	1170.90649	1140.15622	1140.08397	
11.74519	1171.01097	1170.95885	1140.20591	1140.13633	
11.75539	1171.06176	1171.01993	1140.2567	1140.18869	
11.76555	1171.11296	1171.08102	1140.3079	1140.24978	
11.77577	1171.16511	1171.14211	1140.36005	1140.31087	
11.78593	1171.21751	1171.20319	1140.41245	1140.36323	
11.79604	1171.27033	1171.26428	1140.46527	1140.43304	
11.80638	1171.32496	1171.32537	1140.51989	1140.49413	
11.8166	1171.37961	1171.38645	1140.57455	1140.54649	
11.82672	1171.43432	1171.44754	1140.62926	1140.60757	
11.83692	1171.4901	1171.4999	1140.68504	1140.66866	
11.84702	1171.54593	1171.55226	1140.74086	1140.72975	
11.8572	1171.60283	1171.61335	1140.79777	1140.78211	
11.86741	1171.66057	1171.66571	1140.85551	1140.84319	
11.87762	1171.71883	1171.70934	1140.91377	1140.89555	
11.88772	1171.77717	1171.7617	1140.9721	1140.94791	
11.89783	1171.83627	1171.81406	1141.03121	1141.00027	
11.90803	1171.89626	1171.86642	1141.09119	1141.06136	
11.9182	1171.9568	1171.91878	1141.15174	1141.11372	
11.92835	1172.01789	1171.97114	1141.21283	1141.16608	
11.93851	1172.07961	1172.0235	1141.27455	1141.21844	
11.9487	1172.14214	1172.08459	1141.33708	1141.2708	
11.9588	1172.20476	1172.14567	1141.3997	1141.33188	
11.96904	1172.26891	1172.21549	1141.46385	1141.39297	
11.97942	1172.33456	1172.27657	1141.52949	1141.46278	
11.98953	1172.39908	1172.33766	1141.59402	1141.52387	
11.99963	1172.46414	1172.40747	1141.65908	1141.59368	
12.00978	1172.53014	1172.47728	1141.72508	1141.6635	
12.01999	1172.59723	1172.55582	1141.79217	1141.74204	
12.03017	1172.66465	1172.63436	1141.85959	1141.81185	
12.0403	1172.73243	1172.70418	1141.92737	1141.89039	
12.05045	1172.80089	1172.78272	1141.99583	1141.96893	
12.06062	1172.87017	1172.86126	1142.06511	1142.03874	
12.07083	1172.94032	1172.93107	1142.13526	1142.11728	
12.081	1173.01088	1173.00088	1142.20582	1142.19582	
12.0912	1173.08217	1173.07942	1142.27711	1142.27436	
12.1013	1173.15338	1173.14924	1142.34832	1142.34418	
12.1114	1173.22528	1173.21905	1142.42022	1142.41399	
12.12183	1173.3001	1173.29759	1142.49504	1142.49253	
12.13219	1173.37515	1173.3674	1142.57009	1142.56234	
12.14218	1173.44802	1173.43722	1142.64296	1142.62343	
12.15229	1173.5224	1173.4983	1142.71734	1142.69324	
12.16239	1173.59741	1173.56812	1142.79235	1142.75433	
12.1734	1173.67986	1173.64666	1142.8748	1142.83287	
12.18374	1173.75795	1173.71647	1142.95289	1142.89395	
12.19368	1173.83356	1173.78628	1143.02849	1142.96377	
12.20381	1173.91119	1173.8561	1143.10613	1143.03358	
12.22206	1174.05364	1173.98699	1143.24858	1143.17321	
12.22667	1174.08949	1174.0219	1143.28443	1143.20811	
12.23689	1174.1699	1174.10044	1143.36484	1143.28665	
12.24693	1174.24951	1174.18771	1143.44444	1143.36519	
12.25708	1174.33059	1174.26625	1143.52553	1143.45246	
12.2673	1174.41294	1174.35351	1143.60787	1143.53973	
12.27742	1174.49502	1174.44951	1143.68995	1143.62699	
12.28763	1174.57842	1174.53677	1143.77336	1143.71426	
12.29782	1174.66232	1174.62404	1143.85726	1143.80153	
12.30789	1174.74586	1174.72003	1143.9408	1143.89752	
12.31813	1174.83136	1174.81603	1144.0263	1143.99351	
12.32824	1174.91648	1174.90329	1144.11142	1144.08078	
12.3384	1175.00255	1174.99929	1144.19749	1144.16804	
12.34864	1175.08998	1175.09528	1144.28492	1144.25531	
12.35867	1175.17619	1175.18255	1144.37113	1144.34258	
12.36888	1175.26464	1175.26981	1144.45958	1144.43857	
12.37911	1175.35393	1175.35708	1144.54887	1144.52584	
12.38924	1175.44288	1175.44434	1144.63782	1144.6131	
12.3994	1175.53271	1175.53161	1144.72765	1144.70037	
12.40954	1175.62298	1175.61888	1144.81791	1144.78764	
12.41967	1175.71375	1175.70614	1144.90869	1144.8749	
12.42984	1175.80556	1175.79341	1145.0005	1144.96217	
12.43999	1175.89777	1175.88068	1145.0927	1145.04944	
12.45013	1175.99052	1175.96794	1145.18545	1145.1367	
12.46028	1176.084	1176.05521	1145.27894	1145.22397	
12.4704	1176.1778	1176.14248	1145.37274	1145.31996	
12.48131	1176.27961	1176.2472	1145.47455	1145.41595	
12.49148	1176.37524	1176.34319	1145.57017	1145.50322	
12.50163	1176.47115	1176.43918	1145.66609	1145.59921	
12.51181	1176.56805	1176.52645	1145.76299	1145.69521	
12.52217	1176.66809	1176.63117	1145.86303	1145.78247	
12.53209	1176.76285	1176.72716	1145.95779	1145.87847	
12.54223	1176.8612	1176.82315	1146.05614	1145.98319	
12.55236	1176.96006	1176.92787	1146.155	1146.08791	
12.56252	1177.05989	1177.03259	1146.25483	1146.19263	
12.57269	1177.16043	1177.12859	1146.35537	1146.29735	
12.58401	1177.27308	1177.24203	1146.46802	1146.41079	
12.5944	1177.3772	1177.34675	1146.57214	1146.51551	
12.60458	1177.4797	1177.45147	1146.67464	1146.62023	
12.6146	1177.58121	1177.55619	1146.77615	1146.72495	
12.6251	1177.68828	1177.66091	1146.88321	1146.8384	
12.63491	1177.78896	1177.76563	1146.98389	1146.94312	
12.64505	1177.89353	1177.87035	1147.08847	1147.05656	
12.65517	1177.99858	1177.97507	1147.19352	1147.16128	
12.66584	1178.11339	1178.07979	1147.30833	1147.27473	
12.67548	1178.2112	1178.18451	1147.40614	1147.37945	
12.68735	1178.33673	1178.30668	1147.53167	1147.51035	
12.6975	1178.4446	1178.4114	1147.63954	1147.61507	
12.70761	1178.55274	1178.51612	1147.74768	1147.72852	
12.71777	1178.66189	1178.62084	1147.85683	1147.83324	
12.72791	1178.77157	1178.72556	1147.96651	1147.93796	
12.73851	1178.88691	1178.83901	1148.08184	1148.0514	
12.74831	1178.99402	1178.95246	1148.18896	1148.15612	
12.75843	1179.10537	1179.0659	1148.3003	1148.26957	
12.76853	1179.217	1179.17935	1148.41194	1148.37429	
12.77873	1179.33043	1179.28407	1148.52537	1148.48773	
12.79012	1179.45786	1179.4237	1148.6528	1148.60991	
12.80024	1179.57167	1179.52842	1148.76661	1148.72335	
12.81036	1179.68609	1179.65059	1148.88103	1148.82807	
12.82064	1179.80308	1179.76403	1148.99802	1148.94152	
12.83063	1179.91721	1179.87748	1149.11215	1149.05497	
12.84083	1180.03439	1179.99093	1149.22933	1149.15969	
12.85098	1180.15168	1180.1131	1149.34662	1149.27313	
12.86116	1180.26983	1180.22655	1149.46477	1149.38658	
12.87128	1180.388	1180.34872	1149.58294	1149.50875	
12.88142	1180.50698	1180.46217	1149.70192	1149.61347	
12.89275	1180.64082	1180.59307	1149.83575	1149.7531	
12.90292	1180.76143	1180.71524	1149.95637	1149.87527	
12.91299	1180.88151	1180.82869	1150.07645	1149.99744	
12.92318	1181.00369	1180.95959	1150.19862	1150.11962	
12.9335	1181.12751	1181.08176	1150.32245	1150.25052	
12.94344	1181.24678	1181.20393	1150.44172	1150.37269	
12.95358	1181.36839	1181.3261	1150.56333	1150.50359	
12.9637	1181.48994	1181.44828	1150.68488	1150.62576	
12.97387	1181.61188	1181.57918	1150.80682	1150.76539	
12.984	1181.73354	1181.71008	1150.92848	1150.89629	
12.99536	1181.86985	1181.8497	1151.06478	1151.03592	
13.00551	1181.99162	1181.9806	1151.18656	1151.16681	
13.0156	1182.11274	1182.1115	1151.30768	1151.28899	
13.03365	1182.32931	1182.32967	1151.52425	1151.51588	
13.03829	1182.38497	1182.39076	1151.57991	1151.56824	
13.04845	1182.50682	1182.51293	1151.70176	1151.69914	
13.05859	1182.62861	1182.6351	1151.82354	1151.81259	
13.06882	1182.75134	1182.766	1151.94628	1151.93476	
13.07889	1182.87209	1182.88817	1152.06702	1152.04821	
13.08909	1182.99457	1183.00162	1152.18951	1152.16165	
13.09931	1183.11726	1183.12379	1152.3122	1152.28383	
13.10949	1183.23938	1183.24597	1152.43432	1152.39727	
13.1196	1183.36071	1183.35941	1152.55565	1152.51072	
13.12978	1183.48289	1183.47286	1152.67782	1152.62416	
13.13991	1183.60436	1183.58631	1152.7993	1152.74634	
13.1501	1183.72671	1183.69975	1152.92165	1152.85978	
13.1602	1183.84783	1183.8132	1153.04277	1152.98196	
13.17035	1183.96973	1183.92664	1153.16466	1153.0954	
13.18056	1184.09214	1184.04009	1153.28708	1153.21758	
13.19063	1184.21307	1184.15354	1153.40801	1153.33975	
13.20086	1184.33582	1184.27571	1153.53076	1153.4532	
13.21098	1184.45727	1184.39788	1153.65221	1153.57537	
13.22117	1184.57953	1184.52006	1153.77447	1153.69754	
13.23133	1184.70146	1184.64223	1153.8964	1153.82844	
13.24141	1184.82243	1184.7644	1154.01737	1153.95061	
13.25203	1184.9499	1184.90403	1154.14484	1154.08151	
13.26225	1185.07257	1185.0262	1154.26751	1154.22114	
13.27238	1185.19404	1185.14838	1154.38898	1154.34331	
13.28253	1185.3158	1185.288	1154.51074	1154.47421	
13.29269	1185.43783	1185.41017	1154.63277	1154.60511	
13.30339	1185.56624	1185.5498	1154.76118	1154.74474	
13.31358	1185.6884	1185.67197	1154.88334	1154.87564	
13.32372	1185.81015	1185.80287	1155.00509	1154.99781	
13.33395	1185.93288	1185.92505	1155.12782	1155.11999	
13.34401	1186.05362	1186.05595	1155.24856	1155.24216	
13.35411	1186.1748	1186.17812	1155.36974	1155.37306	
13.37227	1186.39284	1186.30029	1155.58778	1155.4865	
13.37683	1186.44737	1186.43992	1155.6423	1155.63486	
13.387	1186.56987	1186.56209	1155.76481	1155.7483	
13.39717	1186.69154	1186.68427	1155.88648	1155.86175	
13.40789	1186.82033	1186.80644	1156.01526	1155.99265	
13.41779	1186.93891	1186.92861	1156.13385	1156.1061	
13.428	1187.06149	1187.05078	1156.25643	1156.22827	
13.43839	1187.18624	1187.16423	1156.38118	1156.34172	
13.44831	1187.30521	1187.27768	1156.50015	1156.45516	
13.45845	1187.42684	1187.39985	1156.62178	1156.57734	
13.46869	1187.54977	1187.52202	1156.74471	1156.69078	
13.47877	1187.67067	1187.63547	1156.86561	1156.80423	
13.4889	1187.7923	1187.75764	1156.98724	1156.9264	
13.49905	1187.91413	1187.87109	1157.10906	1157.04857	
13.50947	1188.03926	1188.00199	1157.2342	1157.17075	
13.51938	1188.1581	1188.12416	1157.35304	1157.29292	
13.52957	1188.28034	1188.24633	1157.47528	1157.41509	
13.53972	1188.40214	1188.36851	1157.59708	1157.53727	
13.54983	1188.5235	1188.49941	1157.71844	1157.66817	
13.56004	1188.64603	1188.62158	1157.84097	1157.79034	
13.57022	1188.76809	1188.75248	1157.96303	1157.92124	
13.58035	1188.88965	1188.88338	1158.08459	1158.04341	
13.59048	1189.01129	1189.00555	1158.20622	1158.16559	
13.6006	1189.13271	1189.12773	1158.32765	1158.29648	
13.61136	1189.26182	1189.26735	1158.45676	1158.42738	
13.62149	1189.38341	1189.38953	1158.57834	1158.54956	
13.63164	1189.50515	1189.5117	1158.70008	1158.67173	
13.64203	1189.63043	1189.63387	1158.82536	1158.7939	
13.65235	1189.75749	1189.75604	1158.95243	1158.91608	
13.66434	1189.89763	1189.89567	1159.09257	1159.06443	
13.67447	1190.0192	1190.01784	1159.21414	1159.1866	
13.68477	1190.14271	1190.13129	1159.33764	1159.30878	
13.69471	1190.26201	1190.24474	1159.45695	1159.42222	
13.70513	1190.387	1190.35818	1159.58194	1159.5444	
13.71508	1190.50659	1190.47163	1159.70153	1159.66657	
13.72525	1190.62843	1190.5938	1159.82337	1159.78001	
13.73538	1190.74999	1190.70725	1159.94493	1159.90219	
13.74546	1190.87102	1190.8207	1160.06596	1160.01563	
13.76414	1191.09523	1191.04759	1160.29017	1160.2338	
13.76871	1191.14996	1191.09995	1160.3449	1160.29489	
13.77888	1191.27203	1191.22212	1160.46696	1160.40833	
13.78906	1191.39421	1191.34429	1160.58915	1160.53923	
13.79915	1191.51531	1191.46647	1160.71025	1160.65268	
13.80929	1191.63697	1191.58864	1160.83191	1160.78358	
13.8196	1191.76081	1191.71081	1160.95575	1160.90575	
13.8297	1191.88183	1191.83299	1161.07677	1161.02793	
13.83984	1192.00353	1191.96389	1161.19847	1161.15882	
13.84995	1192.12489	1192.09479	1161.31983	1161.281	
13.86031	1192.24926	1192.21696	1161.4442	1161.4119	
13.87045	1192.37088	1192.33913	1161.56582	1161.53407	
13.88059	1192.49261	1192.47003	1161.68754	1161.65624	
13.89074	1192.61435	1192.60093	1161.80928	1161.78714	
13.90089	1192.73609	1192.7231	1161.93102	1161.90059	
13.91104	1192.85799	1192.84528	1162.05293	1162.03149	
13.92124	1192.98051	1192.96745	1162.17545	1162.14494	
13.93142	1193.10249	1193.08962	1162.29743	1162.27584	
13.94151	1193.22363	1193.2118	1162.41857	1162.38928	
13.95166	1193.34543	1193.33397	1162.54037	1162.51145	
13.96218	1193.47286	1193.45614	1162.6678	1162.63363	
13.97201	1193.58959	1193.56959	1162.78452	1162.74707	
13.9822	1193.71185	1193.69176	1162.90679	1162.86925	
13.99226	1193.83255	1193.80521	1163.02749	1162.98269	
14.00236	1193.95381	1193.92738	1163.14875	1163.10487	
14.01253	1194.07583	1194.04955	1163.27076	1163.22704	
14.02276	1194.19863	1194.163	1163.39357	1163.34921	
14.03295	1194.32082	1194.28517	1163.51576	1163.47139	
14.04305	1194.44209	1194.40735	1163.63703	1163.59356	
14.05321	1194.56402	1194.52952	1163.75896	1163.71573	
14.06362	1194.68891	1194.65169	1163.88384	1163.83791	
14.07348	1194.80721	1194.78259	1164.00215	1163.96008	
14.08381	1194.93125	1194.90477	1164.12618	1164.08225	
14.09377	1195.05072	1195.02694	1164.24566	1164.20442	
14.10394	1195.17269	1195.15784	1164.36762	1164.3266	
14.11408	1195.29489	1195.28001	1164.48983	1164.44877	
14.12506	1195.42627	1195.41091	1164.62121	1164.57967	
14.13486	1195.5438	1195.53308	1164.73874	1164.69312	
14.14497	1195.66515	1195.65526	1164.86009	1164.82402	
14.15507	1195.78628	1195.78616	1164.98122	1164.94619	
14.16528	1195.90889	1195.8996	1165.10382	1165.06836	
14.17544	1196.03079	1196.0305	1165.22573	1165.18181	
14.18556	1196.15214	1196.14395	1165.34708	1165.31271	
14.19573	1196.27429	1196.26612	1165.46922	1165.43488	
14.20587	1196.39595	1196.3883	1165.59089	1165.55705	
14.21648	1196.52331	1196.50174	1165.71825	1165.67923	
14.23566	1196.75346	1196.63264	1165.9484	1165.81013	
14.24027	1196.80873	1196.77227	1166.00367	1165.95848	
14.25041	1196.93035	1196.89444	1166.12529	1166.08938	
14.26053	1197.05093	1197.01661	1166.24587	1166.21155	
14.27072	1197.17163	1197.13879	1166.36657	1166.33373	
14.2809	1197.29166	1197.26096	1166.48659	1166.4559	
14.29103	1197.41045	1197.39186	1166.60539	1166.57807	
14.30121	1197.52919	1197.51403	1166.72413	1166.70025	
14.3113	1197.64626	1197.63621	1166.8412	1166.82242	
14.32148	1197.76385	1197.75838	1166.95879	1166.94459	
14.33173	1197.88218	1197.88055	1167.07712	1167.06676	
14.34183	1197.99692	1197.994	1167.19186	1167.18894	
14.35197	1198.11203	1198.11617	1167.30697	1167.31111	
14.36207	1198.22633	1198.22962	1167.42127	1167.42456	
14.37228	1198.34103	1198.34306	1167.53597	1167.538	
14.38264	1198.45684	1198.45651	1167.65178	1167.66018	
14.39272	1198.5689	1198.56996	1167.76384	1167.7649	
14.40295	1198.68206	1198.67468	1167.877	1167.86962	
14.41314	1198.79408	1198.78812	1167.98902	1167.97434	
14.42348	1198.90715	1198.89284	1168.10209	1168.07906	
14.43369	1199.01832	1199.00629	1168.21326	1168.18377	
14.44355	1199.12484	1199.11101	1168.31978	1168.28849	
14.45364	1199.23334	1199.21573	1168.42828	1168.39321	
14.46375	1199.34149	1199.32045	1168.53643	1168.49793	
14.47395	1199.44991	1199.42517	1168.64485	1168.60265	
14.48423	1199.55861	1199.52989	1168.75355	1168.70737	
14.49437	1199.66517	1199.63461	1168.86011	1168.81209	
14.50444	1199.77047	1199.73933	1168.96541	1168.91681	
14.51452	1199.8752	1199.85277	1169.07014	1169.03026	
14.52508	1199.98428	1199.95749	1169.17921	1169.14371	
14.53548	1200.09104	1200.07094	1169.28597	1169.25715	
14.54561	1200.19444	1200.17566	1169.38938	1169.3706	
14.55583	1200.29807	1200.28911	1169.49301	1169.48405	
14.56591	1200.39971	1200.40255	1169.59465	1169.58876	
14.57635	1200.50434	1200.50727	1169.69928	1169.70221	
14.58644	1200.60485	1200.61199	1169.79978	1169.80693	
14.59669	1200.70632	1200.72544	1169.90126	1169.90292	
14.60676	1200.80542	1200.83016	1170.00036	1170.00764	
14.61689	1200.90453	1200.93488	1170.09947	1170.10364	
14.62706	1201.00336	1201.0396	1170.1983	1170.20836	
14.63864	1201.11515	1201.15304	1170.31009	1170.31308	
14.64857	1201.21028	1201.24904	1170.40522	1170.40907	
14.65871	1201.30692	1201.34503	1170.50186	1170.49634	
14.66895	1201.40392	1201.4323	1170.59885	1170.59233	
14.67905	1201.49899	1201.52829	1170.69393	1170.6796	
14.68916	1201.59349	1201.61556	1170.78843	1170.76686	
14.69935	1201.68815	1201.70282	1170.88308	1170.85413	
14.70943	1201.78111	1201.79009	1170.97605	1170.9414	
14.71962	1201.87455	1201.86863	1171.06948	1171.03739	
14.72973	1201.96657	1201.9559	1171.1615	1171.11593	
14.74128	1202.07111	1202.05189	1171.26604	1171.22065	
14.75124	1202.16036	1202.13043	1171.3553	1171.31664	
14.76136	1202.25065	1202.2177	1171.44559	1171.40391	
14.77157	1202.34109	1202.30496	1171.53603	1171.49117	
14.78162	1202.42952	1202.39223	1171.62446	1171.58717	
14.79183	1202.51871	1202.47949	1171.71365	1171.67443	
14.802	1202.60692	1202.56676	1171.80186	1171.77043	
14.81216	1202.69445	1202.65403	1171.88939	1171.85769	
14.82236	1202.78174	1202.75002	1171.97668	1171.95369	
14.83237	1202.86684	1202.84601	1172.06178	1172.04095	
14.84422	1202.96664	1202.95073	1172.16158	1172.13695	
14.85384	1203.04709	1203.038	1172.24202	1172.22421	
14.864	1203.13151	1203.12527	1172.32645	1172.31148	
14.87413	1203.21498	1203.22126	1172.40992	1172.39875	
14.89265	1203.36526	1203.30853	1172.5602	1172.48601	
14.89723	1203.40245	1203.42197	1172.59739	1172.59073	
14.90749	1203.48504	1203.50924	1172.67998	1172.678	
14.91756	1203.56553	1203.59651	1172.76047	1172.76526	
14.92768	1203.64567	1203.67505	1172.84061	1172.85253	
14.93781	1203.7254	1203.75359	1172.92034	1172.93107	
14.95612	1203.8671	1203.88448	1173.06204	1173.07942	
14.96069	1203.90246	1203.91939	1173.0974	1173.11433	
14.97091	1203.98084	1203.9892	1173.17578	1173.19287	
14.98108	1204.05824	1204.05902	1173.25318	1173.27141	
14.99122	1204.1348	1204.1201	1173.32974	1173.34122	
15.00131	1204.21043	1204.18992	1173.40537	1173.41104	
15.01155	1204.28642	1204.25973	1173.48136	1173.48085	
15.02168	1204.36109	1204.32954	1173.55602	1173.55066	
15.03197	1204.43803	1204.39936	1173.63297	1173.61175	
15.04196	1204.50875	1204.46917	1173.70369	1173.68156	
15.0522	1204.58236	1204.53898	1173.7773	1173.75138	
15.07017	1204.70919	1204.66116	1173.90412	1173.86482	
15.07473	1204.74144	1204.69606	1173.93638	1173.89973	
15.08512	1204.81407	1204.76588	1174.00901	1173.96954	
15.09517	1204.88379	1204.85314	1174.07873	1174.03935	
15.10517	1204.95247	1204.92296	1174.14741	1174.10917	
15.11542	1205.02229	1205.0015	1174.21723	1174.17898	
15.12552	1205.09049	1205.07131	1174.28543	1174.24879	
15.1358	1205.15929	1205.14985	1174.35423	1174.32733	
15.15503	1205.28532	1205.28947	1174.48026	1174.46696	
15.15966	1205.31566	1205.32438	1174.5106	1174.49314	
15.16978	1205.38134	1205.39419	1174.57628	1174.57168	
15.17994	1205.44671	1205.46401	1174.64165	1174.64149	
15.19005	1205.51115	1205.53382	1174.70609	1174.71131	
15.20025	1205.57549	1205.59491	1174.77043	1174.78112	
15.21036	1205.63883	1205.65599	1174.83377	1174.85093	
15.22059	1205.702	1205.72581	1174.89694	1174.91202	
15.23071	1205.76404	1205.77817	1174.95898	1174.97311	
15.24082	1205.82539	1205.83053	1175.02033	1175.03419	
15.25347	1205.90122	1205.89161	1175.09616	1175.09528	
15.26125	1205.94746	1205.94397	1175.1424	1175.15637	
15.2713	1206.00667	1205.99633	1175.20161	1175.2	
15.28147	1206.06592	1206.05742	1175.26086	1175.26109	
15.29158	1206.12426	1206.10978	1175.31919	1175.31344	
15.30178	1206.18253	1206.16214	1175.37747	1175.3658	
15.31192	1206.23982	1206.22323	1175.43475	1175.41816	
15.32209	1206.29669	1206.27559	1175.49162	1175.47052	
15.33223	1206.35275	1206.33667	1175.54769	1175.52288	
15.34237	1206.4082	1206.38903	1175.60314	1175.57524	
15.35447	1206.47351	1206.44139	1175.66845	1175.6276	
15.36264	1206.5172	1206.50248	1175.71214	1175.67996	
15.37294	1206.57168	1206.56357	1175.76661	1175.73232	
15.38295	1206.624	1206.61593	1175.81894	1175.79341	
15.39342	1206.67813	1206.67701	1175.87306	1175.84577	
15.40328	1206.72848	1206.72937	1175.92342	1175.90686	
15.41342	1206.77972	1206.79046	1175.97465	1175.95922	
15.42356	1206.83035	1206.84282	1176.02529	1176.0203	
15.43367	1206.88016	1206.89518	1176.0751	1176.07266	
15.44384	1206.92972	1206.94754	1176.12466	1176.12502	
15.45568	1206.98654	1206.9999	1176.18148	1176.17738	
15.46417	1207.02689	1207.05226	1176.22183	1176.23847	
15.47437	1207.07491	1207.10462	1176.26984	1176.2821	
15.48447	1207.12152	1207.14825	1176.31645	1176.33446	
15.49462	1207.16794	1207.19188	1176.36288	1176.38682	
15.50505	1207.21502	1207.24424	1176.40996	1176.42173	
15.51492	1207.25896	1207.28788	1176.4539	1176.47409	
15.52509	1207.30364	1207.33151	1176.49858	1176.509	
15.53523	1207.34757	1207.36642	1176.54251	1176.55263	
15.54534	1207.39079	1207.41878	1176.58573	1176.58754	
15.55557	1207.43389	1207.45368	1176.62883	1176.63117	
15.56594	1207.47697	1207.48859	1176.67191	1176.66608	
15.57592	1207.51782	1207.53222	1176.71276	1176.70098	
15.586	1207.5585	1207.56713	1176.75344	1176.73589	
15.59613	1207.5988	1207.61076	1176.79374	1176.77079	
15.6065	1207.63939	1207.64567	1176.83433	1176.8057	
15.61659	1207.6783	1207.68058	1176.87324	1176.84061	
15.62677	1207.71697	1207.71548	1176.91191	1176.87551	
15.63702	1207.75531	1207.75039	1176.95024	1176.91042	
15.64705	1207.79219	1207.7853	1176.98713	1176.95405	
15.66793	1207.86582	1207.86384	1177.06076	1177.03259	
15.67291	1207.8844	1207.88129	1177.07934	1177.05005	
15.68267	1207.91736	1207.92492	1177.1123	1177.09368	
15.69301	1207.9526	1207.95983	1177.14754	1177.13731	
15.70341	1207.98744	1207.99474	1177.18238	1177.17222	
15.71319	1208.01965	1208.02964	1177.21459	1177.21585	
15.72329	1208.05234	1208.06455	1177.24728	1177.25076	
15.73343	1208.08455	1208.09945	1177.27948	1177.28567	
15.74357	1208.11614	1208.13436	1177.31108	1177.32057	
15.75371	1208.14715	1208.16927	1177.34208	1177.35548	
15.76574	1208.18306	1208.20417	1177.378	1177.38166	
15.77407	1208.20756	1208.23908	1177.4025	1177.41657	
15.78424	1208.23686	1208.26526	1177.43179	1177.43402	
15.7944	1208.26554	1208.29144	1177.46048	1177.46893	
15.80449	1208.29344	1208.31762	1177.48838	1177.49511	
15.81505	1208.32198	1208.33507	1177.51691	1177.51256	
15.82479	1208.34777	1208.36125	1177.54271	1177.53874	
15.8349	1208.37394	1208.37871	1177.56888	1177.55619	
15.84512	1208.39982	1208.39616	1177.59475	1177.57365	
15.85521	1208.42473	1208.41361	1177.61967	1177.5911	
15.868	1208.45534	1208.43107	1177.65028	1177.60855	
15.87588	1208.47392	1208.44852	1177.66886	1177.62601	
15.8859	1208.49693	1208.46597	1177.69187	1177.64346	
15.89608	1208.51971	1208.48343	1177.71465	1177.66964	
15.9062	1208.54177	1208.50088	1177.73671	1177.68709	
15.91643	1208.56348	1208.52706	1177.75842	1177.71327	
15.9266	1208.58447	1208.55324	1177.77941	1177.73073	
15.93672	1208.60475	1208.57069	1177.79969	1177.75691	
15.94691	1208.62462	1208.59687	1177.81956	1177.78309	
15.95705	1208.6438	1208.62305	1177.83874	1177.80927	
15.96961	1208.66658	1208.64923	1177.86152	1177.83545	
15.97742	1208.68049	1208.67541	1177.87543	1177.86163	
15.9876	1208.69798	1208.69287	1177.89292	1177.88781	
15.99769	1208.71474	1208.71905	1177.90968	1177.90526	
16.0078	1208.73097	1208.74523	1177.92591	1177.92271	
16.01801	1208.74677	1208.76268	1177.94171	1177.94889	
16.02817	1208.76192	1208.78013	1177.95686	1177.96635	
16.03835	1208.77652	1208.79759	1177.97146	1177.9838	
16.04847	1208.79047	1208.81504	1177.98541	1177.99253	
16.05862	1208.8039	1208.83249	1177.99884	1178.00998	
16.06883	1208.81682	1208.84995	1178.01176	1178.02743	
16.079	1208.82913	1208.84995	1178.02407	1178.02743	
16.08951	1208.84124	1208.85867	1178.03618	1178.03616	
16.09967	1208.85239	1208.8674	1178.04733	1178.04489	
16.10977	1208.86293	1208.8674	1178.05787	1178.04489	
16.11997	1208.873	1208.8674	1178.06794	1178.04489	
16.13011	1208.88248	1208.8674	1178.07742	1178.05361	
16.14027	1208.89142	1208.8674	1178.08636	1178.05361	
16.15047	1208.89984	1208.8674	1178.09478	1178.05361	
16.16054	1208.90763	1208.8674	1178.10257	1178.05361	
16.17071	1208.91496	1208.8674	1178.1099	1178.05361	
16.18101	1208.92184	1208.8674	1178.11678	1178.05361	
16.19107	1208.92805	1208.8674	1178.12299	1178.05361	
16.20119	1208.93379	1208.87613	1178.12873	1178.06234	
16.21131	1208.93902	1208.87613	1178.13396	1178.06234	
16.22155	1208.9438	1208.87613	1178.13874	1178.07107	
16.23179	1208.94809	1208.88485	1178.14303	1178.07979	
16.2419	1208.95186	1208.88485	1178.1468	1178.08852	
16.25203	1208.95517	1208.90231	1178.15011	1178.09725	
16.2622	1208.95806	1208.91103	1178.153	1178.1147	
16.27228	1208.9605	1208.91976	1178.15544	1178.12343	
16.28268	1208.96259	1208.93721	1178.15753	1178.13215	
16.29272	1208.96425	1208.94594	1178.15919	1178.14088	
16.3029	1208.96917	1208.95467	1178.16411	1178.1496	
16.31302	1208.96917	1208.97212	1178.16411	1178.15833	
16.32359	1208.96917	1208.98085	1178.16411	1178.15833	
16.33337	1208.96917	1208.98957	1178.16411	1178.15833	
16.34344	1208.96917	1208.98957	1178.16411	1178.15833	
16.35358	1208.96917	1208.98957	1178.16411	1178.15833	
16.36374	1208.96917	1208.98957	1178.16411	1178.1496	
16.37389	1208.96917	1208.98957	1178.16411	1178.1496	
16.38419	1208.96917	1208.98085	1178.16411	1178.1496	
16.39428	1208.96917	1208.98085	1178.16411	1178.1496	
16.40442	1208.96917	1208.98085	1178.16411	1178.14088	
16.41452	1208.96917	1208.98085	1178.16411	1178.14088	
16.425	1208.96917	1208.98085	1178.16411	1178.14088	
16.43479	1208.96917	1208.98085	1178.16411	1178.1496	
16.44503	1208.96917	1208.98085	1178.16411	1178.1496	
16.45504	1208.96917	1208.98085	1178.16411	1178.1496	
16.46521	1208.96917	1208.98085	1178.16411	1178.1496	
16.47544	1208.96917	1208.98085	1178.16411	1178.1496	
16.48555	1208.96917	1208.98085	1178.16411	1178.1496	
16.49568	1208.96917	1208.98085	1178.16411	1178.1496	
16.50587	1208.96917	1208.98085	1178.16411	1178.1496	
16.51599	1208.96917	1208.98085	1178.16411	1178.1496	
16.52614	1208.96917	1208.98085	1178.16411	1178.1496	
16.5363	1208.96917	1208.98085	1178.16411	1178.1496	
16.54649	1208.96917	1208.98085	1178.16411	1178.1496	
16.55667	1208.96917	1208.98085	1178.16411	1178.1496	
16.5668	1208.96917	1208.98085	1178.16411	1178.1496	
16.57697	1208.96917	1208.98085	1178.16411	1178.1496	
16.58713	1208.96917	1208.98085	1178.16411	1178.1496	
16.59733	1208.96917	1208.98085	1178.16411	1178.1496	
16.60739	1208.96917	1208.98085	1178.16411	1178.1496	
16.61758	1208.96917	1208.98085	1178.16411	1178.1496	
16.62776	1208.96917	1208.98085	1178.16411	1178.1496	
16.63793	1208.96917	1208.98085	1178.16411	1178.1496	
16.64803	1208.96917	1208.98085	1178.16411	1178.1496	
16.65818	1208.96917	1208.98085	1178.16411	1178.1496	
16.6684	1208.96917	1208.98085	1178.16411	1178.1496	
16.68861	1208.96917	1208.98085	1178.16411	1178.1496	
16.6932	1208.96917	1208.98085	1178.16411	1178.1496	
16.70331	1208.96917	1208.98085	1178.16411	1178.1496	
16.71346	1208.96917	1208.98085	1178.16411	1178.1496	
16.7237	1208.96917	1208.98085	1178.16411	1178.1496	
16.73377	1208.96917	1208.98085	1178.16411	1178.1496	
16.74391	1208.96917	1208.98085	1178.16411	1178.1496	
16.75406	1208.96917	1208.98085	1178.16411	1178.1496	
16.76425	1208.96917	1208.98085	1178.16411	1178.1496	
16.77441	1208.96917	1208.98085	1178.16411	1178.1496	
16.79254	1208.96917	1208.98085	1178.16411	1178.1496	
16.79719	1208.96917	1208.98085	1178.16411	1178.1496	
16.80725	1208.96917	1208.98085	1178.16411	1178.1496	
16.81741	1208.96917	1208.98085	1178.16411	1178.1496	
16.8276	1208.96917	1208.98085	1178.16411	1178.1496	
16.83773	1208.96917	1208.98085	1178.16411	1178.1496	
16.84788	1208.96917	1208.98085	1178.16411	1178.1496	
16.85803	1208.96917	1208.98085	1178.16411	1178.1496	
16.8682	1208.96917	1208.98085	1178.16411	1178.1496	
16.87836	1208.96917	1208.98085	1178.16411	1178.1496	
16.88853	1208.96917	1208.98085	1178.16411	1178.1496	
16.89867	1208.96917	1208.98085	1178.16411	1178.1496	
16.90883	1208.96917	1208.98085	1178.16411	1178.1496	
16.91897	1208.96917	1208.98085	1178.16411	1178.1496	
16.92913	1208.96917	1208.98085	1178.16411	1178.1496	
16.93928	1208.96917	1208.98085	1178.16411	1178.1496	
16.94949	1208.96917	1208.98085	1178.16411	1178.1496	
16.95955	1208.96917	1208.98085	1178.16411	1178.1496	
16.96969	1208.96917	1208.98085	1178.16411	1178.1496	
16.9799	1208.96917	1208.98085	1178.16411	1178.1496	
16.99006	1208.96917	1208.98085	1178.16411	1178.1496	
17.00016	1208.96917	1208.98085	1178.16411	1178.1496	
17.01033	1208.96917	1208.98085	1178.16411	1178.1496	
17.0205	1208.96917	1208.98085	1178.16411	1178.1496	
17.03072	1208.96917	1208.98085	1178.16411	1178.1496	
17.04083	1208.96917	1208.98085	1178.16411	1178.1496	
17.05098	1208.96917	1208.98085	1178.16411	1178.1496	
17.06121	1208.96917	1208.98085	1178.16411	1178.1496	
17.07129	1208.96917	1208.98085	1178.16411	1178.1496	
17.08143	1208.96917	1208.98085	1178.16411	1178.1496	
17.09168	1208.96917	1208.98085	1178.16411	1178.1496	
17.10185	1208.96917	1208.98085	1178.16411	1178.1496	
17.11197	1208.96917	1208.98085	1178.16411	1178.1496	
17.12212	1208.96917	1208.98085	1178.16411	1178.1496	
17.13228	1208.96917	1208.98085	1178.16411	1178.1496	
17.14244	1208.96917	1208.98085	1178.16411	1178.1496	
17.15256	1208.96917	1208.98085	1178.16411	1178.1496	
17.16269	1208.96917	1208.98085	1178.16411	1178.1496	
17.1729	1208.96917	1208.98085	1178.16411	1178.1496	
17.18301	1208.96917	1208.98085	1178.16411	1178.1496	
17.19315	1208.96917	1208.98085	1178.16411	1178.1496	
17.20352	1208.96917	1208.98085	1178.16411	1178.1496	
17.21361	1208.96917	1208.98085	1178.16411	1178.1496	
17.22378	1208.96917	1208.98085	1178.16411	1178.1496	
17.23392	1208.96917	1208.98085	1178.16411	1178.1496	
17.24408	1208.96917	1208.98085	1178.16411	1178.1496	
17.25426	1208.96917	1208.98085	1178.16411	1178.1496	
17.26442	1208.96917	1208.98085	1178.16411	1178.1496	
17.27456	1208.96917	1208.98085	1178.16411	1178.1496	
17.28467	1208.96917	1208.98085	1178.16411	1178.1496	
17.29484	1208.96917	1208.98085	1178.16411	1178.1496	
17.305	1208.96917	1208.98085	1178.16411	1178.1496	
17.31512	1208.96917	1208.98085	1178.16411	1178.1496	
17.32534	1208.96917	1208.98085	1178.16411	1178.1496	
17.33542	1208.96917	1208.98085	1178.16411	1178.1496	
17.34557	1208.96917	1208.98085	1178.16411	1178.1496	
17.35577	1208.96917	1208.98085	1178.16411	1178.1496	
17.36608	1208.96917	1208.98085	1178.16411	1178.1496	
17.37622	1208.96917	1208.98085	1178.16411	1178.1496	
17.38637	1208.96917	1208.98085	1178.16411	1178.1496	
17.39655	1208.96917	1208.98085	1178.16411	1178.1496	
17.40677	1208.96917	1208.98085	1178.16411	1178.1496	
17.41692	1208.96917	1208.98085	1178.16411	1178.1496	
17.42707	1208.96917	1208.98085	1178.16411	1178.1496	
17.43728	1208.96917	1208.98085	1178.16411	1178.1496	
17.4474	1208.96917	1208.98085	1178.16411	1178.1496	
17.45751	1208.96917	1208.98085	1178.16411	1178.1496	
17.46768	1208.96917	1208.98085	1178.16411	1178.1496	
17.47784	1208.96917	1208.98085	1178.16411	1178.1496	
17.48797	1208.96917	1208.98085	1178.16411	1178.1496	
17.49815	1208.96917	1208.98085	1178.16411	1178.1496	
17.50829	1208.96917	1208.98085	1178.16411	1178.1496	
17.51849	1208.96917	1208.98085	1178.16411	1178.1496	
17.5286	1208.96917	1208.98085	1178.16411	1178.1496	
17.53876	1208.96917	1208.98085	1178.16411	1178.1496	
17.54892	1208.96917	1208.98085	1178.16411	1178.1496	
17.55906	1208.96917	1208.98085	1178.16411	1178.1496	
17.5692	1208.96917	1208.98085	1178.16411	1178.1496	
17.57935	1208.96917	1208.98085	1178.16411	1178.1496	
17.58955	1208.96917	1208.98085	1178.16411	1178.1496	
17.59966	1208.96917	1208.98085	1178.16411	1178.1496	
17.6098	1208.96917	1208.98085	1178.16411	1178.1496	
17.62004	1208.96917	1208.98085	1178.16411	1178.1496	
17.63012	1208.96917	1208.98085	1178.16411	1178.15833	
17.64048	1208.96917	1208.98085	1178.16411	1178.15833	
17.6504	1208.96917	1208.98085	1178.16411	1178.1496	
17.67043	1208.96917	1208.98085	1178.16411	1178.1496	
17.67499	1208.96917	1208.98085	1178.16411	1178.1496	
17.68526	1208.96917	1208.98085	1178.16411	1178.1496	
17.7049	1208.96917	1208.98085	1178.16411	1178.1496	
17.7101	1208.96917	1208.98085	1178.16411	1178.1496	
17.72007	1208.96917	1208.98085	1178.16411	1178.1496	
