6.087615	
6.093201	
6.102971	
6.113106	
6.12325	
6.133394	
6.143531	
6.15373	
6.163892	
6.174354	
6.184107	
6.194276	
6.204379	
6.214501	
6.224639	
6.234789	
6.244949	
6.255074	
6.265263	
6.275418	
6.294757	
6.299095	
6.319141	
6.323557	
6.333747	
6.343912	
6.353944	
6.36415	
6.374223	
6.384353	
6.394533	
6.404654	
6.414798	
6.424932	
6.435084	
6.453258	
6.457628	
6.467842	
6.477942	
6.488069	
6.49848	
6.508413	
6.518553	
6.528716	
6.538879	
6.549095	
6.559177	
6.569318	
6.579723	
6.589745	
6.59992	
6.610146	
6.620253	
6.630354	
6.64054	
6.650707	
6.660862	
6.670961	
6.681163	
6.69131	
6.701431	
6.711616	
6.722143	
6.732229	
6.742475	
6.752515	
6.762684	
6.772804	
6.782987	
6.793105	
6.803263	
6.813531	
6.823549	
6.833717	
6.843907	
6.854086	
6.864131	
6.874303	
6.884404	
6.894544	
6.90468	
6.91501	
6.925007	
6.935139	
6.953134	
6.957556	
6.9677	
6.977855	
6.988017	
6.998166	
7.00832	
7.018487	
7.02867	
7.038798	
7.048944	
7.059116	
7.069312	
7.079437	
7.089544	
7.099815	
7.109866	
7.120006	
7.130232	
7.140332	
7.15177	
7.160691	
7.170829	
7.18095	
7.191076	
7.201485	
7.211707	
7.221771	
7.231945	
7.242007	
7.252205	
7.262381	
7.273168	
7.282929	
7.293037	
7.303149	
7.313322	
7.323468	
7.334562	
7.344646	
7.354779	
7.364966	
7.375086	
7.385287	
7.395419	
7.405563	
7.415722	
7.425873	
7.438719	1208.98233	1208.98085	1178.15109	1178.1496	
7.448823	1208.98403	1208.98085	1178.15279	1178.1496	
7.458941	1208.98634	1208.98085	1178.1551	1178.1496	
7.469123	1208.9893	1208.98085	1178.15806	1178.1496	
7.479259	1208.99285	1208.98085	1178.16161	1178.1496	
7.489393	1208.99702	1208.98085	1178.16578	1178.1496	
7.499627	1209.00186	1208.98957	1178.17062	1178.15833	
7.509725	1209.00725	1208.98957	1178.17601	1178.15833	
7.519819	1209.01325	1208.98957	1178.18201	1178.15833	
7.530022	1209.01994	1208.98957	1178.1887	1178.15833	
7.541394	1209.02821	1208.98957	1178.19697	1178.15833	
7.551544	1209.03617	1208.98957	1178.20493	1178.16706	
7.561666	1209.04472	1208.98957	1178.21348	1178.16706	
7.571887	1209.05399	1208.98957	1178.22275	1178.17578	
7.581935	1209.06371	1208.98957	1178.23247	1178.18451	
7.592076	1209.07413	1208.9983	1178.24289	1178.20196	
7.602301	1209.08526	1209.00703	1178.25402	1178.21069	
7.612438	1209.09691	1209.02448	1178.26567	1178.22814	
7.622603	1209.10923	1209.04193	1178.27798	1178.2456	
7.632963	1209.12243	1209.05939	1178.29119	1178.27178	
7.644179	1209.1375	1209.07684	1178.30626	1178.28923	
7.654204	1209.15153	1209.10302	1178.32029	1178.30668	
7.664305	1209.16628	1209.1292	1178.33504	1178.32414	
7.674448	1209.18172	1209.14665	1178.35048	1178.34159	
7.684669	1209.19791	1209.17283	1178.36667	1178.35904	
7.694742	1209.21446	1209.19901	1178.38322	1178.3765	
7.704898	1209.23176	1209.22519	1178.40052	1178.39395	
7.71505	1209.2497	1209.24265	1178.41845	1178.4114	
7.733096	1209.28394	1209.28628	1178.4527	1178.43758	
7.737638	1209.2925	1209.28628	1178.46125	1178.44631	
7.748309	1209.3135	1209.30373	1178.48226	1178.46376	
7.757988	1209.33305	1209.32991	1178.5018	1178.48122	
7.768115	1209.35415	1209.33864	1178.52291	1178.49867	
7.778275	1209.37594	1209.35609	1178.54469	1178.51612	
7.788472	1209.39845	1209.37355	1178.56721	1178.52485	
7.798585	1209.42136	1209.391	1178.59012	1178.55103	
7.808747	1209.44501	1209.40845	1178.61377	1178.56848	
7.818898	1209.46926	1209.42591	1178.63802	1178.58594	
7.829053	1209.49414	1209.44336	1178.66289	1178.61212	
7.83917	1209.51953	1209.46081	1178.68829	1178.62957	
7.849399	1209.54585	1209.47827	1178.71461	1178.65575	
7.859649	1209.57284	1209.50444	1178.74159	1178.69066	
7.869732	1209.59999	1209.53062	1178.76875	1178.71684	
7.879874	1209.62793	1209.56553	1178.79668	1178.75174	
7.889961	1209.65632	1209.60044	1178.82508	1178.78665	
7.900199	1209.68578	1209.63534	1178.85454	1178.82156	
7.910324	1209.71551	1209.67025	1178.88426	1178.85646	
7.920476	1209.74594	1209.71388	1178.9147	1178.89137	
7.930671	1209.77713	1209.75752	1178.94589	1178.92628	
7.94074	1209.80855	1209.79242	1178.97731	1178.96991	
7.952426	1209.8459	1209.83606	1179.01466	1179.00482	
7.962448	1209.87845	1209.87969	1179.04721	1179.03972	
7.97226	1209.9109	1209.9146	1179.07966	1179.07463	
7.982418	1209.94512	1209.9495	1179.11388	1179.11826	
7.992983	1209.98142	1209.98441	1179.15018	1179.15317	
8.002717	1210.01539	1210.01932	1179.18414	1179.18808	
8.012832	1210.05131	1210.05422	1179.22007	1179.22298	
8.023004	1210.08807	1210.0804	1179.25682	1179.25789	
8.033115	1210.1252	1210.10658	1179.29396	1179.2928	
8.043298	1210.16326	1210.14149	1179.33202	1179.3277	
8.054933	1210.20759	1210.1764	1179.37635	1179.36261	
8.064805	1210.24572	1210.20258	1179.41448	1179.39752	
8.074986	1210.28566	1210.23748	1179.45442	1179.43242	
8.085105	1210.326	1210.26366	1179.49476	1179.46733	
8.103614	1210.40231	1210.33348	1179.57106	1179.53714	
8.108215	1210.4212	1210.35093	1179.58996	1179.5546	
8.118318	1210.46347	1210.39456	1179.63222	1179.5895	
8.128446	1210.50647	1210.4382	1179.67523	1179.63313	
8.138602	1210.55021	1210.48183	1179.71897	1179.66804	
8.148785	1210.59471	1210.53419	1179.76347	1179.7204	
8.159171	1210.64072	1210.58655	1179.80948	1179.76403	
8.169271	1210.68624	1210.63018	1179.855	1179.80767	
8.179463	1210.73247	1210.69127	1179.90122	1179.86003	
8.189595	1210.7792	1210.74363	1179.94796	1179.91239	
8.199705	1210.82644	1210.79599	1179.9952	1179.96475	
8.209887	1210.87466	1210.84835	1180.04342	1180.01711	
8.220104	1210.92366	1210.90944	1180.09242	1180.07819	
8.230203	1210.9727	1210.96179	1180.14146	1180.12183	
8.24034	1211.02254	1211.00543	1180.1913	1180.18291	
8.250503	1211.07314	1211.05779	1180.2419	1180.23527	
8.260984	1211.12603	1211.11015	1180.29479	1180.28763	
8.271082	1211.1775	1211.15378	1180.34626	1180.33999	
8.281635	1211.23293	1211.20614	1180.40169	1180.39235	
8.300786	1211.33368	1211.30213	1180.50244	1180.48835	
8.305824	1211.36032	1211.32831	1180.52908	1180.5058	
8.315962	1211.41477	1211.38067	1180.58352	1180.55816	
8.326037	1211.46949	1211.42431	1180.63825	1180.61052	
8.337059	1211.53014	1211.48539	1180.6989	1180.66288	
8.347139	1211.58612	1211.53775	1180.75488	1180.71524	
8.359797	1211.65761	1211.59011	1180.82636	1180.7676	
8.3675	1211.70125	1211.64247	1180.87001	1180.81996	
8.377682	1211.75974	1211.69483	1180.9285	1180.88977	
8.387925	1211.81915	1211.75592	1180.9879	1180.94213	
8.397951	1211.8779	1211.81701	1181.04666	1181.00322	
8.408156	1211.93838	1211.88682	1181.10713	1181.0643	
8.418349	1211.99938	1211.94791	1181.16814	1181.13412	
8.428472	1212.06058	1212.00899	1181.22934	1181.20393	
8.438579	1212.12231	1212.07881	1181.29107	1181.26502	
8.448718	1212.18483	1212.14862	1181.35359	1181.33483	
8.461039	1212.26188	1212.21843	1181.43064	1181.40464	
8.469115	1212.31257	1212.28825	1181.48133	1181.46573	
8.479254	1212.37695	1212.34933	1181.54571	1181.53554	
8.489443	1212.44232	1212.42787	1181.61107	1181.59663	
8.499567	1212.50782	1212.48896	1181.67658	1181.66644	
8.509744	1212.57431	1212.55877	1181.74306	1181.72753	
8.519868	1212.64107	1212.61986	1181.80982	1181.79734	
8.530016	1212.7086	1212.68967	1181.87736	1181.86716	
8.540238	1212.77728	1212.75948	1181.94604	1181.92824	
8.550309	1212.84552	1212.8293	1182.01428	1181.98933	
8.560482	1212.91508	1212.89038	1182.08384	1182.05914	
8.570765	1212.98607	1212.9602	1182.15483	1182.12896	
8.580908	1213.05664	1213.02128	1182.2254	1182.19004	
8.591086	1213.12812	1213.0911	1182.29688	1182.25986	
8.601311	1213.20078	1213.16091	1182.36954	1182.32967	
8.611469	1213.2748	1213.222	1182.44356	1182.39948	
8.621581	1213.34597	1213.29181	1182.51473	1182.46929	
8.631665	1213.41922	1213.36162	1182.58798	1182.54783	
8.64187	1213.49399	1213.44016	1182.66275	1182.61765	
8.652046	1213.56918	1213.50998	1182.73794	1182.69619	
8.662113	1213.64417	1213.58852	1182.81293	1182.77473	
8.67245	1213.72183	1213.66706	1182.89059	1182.84454	
8.68254	1213.79816	1213.7456	1182.96692	1182.93181	
8.692662	1213.87543	1213.82413	1183.04419	1183.01035	
8.70275	1213.95298	1213.9114	1183.12174	1183.08889	
8.713311	1214.03495	1213.99867	1183.2037	1183.16743	
8.723083	1214.11127	1214.08593	1183.28003	1183.25469	
8.733245	1214.19127	1214.1732	1183.36002	1183.33323	
8.743384	1214.27172	1214.26047	1183.44047	1183.41177	
8.753485	1214.35251	1214.34773	1183.52127	1183.49904	
8.764124	1214.43831	1214.435	1183.60706	1183.57758	
8.774173	1214.51991	1214.52227	1183.68867	1183.66485	
8.784037	1214.60055	1214.60081	1183.76931	1183.75211	
8.794165	1214.68399	1214.67935	1183.85275	1183.83065	
8.804305	1214.76818	1214.75789	1183.93694	1183.91792	
8.814637	1214.8546	1214.83643	1184.02336	1183.99646	
8.824603	1214.93853	1214.90624	1184.10729	1184.08372	
8.834745	1215.02455	1214.98478	1184.1933	1184.16226	
8.844879	1215.11115	1215.06332	1184.27991	1184.24953	
8.855097	1215.19912	1215.14186	1184.36788	1184.32807	
8.865518	1215.28946	1215.2204	1184.45821	1184.41534	
8.87618	1215.3826	1215.30766	1184.55136	1184.5026	
8.886031	1215.46913	1215.39493	1184.63789	1184.58987	
8.896207	1215.55921	1215.4822	1184.72797	1184.67714	
8.906377	1215.64989	1215.56946	1184.81865	1184.7644	
8.916535	1215.74105	1215.65673	1184.90981	1184.85167	
8.926659	1215.8325	1215.76145	1185.00126	1184.93894	
8.936855	1215.92527	1215.85744	1185.09403	1185.03493	
8.947011	1216.01824	1215.95344	1185.187	1185.13092	
8.957123	1216.11149	1216.05816	1185.28025	1185.22692	
8.967302	1216.20592	1216.16288	1185.37468	1185.32291	
8.978628	1216.31187	1216.27632	1185.48063	1185.43635	
8.988711	1216.4067	1216.37232	1185.57546	1185.54107	
8.998846	1216.50263	1216.47704	1185.67139	1185.63707	
9.009033	1216.59971	1216.58176	1185.76847	1185.74179	
9.019158	1216.6968	1216.66902	1185.86556	1185.84651	
9.029393	1216.79561	1216.77374	1185.96437	1185.95123	
9.039497	1216.89373	1216.86973	1186.06249	1186.05595	
9.049623	1216.99269	1216.96573	1186.16145	1186.16067	
9.059839	1217.09317	1217.05299	1186.26193	1186.26539	
9.069915	1217.19286	1217.15771	1186.36162	1186.36138	
9.081196	1217.30624	1217.26243	1186.475	1186.4661	
9.091341	1217.40699	1217.35843	1186.57575	1186.56209	
9.101558	1217.50998	1217.45442	1186.67874	1186.65809	
9.111688	1217.61282	1217.55041	1186.78158	1186.75408	
9.121783	1217.71585	1217.64641	1186.88461	1186.85007	
9.132023	1217.82096	1217.75113	1186.98972	1186.93734	
9.14209	1217.9249	1217.85585	1187.09365	1187.03333	
9.152226	1218.0302	1217.96057	1187.19896	1187.13805	
9.162475	1218.13729	1218.06528	1187.30605	1187.24277	
9.172876	1218.24674	1218.17	1187.4155	1187.33876	
9.183931	1218.36366	1218.29218	1187.53242	1187.45221	
9.194113	1218.47199	1218.41435	1187.64075	1187.56566	
9.204294	1218.58095	1218.51907	1187.74971	1187.6791	
9.214379	1218.68948	1218.64124	1187.85824	1187.80128	
9.224618	1218.8003	1218.75469	1187.96906	1187.91472	
9.234698	1218.90997	1218.86814	1188.07873	1188.0369	
9.24482	1219.02072	1218.98158	1188.18948	1188.15034	
9.254964	1219.13237	1219.10376	1188.30113	1188.27251	
9.265045	1219.24392	1219.2172	1188.41268	1188.39469	
9.285682	1219.47558	1219.42664	1188.64434	1188.60413	
9.290326	1219.52759	1219.50518	1188.69635	1188.68267	
9.300452	1219.6417	1219.62735	1188.81046	1188.80484	
9.310567	1219.75637	1219.7408	1188.92513	1188.91829	
9.320749	1219.87249	1219.86297	1189.04125	1189.03173	
9.330878	1219.98858	1219.97642	1189.15733	1189.14518	
9.341105	1220.10644	1220.08987	1189.27519	1189.26735	
9.351327	1220.22481	1220.20331	1189.39356	1189.37207	
9.36139	1220.34197	1220.31676	1189.51073	1189.47679	
9.371684	1220.46339	1220.43893	1189.63215	1189.59024	
9.381732	1220.58069	1220.55238	1189.74945	1189.70368	
9.391969	1220.70185	1220.66583	1189.87061	1189.81713	
9.402041	1220.82151	1220.788	1189.99026	1189.93058	
9.412229	1220.94322	1220.90145	1190.11197	1190.04402	
9.422423	1221.06574	1221.01489	1190.2345	1190.1662	
9.43288	1221.19118	1221.12834	1190.35994	1190.27964	
9.442711	1221.3091	1221.24178	1190.47786	1190.41054	
9.452814	1221.43036	1221.36396	1190.59912	1190.53272	
9.46295	1221.55196	1221.48613	1190.72072	1190.65489	
9.473063	1221.67334	1221.6083	1190.8421	1190.78579	
9.483262	1221.79575	1221.73048	1190.96451	1190.90796	
9.493666	1221.92069	1221.85265	1191.08945	1191.03886	
9.503648	1222.04034	1221.97482	1191.2091	1191.16976	
9.513838	1222.16261	1222.10572	1191.33137	1191.29193	
9.524008	1222.28466	1222.23662	1191.45342	1191.43156	
9.534377	1222.40913	1222.35879	1191.57789	1191.55373	
9.544252	1222.52758	1222.48969	1191.69634	1191.68463	
9.554364	1222.64894	1222.62059	1191.8177	1191.81553	
9.564547	1222.77113	1222.74277	1191.93989	1191.93771	
9.574643	1222.89226	1222.87367	1192.06102	1192.05988	
9.584813	1223.01437	1223.00457	1192.18313	1192.19078	
9.595011	1223.1368	1223.12674	1192.30556	1192.30423	
9.60522	1223.25924	1223.24019	1192.428	1192.4264	
9.615368	1223.38097	1223.36236	1192.54973	1192.54857	
9.625426	1223.50166	1223.47581	1192.67042	1192.67074	
9.635942	1223.62792	1223.59798	1192.79668	1192.78419	
9.64599	1223.74844	1223.72015	1192.9172	1192.89764	
9.656136	1223.87019	1223.82487	1193.03895	1193.01981	
9.66631	1223.99228	1223.94704	1193.16104	1193.13326	
9.676442	1224.1139	1224.06049	1193.28266	1193.2467	
9.686638	1224.23621	1224.17394	1193.40497	1193.36015	
9.697542	1224.3672	1224.30484	1193.53596	1193.48232	
9.707619	1224.48801	1224.41828	1193.65677	1193.59577	
9.71778	1224.60994	1224.54046	1193.7787	1193.71794	
9.727904	1224.73139	1224.66263	1193.90015	1193.84011	
9.738288	1224.85607	1224.7848	1194.02483	1193.96229	
9.748261	1224.97571	1224.90698	1194.14447	1194.08446	
9.75839	1225.09724	1225.03788	1194.266	1194.20663	
9.768503	1225.21859	1225.16878	1194.38735	1194.32881	
9.778698	1225.34098	1225.29095	1194.50974	1194.45971	
9.78879	1225.46206	1225.43057	1194.63082	1194.59061	
9.800173	1225.59874	1225.5702	1194.7675	1194.73023	
9.8103	1225.72018	1225.7011	1194.88894	1194.86113	
9.820478	1225.84233	1225.832	1195.01109	1194.99203	
9.830603	1225.9638	1225.95417	1195.13256	1195.12293	
9.840915	1226.08757	1226.08507	1195.25633	1195.2451	
9.850925	1226.20766	1226.20725	1195.37642	1195.376	
9.861074	1226.32947	1226.33815	1195.49823	1195.49818	
9.871278	1226.45192	1226.46032	1195.62068	1195.62035	
9.881417	1226.57356	1226.58249	1195.74232	1195.74252	
9.891716	1226.69724	1226.70466	1195.866	1195.8647	
9.90367	1226.84073	1226.82684	1196.00949	1195.9956	
9.913023	1226.95286	1226.94901	1196.12162	1196.10904	
9.923166	1227.07457	1227.07118	1196.24333	1196.22249	
9.933288	1227.19602	1227.18463	1196.36478	1196.33594	
9.943462	1227.31823	1227.29808	1196.48699	1196.45811	
9.953627	1227.44012	1227.41152	1196.60888	1196.57156	
9.971634	1227.6562	1227.52497	1196.82496	1196.685	
9.97619	1227.71084	1227.65587	1196.8796	1196.83335	
9.986295	1227.83211	1227.76932	1197.00087	1196.9468	
9.996515	1227.95477	1227.89149	1197.12353	1197.0777	
10.00702	1228.08093	1228.01366	1197.24969	1197.19987	
10.01683	1228.19855	1228.13583	1197.36731	1197.32205	
10.02698	1228.32028	1228.25801	1197.48904	1197.45295	
10.0371	1228.44178	1228.38018	1197.61054	1197.57512	
10.0473	1228.56412	1228.50235	1197.73288	1197.69729	
10.0575	1228.687	1228.63325	1197.85576	1197.81947	
10.06766	1228.80842	1228.76415	1197.97718	1197.95037	
10.07779	1228.93006	1228.88633	1198.09882	1198.07254	
10.08789	1229.05121	1229.01723	1198.21997	1198.20344	
10.09807	1229.17347	1229.14813	1198.34223	1198.32561	
10.10833	1229.29667	1229.2703	1198.46543	1198.44778	
10.11841	1229.41744	1229.39247	1198.5862	1198.57868	
10.12856	1229.53928	1229.51464	1198.70804	1198.69213	
10.13876	1229.66174	1229.63682	1198.8305	1198.82303	
10.14888	1229.78309	1229.75899	1198.95185	1198.93648	
10.15904	1229.9051	1229.88116	1199.07386	1199.05865	
10.16918	1230.02673	1230.00334	1199.19549	1199.18082	
10.17936	1230.14892	1230.12551	1199.31768	1199.29427	
10.18957	1230.27146	1230.23896	1199.44022	1199.41644	
10.19961	1230.39192	1230.3524	1199.56068	1199.52989	
10.21086	1230.527	1230.49203	1199.69576	1199.66079	
10.22099	1230.6485	1230.60548	1199.81726	1199.78296	
10.23114	1230.77024	1230.71892	1199.939	1199.89641	
10.24127	1230.89184	1230.8411	1200.0606	1200.01858	
10.25163	1231.017	1230.96327	1200.18576	1200.14075	
10.26167	1231.13657	1231.08544	1200.30533	1200.26293	
10.2718	1231.2581	1231.20761	1200.42686	1200.37637	
10.28215	1231.38465	1231.32979	1200.55341	1200.49855	
10.29245	1231.506	1231.45196	1200.67476	1200.62945	
10.30287	1231.63104	1231.57413	1200.7998	1200.75162	
10.3135	1231.75862	1231.71376	1200.92738	1200.88252	
10.32356	1231.87923	1231.83593	1201.04799	1201.00469	
10.33375	1232.00162	1231.95811	1201.17038	1201.13559	
10.34395	1232.12399	1232.09773	1201.29275	1201.25776	
10.35438	1232.2492	1232.21991	1201.41796	1201.38866	
10.3644	1232.36945	1232.34208	1201.53821	1201.51084	
10.37434	1232.48867	1232.47298	1201.65743	1201.63301	
10.38449	1232.61045	1232.60388	1201.77921	1201.76391	
10.39463	1232.73208	1232.72605	1201.90084	1201.88608	
10.40478	1232.85396	1232.84822	1202.02272	1202.00826	
10.41677	1232.99788	1233.0053	1202.16664	1202.14788	
10.42698	1233.12032	1233.12748	1202.28908	1202.27006	
10.43703	1233.24087	1233.24965	1202.40963	1202.39223	
10.44717	1233.36264	1233.37182	1202.5314	1202.50567	
10.45763	1233.48821	1233.48527	1202.65697	1202.62785	
10.46769	1233.6089	1233.59872	1202.77766	1202.75002	
10.47773	1233.72936	1233.71216	1202.89812	1202.87219	
10.48786	1233.85085	1233.82561	1203.01961	1202.98564	
10.49799	1233.9725	1233.93905	1203.14126	1203.10781	
10.50821	1234.09509	1234.0525	1203.26385	1203.22999	
10.5195	1234.23069	1234.17467	1203.39945	1203.36089	
10.52966	1234.35245	1234.29685	1203.52121	1203.47433	
10.53981	1234.47436	1234.41029	1203.64312	1203.59651	
10.54995	1234.59592	1234.52374	1203.76468	1203.71868	
10.56007	1234.71738	1234.64591	1203.88614	1203.83212	
10.57026	1234.83974	1234.76809	1204.0085	1203.9543	
10.58049	1234.96246	1234.89026	1204.13122	1204.07647	
10.59055	1235.08314	1235.02116	1204.2519	1204.19864	
10.60073	1235.20536	1235.14333	1204.37412	1204.32082	
10.61086	1235.32692	1235.27423	1204.49568	1204.45172	
10.62219	1235.46302	1235.41386	1204.63178	1204.59134	
10.6323	1235.58413	1235.54476	1204.75289	1204.72224	
10.64249	1235.70645	1235.66693	1204.87521	1204.84442	
10.65261	1235.82791	1235.79783	1204.99667	1204.97532	
10.66299	1235.95246	1235.92	1205.12122	1205.09749	
10.67291	1236.07146	1236.04218	1205.24022	1205.22839	
10.68311	1236.1939	1236.17308	1205.36266	1205.35056	
10.69325	1236.31554	1236.29525	1205.4843	1205.47273	
10.70336	1236.43686	1236.41742	1205.60562	1205.59491	
10.71356	1236.55974	1236.5396	1205.7285	1205.71708	
10.72483	1236.69464	1236.67049	1205.8634	1205.84798	
10.73498	1236.81629	1236.79267	1205.98505	1205.97015	
10.7451	1236.93779	1236.91484	1206.10655	1206.09233	
10.75544	1237.06093	1237.03701	1206.22968	1206.20577	
10.76589	1237.18469	1237.15919	1206.35345	1206.32795	
10.77593	1237.30299	1237.28136	1206.47175	1206.44139	
10.78635	1237.42519	1237.39481	1206.59394	1206.56357	
10.79632	1237.54137	1237.50825	1206.71013	1206.67701	
10.8064	1237.65834	1237.63043	1206.82709	1206.79046	
10.8166	1237.77615	1237.74387	1206.9449	1206.91263	
10.8278	1237.9047	1237.87477	1207.07346	1207.0348	
10.83776	1238.01827	1237.99695	1207.18703	1207.15698	
10.84792	1238.13366	1238.11039	1207.30242	1207.27915	
10.85821	1238.24992	1238.23256	1207.41867	1207.3926	
10.86825	1238.36267	1238.34601	1207.53143	1207.51477	
10.8784	1238.47614	1238.46818	1207.6449	1207.62822	
10.88858	1238.58927	1238.58163	1207.75802	1207.74166	
10.89877	1238.70184	1238.69508	1207.8706	1207.86384	
10.90888	1238.813	1238.81725	1207.98175	1207.97728	
10.91899	1238.92344	1238.9307	1208.0922	1208.082	
10.93033	1239.04664	1239.05287	1208.2154	1208.2129	
10.94047	1239.15624	1239.16632	1208.325	1208.32635	
10.95056	1239.26452	1239.27976	1208.43328	1208.43107	
10.96071	1239.37296	1239.38448	1208.54171	1208.54451	
10.97084	1239.48058	1239.4892	1208.64934	1208.64923	
10.98102	1239.58805	1239.59392	1208.75681	1208.75395	
10.9914	1239.69709	1239.69864	1208.86585	1208.85867	
11.00132	1239.80053	1239.79463	1208.96929	1208.96339	
11.01146	1239.90577	1239.89935	1209.07453	1209.06811	
11.02173	1240.01183	1239.99535	1209.18059	1209.16411	
11.0329	1240.12626	1240.10879	1209.29501	1209.27755	
11.04307	1240.22989	1240.19606	1209.39865	1209.37355	
11.05318	1240.33224	1240.30078	1209.501	1209.47827	
11.06334	1240.4345	1240.39677	1209.60326	1209.57426	
11.07354	1240.53668	1240.49277	1209.70544	1209.67025	
11.08362	1240.63688	1240.59749	1209.80564	1209.77497	
11.09407	1240.74021	1240.69348	1209.90897	1209.87096	
11.10396	1240.83741	1240.7982	1210.00617	1209.96696	
11.11408	1240.93623	1240.89419	1210.10498	1210.07168	
11.12462	1241.03854	1240.99891	1210.2073	1210.16767	
11.13566	1241.14485	1241.12108	1210.31361	1210.28112	
11.14588	1241.24278	1241.2258	1210.41154	1210.38584	
11.15608	1241.33972	1241.3218	1210.50848	1210.49056	
11.16614	1241.43489	1241.42652	1210.60365	1210.59528	
11.17634	1241.53069	1241.52251	1210.69945	1210.69127	
11.18652	1241.62571	1241.6185	1210.79447	1210.79599	
11.19666	1241.71978	1241.7145	1210.88854	1210.89198	
11.20683	1241.81346	1241.81049	1210.98221	1210.98797	
11.21692	1241.90578	1241.90648	1211.07454	1211.08397	
11.22714	1241.9988	1241.99375	1211.16756	1211.17996	
11.23846	1242.10088	1242.09847	1211.26964	1211.28468	
11.24858	1242.19163	1242.18574	1211.36039	1211.37195	
11.25876	1242.28225	1242.273	1211.45101	1211.45921	
11.26891	1242.37199	1242.36027	1211.54075	1211.54648	
11.27901	1242.46065	1242.44753	1211.62941	1211.63375	
11.28921	1242.54966	1242.5348	1211.71842	1211.71229	
11.29938	1242.63777	1242.61334	1211.80653	1211.79083	
11.30955	1242.72517	1242.70061	1211.89393	1211.87809	
11.31965	1242.81146	1242.77915	1211.98022	1211.95663	
11.32977	1242.89728	1242.86641	1212.06604	1212.03517	
11.34309	1243.00914	1242.95368	1212.1779	1212.12244	
11.35113	1243.07633	1243.04095	1212.24509	1212.20098	
11.36189	1243.16556	1243.12821	1212.33432	1212.28825	
11.37171	1243.24632	1243.21548	1212.41507	1212.37551	
11.38176	1243.32854	1243.30275	1212.4973	1212.45405	
11.39183	1243.41013	1243.39001	1212.57889	1212.54132	
11.40195	1243.49157	1243.47728	1212.66033	1212.62858	
11.41233	1243.57456	1243.56455	1212.74332	1212.72458	
11.42224	1243.65316	1243.64309	1212.82192	1212.81184	
11.43284	1243.73653	1243.72162	1212.90529	1212.89911	
11.44379	1243.82193	1243.82634	1212.99069	1212.9951	
11.45392	1243.90035	1243.90488	1213.06911	1213.07364	
11.46409	1243.97845	1243.98342	1213.14721	1213.16091	
11.47416	1244.05525	1244.06196	1213.22401	1213.23945	
11.48463	1244.13436	1244.1405	1213.30311	1213.31799	
11.49444	1244.20792	1244.21904	1213.37668	1213.3878	
11.50467	1244.28415	1244.29758	1213.45291	1213.46634	
11.515	1244.36028	1244.3674	1213.52904	1213.53616	
11.52508	1244.43405	1244.43721	1213.6028	1213.60597	
11.5452	1244.57834	1244.56811	1213.7471	1213.73687	
11.55025	1244.61465	1244.61174	1213.78341	1213.77178	
11.56002	1244.68408	1244.68156	1213.85284	1213.84159	
11.57018	1244.75578	1244.75137	1213.92454	1213.90267	
11.58054	1244.82814	1244.82118	1213.9969	1213.97249	
11.59063	1244.89807	1244.891	1214.06683	1214.0423	
11.60079	1244.96785	1244.96081	1214.13661	1214.10339	
11.61097	1245.03721	1245.03062	1214.20597	1214.1732	
11.62112	1245.10569	1245.10044	1214.27445	1214.24301	
11.6312	1245.1746	1245.17025	1214.34336	1214.31283	
11.6414	1245.24077	1245.24006	1214.40953	1214.38264	
11.65198	1245.31028	1245.30987	1214.47904	1214.45245	
11.66185	1245.37443	1245.37969	1214.54319	1214.52227	
11.67195	1245.4396	1245.4495	1214.60836	1214.59208	
11.68208	1245.5043	1245.51931	1214.67305	1214.66189	
11.69226	1245.56871	1245.5804	1214.73747	1214.73171	
11.70243	1245.63247	1245.65021	1214.80123	1214.80152	
11.71252	1245.69507	1245.7113	1214.86383	1214.86261	
11.72313	1245.76029	1245.78111	1214.92905	1214.93242	
11.73316	1245.82132	1245.8422	1214.99008	1214.99351	
11.74334	1245.88265	1245.90329	1215.05141	1215.06332	
11.75391	1245.94568	1245.95565	1215.11443	1215.12441	
11.76374	1246.00373	1246.00801	1215.17249	1215.17677	
11.77391	1246.06315	1246.06037	1215.2319	1215.23785	
11.78397	1246.12133	1246.11273	1215.29009	1215.29021	
11.79447	1246.18143	1246.16509	1215.35019	1215.34257	
11.80433	1246.23727	1246.22617	1215.40603	1215.39493	
11.81438	1246.29362	1246.27853	1215.46238	1215.44729	
11.82456	1246.35009	1246.33089	1215.51885	1215.49965	
11.83468	1246.40555	1246.39198	1215.57431	1215.55201	
11.84486	1246.46081	1246.44434	1215.62957	1215.60437	
11.85541	1246.5174	1246.4967	1215.68616	1215.65673	
11.86527	1246.56966	1246.54906	1215.73842	1215.70909	
11.8754	1246.62282	1246.60142	1215.79158	1215.76145	
11.88557	1246.67554	1246.65378	1215.84429	1215.80508	
11.89585	1246.72824	1246.70614	1215.897	1215.86617	
11.90601	1246.77966	1246.7585	1215.94842	1215.91853	
11.91623	1246.83081	1246.81086	1215.99957	1215.97089	
11.92633	1246.88078	1246.86322	1216.04954	1216.02325	
11.9365	1246.93044	1246.91558	1216.0992	1216.07561	
11.94667	1246.97949	1246.96794	1216.14824	1216.1367	
11.95712	1247.02926	1247.0203	1216.19802	1216.18906	
11.96727	1247.07702	1247.07266	1216.24578	1216.24142	
11.97742	1247.12414	1247.12502	1216.2929	1216.29378	
11.98754	1247.17056	1247.17738	1216.33932	1216.34614	
11.99776	1247.21678	1247.22974	1216.38554	1216.38977	
12.00791	1247.26207	1247.27337	1216.43083	1216.44213	
12.01805	1247.30674	1247.317	1216.4755	1216.49449	
12.0283	1247.35128	1247.36064	1216.52004	1216.5294	
12.0384	1247.39458	1247.40427	1216.56334	1216.57303	
12.04851	1247.43732	1247.43918	1216.60608	1216.61666	
12.05976	1247.48407	1247.49154	1216.65283	1216.66029	
12.06996	1247.52591	1247.52644	1216.69467	1216.6952	
12.08005	1247.56665	1247.56135	1216.73541	1216.73883	
12.09017	1247.60696	1247.59626	1216.77572	1216.77374	
12.10038	1247.64699	1247.63989	1216.81575	1216.80865	
12.11052	1247.68617	1247.66607	1216.85493	1216.84355	
12.12064	1247.72468	1247.7097	1216.89343	1216.87846	
12.13083	1247.76282	1247.74461	1216.93158	1216.91337	
12.14098	1247.80025	1247.77952	1216.96901	1216.957	
12.15104	1247.83669	1247.81442	1217.00545	1216.99191	
12.16245	1247.87728	1247.85806	1217.04603	1217.03554	
12.17265	1247.91297	1247.89296	1217.08173	1217.07045	
12.1827	1247.94755	1247.92787	1217.11631	1217.10535	
12.19284	1247.98183	1247.96278	1217.15059	1217.14899	
12.20311	1248.01599	1247.99768	1217.18475	1217.18389	
12.21314	1248.0487	1248.03259	1217.21745	1217.2188	
12.22327	1248.08117	1248.06749	1217.24993	1217.25371	
12.23343	1248.11312	1248.1024	1217.28188	1217.28861	
12.24358	1248.14447	1248.12858	1217.31323	1217.32352	
12.26346	1248.20299	1248.16349	1217.37174	1217.35843	
12.26806	1248.21662	1248.20712	1217.38537	1217.40206	
12.27819	1248.24584	1248.24203	1217.4146	1217.42824	
12.29892	1248.30259	1248.30311	1217.47135	1217.4806	
12.30352	1248.31525	1248.31184	1217.48401	1217.49805	
12.31363	1248.34244	1248.34675	1217.5112	1217.51551	
12.32385	1248.36915	1248.3642	1217.53791	1217.54169	
12.33394	1248.39504	1248.39911	1217.5638	1217.56787	
12.35449	1248.44472	1248.44274	1217.61348	1217.6115	
12.35904	1248.4558	1248.45147	1217.62456	1217.6115	
12.36922	1248.47987	1248.46892	1217.64863	1217.63768	
12.37936	1248.50324	1248.48637	1217.672	1217.65513	
12.38954	1248.52612	1248.50383	1217.69488	1217.68131	
12.3997	1248.54834	1248.52128	1217.7171	1217.69004	
12.40982	1248.56993	1248.53873	1217.73869	1217.71622	
12.41999	1248.59101	1248.55619	1217.75977	1217.73367	
12.43011	1248.61144	1248.57364	1217.78019	1217.75113	
12.44024	1248.63127	1248.59109	1217.80003	1217.76858	
12.45043	1248.65065	1248.60855	1217.81941	1217.78603	
12.46063	1248.66947	1248.63473	1217.83823	1217.80349	
12.47104	1248.68805	1248.65218	1217.85681	1217.82094	
12.4812	1248.7057	1248.67836	1217.87446	1217.84712	
12.49136	1248.72259	1248.69581	1217.89135	1217.86457	
12.50151	1248.73899	1248.71327	1217.90775	1217.88203	
12.51174	1248.75493	1248.73072	1217.92369	1217.90821	
12.52179	1248.77006	1248.7569	1217.93882	1217.92566	
12.53197	1248.78473	1248.77435	1217.95349	1217.94311	
12.54209	1248.7988	1248.80053	1217.96756	1217.96057	
12.55221	1248.81229	1248.81799	1217.98105	1217.96929	
12.56286	1248.82587	1248.82671	1217.99463	1217.98675	
12.58166	1248.84748	1248.84417	1218.01624	1218.0042	
12.58621	1248.85276	1248.85289	1218.02152	1218.01293	
12.59646	1248.86396	1248.87035	1218.03272	1218.03038	
12.60651	1248.8744	1248.87907	1218.04316	1218.03038	
12.61671	1248.88444	1248.8878	1218.0532	1218.03911	
12.62684	1248.89388	1248.8878	1218.06264	1218.04783	
12.63701	1248.90281	1248.8878	1218.07157	1218.05656	
12.64714	1248.91116	1248.89653	1218.07992	1218.05656	
12.65727	1248.91898	1248.89653	1218.08774	1218.05656	
12.66745	1248.92631	1248.89653	1218.09507	1218.05656	
12.67781	1248.93323	1248.89653	1218.10199	1218.05656	
12.68781	1248.9394	1248.89653	1218.10816	1218.05656	
12.69795	1248.94515	1248.89653	1218.1139	1218.05656	
12.70811	1248.9504	1248.89653	1218.11916	1218.05656	
12.71828	1248.95517	1248.89653	1218.12393	1218.05656	
12.72841	1248.95944	1248.90525	1218.1282	1218.06528	
12.73858	1248.96325	1248.90525	1218.13201	1218.06528	
12.74877	1248.9666	1248.90525	1218.13536	1218.06528	
12.75888	1248.9695	1248.91398	1218.13825	1218.07401	
12.76908	1248.97199	1248.92271	1218.14075	1218.08274	
12.77927	1248.97407	1248.92271	1218.14283	1218.09146	
12.78945	1248.97578	1248.93143	1218.14454	1218.10019	
12.79956	1248.98085	1248.94016	1218.1496	1218.10892	
12.8097	1248.98085	1248.94016	1218.1496	1218.11764	
12.81986	1248.98085	1248.94889	1218.1496	1218.12637	
12.83004	1248.98085	1248.95761	1218.1496	1218.1351	
12.84013	1248.98085	1248.95761	1218.1496	1218.1351	
12.85033	1248.98085	1248.95761	1218.1496	1218.14382	
12.86055	1248.98085	1248.96634	1218.1496	1218.14382	
12.87065	1248.98085	1248.96634	1218.1496	1218.1351	
12.88089	1248.98085	1248.96634	1218.1496	1218.1351	
12.8911	1248.98085	1248.96634	1218.1496	1218.1351	
12.9012	1248.98085	1248.96634	1218.1496	1218.1351	
12.91135	1248.98085	1248.96634	1218.1496	1218.1351	
12.92163	1248.98085	1248.96634	1218.1496	1218.1351	
12.93166	1248.98085	1248.96634	1218.1496	1218.1351	
12.94975	1248.98085	1248.96634	1218.1496	1218.1351	
12.9543	1248.98085	1248.96634	1218.1496	1218.1351	
12.96448	1248.98085	1248.96634	1218.1496	1218.1351	
12.97464	1248.98085	1248.96634	1218.1496	1218.1351	
12.98471	1248.98085	1248.96634	1218.1496	1218.1351	
12.99492	1248.98085	1248.96634	1218.1496	1218.1351	
13.00503	1248.98085	1248.96634	1218.1496	1218.1351	
13.01521	1248.98085	1248.96634	1218.1496	1218.1351	
13.02539	1248.98085	1248.96634	1218.1496	1218.1351	
13.0355	1248.98085	1248.96634	1218.1496	1218.1351	
13.04566	1248.98085	1248.96634	1218.1496	1218.1351	
13.05582	1248.98085	1248.96634	1218.1496	1218.1351	
13.06598	1248.98085	1248.96634	1218.1496	1218.1351	
13.07615	1248.98085	1248.96634	1218.1496	1218.1351	
13.08629	1248.98085	1248.96634	1218.1496	1218.1351	
13.09646	1248.98085	1248.96634	1218.1496	1218.1351	
13.10658	1248.98085	1248.96634	1218.1496	1218.1351	
13.1168	1248.98085	1248.96634	1218.1496	1218.1351	
13.12691	1248.98085	1248.96634	1218.1496	1218.1351	
13.13709	1248.98085	1248.96634	1218.1496	1218.1351	
13.14728	1248.98085	1248.96634	1218.1496	1218.1351	
13.15741	1248.98085	1248.96634	1218.1496	1218.1351	
13.16755	1248.98085	1248.96634	1218.1496	1218.1351	
13.17773	1248.98085	1248.96634	1218.1496	1218.1351	
13.18791	1248.98085	1248.96634	1218.1496	1218.1351	
13.19807	1248.98085	1248.96634	1218.1496	1218.1351	
13.20822	1248.98085	1248.96634	1218.1496	1218.1351	
13.21839	1248.98085	1248.96634	1218.1496	1218.1351	
13.22857	1248.98085	1248.96634	1218.1496	1218.1351	
13.23869	1248.98085	1248.96634	1218.1496	1218.1351	
13.24884	1248.98085	1248.96634	1218.1496	1218.1351	
13.25905	1248.98085	1248.96634	1218.1496	1218.1351	
13.26917	1248.98085	1248.96634	1218.1496	1218.1351	
13.27932	1248.98085	1248.96634	1218.1496	1218.1351	
13.28969	1248.98085	1248.96634	1218.1496	1218.1351	
13.29965	1248.98085	1248.96634	1218.1496	1218.1351	
13.30985	1248.98085	1248.96634	1218.1496	1218.1351	
13.31995	1248.98085	1248.96634	1218.1496	1218.1351	
13.3301	1248.98085	1248.96634	1218.1496	1218.1351	
13.34029	1248.98085	1248.96634	1218.1496	1218.1351	
13.35041	1248.98085	1248.96634	1218.1496	1218.1351	
13.36054	1248.98085	1248.96634	1218.1496	1218.1351	
13.37067	1248.98085	1248.96634	1218.1496	1218.1351	
13.38081	1248.98085	1248.96634	1218.1496	1218.1351	
13.39102	1248.98085	1248.96634	1218.1496	1218.1351	
13.40116	1248.98085	1248.96634	1218.1496	1218.1351	
13.41134	1248.98085	1248.96634	1218.1496	1218.1351	
13.42146	1248.98085	1248.96634	1218.1496	1218.1351	
13.4316	1248.98085	1248.96634	1218.1496	1218.1351	
13.44174	1248.98085	1248.96634	1218.1496	1218.1351	
13.45193	1248.98085	1248.96634	1218.1496	1218.1351	
13.46208	1248.98085	1248.96634	1218.1496	1218.1351	
13.47217	1248.98085	1248.96634	1218.1496	1218.1351	
13.48243	1248.98085	1248.96634	1218.1496	1218.1351	
13.49261	1248.98085	1248.96634	1218.1496	1218.1351	
13.5027	1248.98085	1248.96634	1218.1496	1218.1351	
13.51282	1248.98085	1248.96634	1218.1496	1218.1351	
13.52307	1248.98085	1248.96634	1218.1496	1218.1351	
13.53314	1248.98085	1248.96634	1218.1496	1218.1351	
13.54328	1248.98085	1248.96634	1218.1496	1218.1351	
13.55343	1248.98085	1248.96634	1218.1496	1218.1351	
13.56358	1248.98085	1248.96634	1218.1496	1218.1351	
13.57379	1248.98085	1248.96634	1218.1496	1218.1351	
13.58389	1248.98085	1248.96634	1218.1496	1218.1351	
13.59401	1248.98085	1248.96634	1218.1496	1218.1351	
13.60419	1248.98085	1248.96634	1218.1496	1218.1351	
13.61432	1248.98085	1248.96634	1218.1496	1218.1351	
13.62443	1248.98085	1248.96634	1218.1496	1218.1351	
13.6346	1248.98085	1248.96634	1218.1496	1218.1351	
13.64479	1248.98085	1248.96634	1218.1496	1218.1351	
13.65489	1248.98085	1248.96634	1218.1496	1218.1351	
13.66504	1248.98085	1248.96634	1218.1496	1218.1351	
13.67524	1248.98085	1248.96634	1218.1496	1218.1351	
13.68539	1248.98085	1248.96634	1218.1496	1218.1351	
13.69555	1248.98085	1248.96634	1218.1496	1218.1351	
13.70573	1248.98085	1248.96634	1218.1496	1218.1351	
13.71596	1248.98085	1248.96634	1218.1496	1218.1351	
13.72611	1248.98085	1248.96634	1218.1496	1218.1351	
13.73626	1248.98085	1248.96634	1218.1496	1218.1351	
13.74642	1248.98085	1248.96634	1218.1496	1218.1351	
13.75663	1248.98085	1248.96634	1218.1496	1218.1351	
13.76674	1248.98085	1248.96634	1218.1496	1218.1351	
13.77692	1248.98085	1248.96634	1218.1496	1218.1351	
13.78728	1248.98085	1248.96634	1218.1496	1218.1351	
13.79725	1248.98085	1248.96634	1218.1496	1218.1351	
13.80739	1248.98085	1248.96634	1218.1496	1218.1351	
13.81757	1248.98085	1248.96634	1218.1496	1218.1351	
13.82778	1248.98085	1248.96634	1218.1496	1218.1351	
13.83793	1248.98085	1248.96634	1218.1496	1218.1351	
13.84809	1248.98085	1248.96634	1218.1496	1218.1351	
13.85822	1248.98085	1248.96634	1218.1496	1218.1351	
13.86848	1248.98085	1248.96634	1218.1496	1218.1351	
13.87854	1248.98085	1248.96634	1218.1496	1218.1351	
13.88884	1248.98085	1248.96634	1218.1496	1218.1351	
13.89902	1248.98085	1248.96634	1218.1496	1218.1351	
13.90914	1248.98085	1248.96634	1218.1496	1218.1351	
13.91932	1248.98085	1248.96634	1218.1496	1218.1351	
13.92942	1248.98085	1248.96634	1218.1496	1218.1351	
13.93962	1248.98085	1248.96634	1218.1496	1218.1351	
13.94977	1248.98085	1248.96634	1218.1496	1218.1351	
13.95992	1248.98085	1248.96634	1218.1496	1218.1351	
13.97006	1248.98085	1248.96634	1218.1496	1218.1351	
13.98021	1248.98085	1248.96634	1218.1496	1218.1351	
13.99037	1248.98085	1248.96634	1218.1496	1218.1351	
14.00054	1248.98085	1248.96634	1218.1496	1218.1351	
14.01067	1248.98085	1248.96634	1218.1496	1218.1351	
14.02091	1248.98085	1248.96634	1218.1496	1218.1351	
14.03099	1248.98085	1248.96634	1218.1496	1218.1351	
14.04115	1248.98085	1248.96634	1218.1496	1218.1351	
14.05131	1248.98085	1248.96634	1218.1496	1218.1351	
14.07138	1248.98085	1248.96634	1218.1496	1218.1351	
14.07641	1248.98085	1248.96634	1218.1496	1218.1351	
14.08641	1248.98085	1248.96634	1218.1496	1218.1351	
