10.57465	
10.58485	
10.59495	
10.60509	
10.6152	
10.62543	
10.63559	
10.6457	
10.65584	
10.66604	
10.67619	
10.68632	
10.69652	
10.70677	
10.71679	
10.72695	
10.7373	
10.74723	
10.7574	
10.76754	
10.77771	
10.78781	
10.798	
10.80809	
10.81832	
10.82841	
10.83856	
10.8489	
10.85905	
10.86919	
10.8794	
10.8895	
10.89967	
10.90982	
10.91995	
10.93015	
10.94025	
10.95057	
10.96061	
10.97074	
10.98084	
10.99097	
11.00111	
11.01127	
11.02149	
11.03162	
11.04173	
11.05202	
11.06214	
11.07229	
11.08242	
11.09257	
11.10271	
11.11289	
11.12306	
11.13315	
11.14331	
11.15366	
11.16361	
11.17387	
11.18398	
11.19414	
11.20422	
11.21482	
11.22465	
11.23473	
11.24485	
11.25497	
11.26518	
11.27532	
11.28545	
11.29562	
11.30578	
11.31593	
11.32606	
11.33622	
11.34644	
11.35654	
11.36673	
11.37691	
11.38703	
11.39713	
11.40731	
11.41753	
11.42768	
11.43779	
11.45739	
11.46185	
11.47198	
11.48217	
11.49221	
11.50238	
11.51257	
11.53203	
11.53641	
11.54655	
11.55668	
11.56688	
11.57734	
11.58715	
11.59728	
11.60745	
11.61755	
11.62779	
11.63791	
11.64805	
11.65824	
11.66832	
11.6787	
11.68885	
11.69898	
11.70911	
11.71926	
11.72947	
11.73968	
11.74974	
11.75992	
11.77016	
11.78039	
11.79038	
11.80048	
11.81061	
11.82077	
11.83091	
11.84106	
11.85121	
11.86169	1538.15093	1538.14994	1507.36333	1507.36234	
11.87177	1538.15248	1538.14994	1507.36487	1507.36234	
11.88194	1538.15467	1538.14994	1507.36706	1507.36234	
11.89204	1538.15745	1538.14994	1507.36984	1507.36234	
11.90239	1538.16095	1538.15867	1507.37334	1507.36234	
11.91233	1538.16489	1538.15867	1507.37728	1507.36234	
11.92251	1538.16956	1538.15867	1507.38195	1507.36234	
11.93262	1538.1748	1538.15867	1507.3872	1507.36234	
11.94275	1538.18067	1538.15867	1507.39306	1507.36234	
11.95336	1538.18751	1538.15867	1507.39991	1507.36234	
11.96399	1538.19505	1538.1674	1507.40744	1507.36234	
11.9741	1538.2028	1538.1674	1507.4152	1507.36234	
11.98422	1538.21119	1538.17612	1507.42358	1507.36234	
11.99442	1538.22027	1538.18485	1507.43266	1507.37106	
12.00455	1538.2299	1538.19358	1507.44229	1507.37106	
12.0147	1538.24016	1538.21103	1507.45256	1507.37106	
12.02489	1538.25108	1538.21976	1507.46348	1507.37979	
12.03505	1538.26261	1538.22848	1507.475	1507.38852	
12.04515	1538.27466	1538.24594	1507.48705	1507.39724	
12.05534	1538.28746	1538.26339	1507.49985	1507.4147	
12.06664	1538.30247	1538.27212	1507.51486	1507.43215	
12.07674	1538.31642	1538.28084	1507.52882	1507.45833	
12.08687	1538.33106	1538.2983	1507.54345	1507.47578	
12.09707	1538.34642	1538.2983	1507.55882	1507.51069	
12.10737	1538.36256	1538.31575	1507.57495	1507.53687	
12.11753	1538.3791	1538.3332	1507.5915	1507.56305	
12.12768	1538.39625	1538.34193	1507.60864	1507.58923	
12.13785	1538.41405	1538.35938	1507.62644	1507.61541	
12.148	1538.43243	1538.37684	1507.64483	1507.65031	
12.15811	1538.45137	1538.39429	1507.66376	1507.66777	
12.16947	1538.47347	1538.42047	1507.68586	1507.69395	
12.17941	1538.4933	1538.43792	1507.7057	1507.7114	
12.18952	1538.51415	1538.47283	1507.72654	1507.72885	
12.19973	1538.53581	1538.49028	1507.7482	1507.74631	
12.2098	1538.55779	1538.51646	1507.77018	1507.75503	
12.21996	1538.58057	1538.54264	1507.79296	1507.77249	
12.23018	1538.60411	1538.57755	1507.8165	1507.78994	
12.24026	1538.62795	1538.595	1507.84034	1507.79867	
12.25041	1538.65257	1538.62991	1507.86496	1507.81612	
12.26073	1538.67824	1538.64736	1507.89064	1507.82485	
12.27241	1538.7082	1538.68227	1507.92059	1507.85103	
12.28205	1538.73339	1538.70845	1507.94578	1507.86848	
12.29214	1538.76036	1538.73463	1507.97275	1507.89466	
12.30241	1538.78851	1538.76081	1508.0009	1507.92084	
12.31248	1538.81668	1538.78699	1508.02908	1507.95575	
12.32259	1538.84559	1538.80444	1508.05798	1507.99065	
12.33272	1538.87514	1538.83062	1508.08753	1508.03429	
12.34288	1538.90541	1538.8568	1508.1178	1508.06919	
12.35305	1538.93636	1538.88298	1508.14875	1508.1041	
12.36365	1538.96928	1538.91789	1508.18167	1508.15646	
12.37489	1539.00499	1538.95279	1508.21739	1508.20009	
12.38481	1539.03705	1538.9877	1508.24944	1508.24373	
12.39491	1539.0703	1539.02261	1508.2827	1508.27863	
12.40503	1539.10424	1539.06624	1508.31663	1508.31354	
12.41525	1539.13913	1539.10115	1508.35152	1508.34845	
12.4254	1539.17442	1539.14478	1508.38681	1508.39208	
12.43561	1539.21052	1539.18841	1508.42291	1508.41826	
12.4457	1539.24681	1539.23205	1508.4592	1508.45317	
12.4558	1539.28377	1539.27568	1508.49616	1508.48807	
12.46605	1539.32192	1539.31059	1508.53431	1508.52298	
12.47755	1539.36553	1539.35422	1508.57792	1508.55789	
12.48747	1539.40382	1539.39785	1508.61621	1508.58407	
12.4976	1539.44328	1539.43276	1508.65568	1508.61897	
12.50782	1539.48386	1539.46767	1508.69625	1508.65388	
12.51795	1539.52469	1539.5113	1508.73708	1508.68879	
12.52814	1539.56638	1539.54621	1508.77877	1508.72369	
12.5383	1539.60858	1539.58111	1508.82097	1508.76733	
12.54839	1539.65107	1539.61602	1508.86346	1508.80223	
12.55853	1539.69444	1539.65965	1508.90683	1508.84586	
12.56871	1539.73855	1539.69456	1508.95094	1508.89822	
12.58017	1539.78912	1539.73819	1509.00151	1508.94186	
12.59018	1539.83377	1539.78183	1509.04616	1508.99422	
12.60034	1539.87976	1539.82546	1509.09215	1509.04658	
12.61051	1539.9264	1539.86909	1509.13879	1509.09894	
12.62083	1539.97438	1539.92145	1509.18678	1509.1513	
12.63076	1540.0211	1539.98254	1509.23349	1509.21238	
12.64094	1540.06965	1540.04363	1509.28204	1509.25602	
12.65104	1540.1184	1540.09599	1509.33079	1509.3171	
12.66117	1540.16793	1540.15707	1509.38032	1509.36074	
12.67133	1540.21829	1540.21816	1509.43068	1509.42182	
12.68297	1540.2768	1540.27924	1509.48919	1509.47418	
12.69281	1540.32671	1540.34033	1509.5391	1509.52654	
12.703	1540.37913	1540.39269	1509.59153	1509.5789	
12.71312	1540.43178	1540.44505	1509.64417	1509.63126	
12.72367	1540.48732	1540.50614	1509.69971	1509.6749	
12.73371	1540.54076	1540.5585	1509.75316	1509.73598	
12.74381	1540.59521	1540.60213	1509.8076	1509.77962	
12.75404	1540.65091	1540.65449	1509.8633	1509.83198	
12.76409	1540.70628	1540.70685	1509.91867	1509.88434	
12.77429	1540.76307	1540.75921	1509.97547	1509.9367	
12.78596	1540.829	1540.81157	1510.04139	1509.99778	
12.79556	1540.88363	1540.86393	1510.09603	1510.05887	
12.80566	1540.94175	1540.91629	1510.15414	1510.11123	
12.81581	1541.0008	1540.96865	1510.21319	1510.16359	
12.8262	1541.0619	1541.02101	1510.2743	1510.22468	
12.83611	1541.1208	1541.0821	1510.33319	1510.28576	
12.84627	1541.18177	1541.14318	1510.39416	1510.34685	
12.85639	1541.2431	1541.19554	1510.45549	1510.40793	
12.8666	1541.30559	1541.26536	1510.51798	1510.47775	
12.87672	1541.36816	1541.32644	1510.58055	1510.53883	
12.88842	1541.44142	1541.39626	1510.65382	1510.61737	
12.89826	1541.50351	1541.45734	1510.71591	1510.67846	
12.9083	1541.5675	1541.52716	1510.77989	1510.74827	
12.91845	1541.63277	1541.59697	1510.84516	1510.80936	
12.92862	1541.69886	1541.66678	1510.91125	1510.87917	
12.93904	1541.7672	1541.73659	1510.97959	1510.94899	
12.94917	1541.83425	1541.80641	1511.04664	1511.01007	
12.96004	1541.90695	1541.87622	1511.11934	1511.07989	
12.96948	1541.97049	1541.94603	1511.18288	1511.14097	
12.97961	1542.03943	1542.01585	1511.25182	1511.21079	
12.99094	1542.11732	1542.08566	1511.32971	1511.28933	
13.0008	1542.18555	1542.15547	1511.39794	1511.35914	
13.01095	1542.25645	1542.22529	1511.46884	1511.42895	
13.02105	1542.32771	1542.2951	1511.5401	1511.49877	
13.03121	1542.39999	1542.36491	1511.61238	1511.57731	
13.04146	1542.47346	1542.43473	1511.68585	1511.64712	
13.05163	1542.547	1542.50454	1511.75939	1511.71693	
13.06171	1542.62053	1542.58308	1511.83292	1511.79547	
13.07182	1542.69488	1542.65289	1511.90728	1511.86528	
13.08237	1542.77315	1542.73143	1511.98554	1511.94382	
13.09371	1542.85814	1542.80997	1512.07053	1512.02236	
13.10363	1542.93293	1542.88851	1512.14532	1512.1009	
13.11378	1543.01009	1542.96705	1512.22248	1512.17944	
13.12389	1543.08758	1543.04559	1512.29998	1512.25798	
13.13412	1543.16665	1543.1154	1512.37904	1512.34525	
13.14428	1543.24579	1543.20267	1512.45819	1512.42379	
13.15447	1543.32583	1543.28121	1512.53822	1512.50233	
13.16456	1543.40562	1543.35975	1512.61801	1512.5896	
13.1747	1543.48643	1543.44702	1512.69882	1512.66814	
13.18493	1543.56861	1543.52556	1512.781	1512.74668	
13.19649	1543.66241	1543.62155	1512.8748	1512.84267	
13.40256	1545.70789	1545.38433	1514.92028	1514.54437	
13.41271	1545.80334	1545.48033	1515.01573	1514.63163	
13.42289	1545.89955	1545.57632	1515.11194	1514.7189	
13.43313	1545.99715	1545.68104	1515.20955	1514.82362	
13.45507	1546.20969	1545.93411	1515.42208	1515.06796	
13.46089	1546.26602	1545.9952	1515.47841	1515.12905	
13.47077	1546.36229	1546.1261	1515.57469	1515.25995	
13.48091	1546.46175	1546.257	1515.67415	1515.39085	
13.49102	1546.5615	1546.39662	1515.77389	1515.53048	
13.50328	1546.68353	1546.53625	1515.89592	1515.6701	
13.51143	1546.7649	1546.6846	1515.9773	1515.80973	
13.52156	1546.8667	1546.83296	1516.07909	1515.95808	
13.53953	1547.0498	1547.09476	1516.2622	1516.21988	
13.54414	1547.09656	1547.16457	1516.30895	1516.28969	
13.55433	1547.20294	1547.3042	1516.41533	1516.43805	
13.56448	1547.30566	1547.42637	1516.51805	1516.57767	
13.57461	1547.41078	1547.54854	1516.62317	1516.7173	
13.58472	1547.51624	1547.67071	1516.72863	1516.8482	
13.59489	1547.62289	1547.76671	1516.83528	1516.97037	
13.60719	1547.75304	1547.88015	1516.96543	1517.10127	
13.61708	1547.85799	1547.94997	1517.07038	1517.19727	
13.62723	1547.96649	1548.02851	1517.17888	1517.28453	
13.63737	1548.07554	1548.09832	1517.28793	1517.36307	
13.64748	1548.18472	1548.15941	1517.39711	1517.44161	
13.65766	1548.29544	1548.22922	1517.50784	1517.51142	
13.66792	1548.40753	1548.29903	1517.61992	1517.58124	
13.67802	1548.51855	1548.36885	1517.73094	1517.65105	
13.68817	1548.63077	1548.45611	1517.84316	1517.72959	
13.69835	1548.74392	1548.54338	1517.95632	1517.80813	
13.70992	1548.87336	1548.65683	1518.08575	1517.90412	
13.71976	1548.98428	1548.77027	1518.19668	1518.00012	
13.72992	1549.09878	1548.89244	1518.31117	1518.10484	
13.74003	1549.21367	1549.01462	1518.42607	1518.22701	
13.75059	1549.33438	1549.13679	1518.54677	1518.34046	
13.76034	1549.4463	1549.27642	1518.65869	1518.47136	
13.77056	1549.56432	1549.41604	1518.77671	1518.61098	
13.78062	1549.68106	1549.55567	1518.89345	1518.75061	
13.79076	1549.79941	1549.6953	1519.0118	1518.89023	
13.80097	1549.9192	1549.83492	1519.13159	1519.03859	
13.81257	1550.05618	1549.992	1519.26858	1519.20439	
13.82244	1550.17306	1550.14036	1519.38545	1519.35275	
13.83258	1550.29394	1550.28871	1519.50633	1519.5011	
13.84271	1550.41529	1550.42833	1519.62768	1519.64073	
13.85286	1550.53708	1550.56796	1519.74947	1519.78908	
13.86307	1550.65963	1550.70759	1519.87203	1519.91998	
13.87324	1550.78165	1550.84721	1519.99404	1520.05961	
13.88332	1550.90263	1550.96939	1520.11503	1520.18178	
13.89347	1551.02441	1551.09156	1520.2368	1520.30395	
13.90366	1551.14717	1551.19628	1520.35956	1520.4174	
13.91533	1551.28681	1551.32718	1520.49921	1520.5483	
13.92517	1551.4048	1551.4319	1520.61719	1520.65302	
13.93533	1551.52666	1551.52789	1520.73905	1520.74901	
13.94548	1551.64851	1551.63261	1520.8609	1520.85373	
13.95561	1551.77013	1551.73733	1520.98252	1520.94972	
13.96598	1551.89457	1551.84205	1521.10696	1521.05444	
13.976	1552.01476	1551.94677	1521.22715	1521.15044	
13.98619	1552.13698	1552.05149	1521.34937	1521.25516	
13.99625	1552.2577	1552.15621	1521.47009	1521.35988	
14.00639	1552.37944	1552.26966	1521.59183	1521.47332	
14.01798	1552.51858	1552.40056	1521.73097	1521.60422	
14.02791	1552.63769	1552.52273	1521.85008	1521.72639	
14.03797	1552.75835	1552.6449	1521.97074	1521.84857	
14.04812	1552.88016	1552.7758	1522.09255	1521.97947	
14.05835	1553.00291	1552.9067	1522.2153	1522.11037	
14.06845	1553.12417	1553.04633	1522.33656	1522.24999	
14.07862	1553.24626	1553.17723	1522.45865	1522.38962	
14.08873	1553.36752	1553.30813	1522.57991	1522.52925	
14.09889	1553.48944	1553.44775	1522.70183	1522.66887	
14.10933	1553.61559	1553.58738	1522.82799	1522.8085	
14.12062	1553.75032	1553.74446	1522.96271	1522.96558	
14.1305	1553.86878	1553.88409	1523.08117	1523.09648	
14.14059	1553.98987	1554.02371	1523.20227	1523.2361	
14.15071	1554.1113	1554.14589	1523.32369	1523.35828	
14.16094	1554.23409	1554.27679	1523.44648	1523.48918	
14.17103	1554.35515	1554.39896	1523.56755	1523.61135	
14.18132	1554.47871	1554.5124	1523.6911	1523.73352	
14.19134	1554.5988	1554.62585	1523.81119	1523.84697	
14.20944	1554.81605	1554.7393	1524.02844	1523.95169	
14.21406	1554.87155	1554.8702	1524.08394	1524.09132	
14.23236	1555.09111	1555.07091	1524.30351	1524.2833	
14.23698	1555.14654	1555.12327	1524.35893	1524.32694	
14.24705	1555.26741	1555.22799	1524.4798	1524.44038	
14.25725	1555.38982	1555.34144	1524.60221	1524.5451	
14.26743	1555.51188	1555.45488	1524.72427	1524.65855	
14.27756	1555.63349	1555.56833	1524.84588	1524.78072	
14.2877	1555.75563	1555.68178	1524.96802	1524.89417	
14.29789	1555.87743	1555.79522	1525.08982	1525.00761	
14.30801	1555.99888	1555.90867	1525.21127	1525.13851	
14.3182	1556.12113	1556.03084	1525.33353	1525.26069	
14.32841	1556.24369	1556.15301	1525.45608	1525.38286	
14.33893	1556.37055	1556.28391	1525.58295	1525.51376	
14.34903	1556.49107	1556.41481	1525.70346	1525.64466	
14.35917	1556.61273	1556.53699	1525.82512	1525.76683	
14.36939	1556.73636	1556.66789	1525.94875	1525.90646	
14.3795	1556.85673	1556.79879	1526.06913	1526.03736	
14.38962	1556.9782	1556.93841	1526.19059	1526.16826	
14.39983	1557.1011	1557.06931	1526.31349	1526.29043	
14.40992	1557.22174	1557.20021	1526.43413	1526.42133	
14.42044	1557.34811	1557.33111	1526.5605	1526.55223	
14.43053	1557.46917	1557.46201	1526.68156	1526.6744	
14.44045	1557.58813	1557.58418	1526.80053	1526.8053	
14.45063	1557.71032	1557.70636	1526.92271	1526.92748	
14.4607	1557.83121	1557.83726	1527.0436	1527.04965	
14.47091	1557.95367	1557.9507	1527.16606	1527.1631	
14.48105	1558.07538	1558.07288	1527.28777	1527.28527	
14.49115	1558.19659	1558.19505	1527.40899	1527.40744	
14.50131	1558.31843	1558.3085	1527.53082	1527.51216	
14.51151	1558.4409	1558.42194	1527.65329	1527.63433	
14.52208	1558.56772	1558.54412	1527.78011	1527.74778	
14.53401	1558.71097	1558.66629	1527.92337	1527.87868	
14.5438	1558.82836	1558.78846	1528.04075	1528.00085	
14.5539	1558.94961	1558.90191	1528.162	1528.10557	
14.56407	1559.07162	1559.01535	1528.28401	1528.22775	
14.57426	1559.19389	1559.13753	1528.40628	1528.34992	
14.58442	1559.31575	1559.2597	1528.52814	1528.46337	
14.59464	1559.43841	1559.38187	1528.65081	1528.58554	
14.60478	1559.56011	1559.50405	1528.7725	1528.70771	
14.61488	1559.68129	1559.62622	1528.89369	1528.82988	
14.62511	1559.8041	1559.75712	1529.01649	1528.96078	
14.63667	1559.94288	1559.89675	1529.15527	1529.10041	
14.64652	1560.06105	1560.02765	1529.27344	1529.22258	
14.65667	1560.18274	1560.15855	1529.39513	1529.35348	
14.66684	1560.30487	1560.28944	1529.51727	1529.48438	
14.67694	1560.42601	1560.41162	1529.63841	1529.60656	
14.68713	1560.54835	1560.53379	1529.76075	1529.73746	
14.69732	1560.67055	1560.66469	1529.88294	1529.86836	
14.70766	1560.79465	1560.77814	1530.00705	1529.99926	
14.71777	1560.91597	1560.90031	1530.12837	1530.12143	
14.72788	1561.03767	1561.02248	1530.25006	1530.2436	
14.73934	1561.17486	1561.15338	1530.38725	1530.3745	
14.74909	1561.29189	1561.26683	1530.50428	1530.49667	
14.75929	1561.41424	1561.389	1530.62663	1530.61885	
14.76945	1561.53616	1561.50245	1530.74855	1530.73229	
14.77954	1561.65732	1561.61589	1530.86971	1530.85447	
14.78968	1561.77891	1561.73807	1530.9913	1530.96791	
14.79988	1561.90175	1561.85151	1531.11414	1531.09009	
14.81005	1562.02344	1561.96496	1531.23583	1531.20353	
14.82018	1562.14493	1562.08713	1531.35732	1531.31698	
14.8306	1562.26996	1562.20931	1531.48235	1531.43915	
14.84201	1562.40702	1562.34021	1531.61941	1531.57005	
14.85184	1562.52484	1562.45365	1531.73723	1531.69222	
14.86193	1562.64598	1562.58455	1531.85837	1531.80567	
14.87218	1562.76889	1562.698	1531.98129	1531.92784	
14.88246	1562.89228	1562.8289	1532.10467	1532.05002	
14.89238	1563.01128	1562.95107	1532.22367	1532.17219	
14.90251	1563.1329	1563.08197	1532.34529	1532.29436	
14.91268	1563.25503	1563.20414	1532.46742	1532.42526	
14.92283	1563.37672	1563.32632	1532.58911	1532.54744	
14.94341	1563.62374	1563.56194	1532.83613	1532.77433	
14.94811	1563.68004	1563.6492	1532.89243	1532.85287	
14.95827	1563.802	1563.77138	1533.01439	1532.98377	
14.9686	1563.92595	1563.90228	1533.13834	1533.11467	
14.97861	1564.0461	1564.02445	1533.25849	1533.23684	
14.9888	1564.16833	1564.14662	1533.38073	1533.36774	
14.9989	1564.28952	1564.2688	1533.50191	1533.48991	
15.00912	1564.41221	1564.3997	1533.6246	1533.62081	
15.01944	1564.53611	1564.51314	1533.7485	1533.73426	
15.02946	1564.65633	1564.64404	1533.86872	1533.85643	
15.03954	1564.77723	1564.75749	1533.98962	1533.97861	
15.0498	1564.90047	1564.87966	1534.11286	1534.10078	
15.05994	1565.02209	1565.00183	1534.23448	1534.21423	
15.07011	1565.14405	1565.12401	1534.35645	1534.3364	
15.08021	1565.26522	1565.24618	1534.47761	1534.44985	
15.09067	1565.39088	1565.35963	1534.60327	1534.56329	
15.10052	1565.50901	1565.4818	1534.7214	1534.68546	
15.11062	1565.63025	1565.59525	1534.84264	1534.80764	
15.12079	1565.75225	1565.71742	1534.96464	1534.92108	
15.13093	1565.87399	1565.83959	1535.08638	1535.04326	
15.14108	1565.99577	1565.96176	1535.20816	1535.1567	
15.15151	1566.12096	1566.08394	1535.33335	1535.2876	
15.16164	1566.24154	1566.20611	1535.45393	1535.40105	
15.17174	1566.36117	1566.32828	1535.57356	1535.52322	
15.18184	1566.48029	1566.45918	1535.69268	1535.6454	
15.19234	1566.60339	1566.58136	1535.81578	1535.7763	
15.20216	1566.71793	1566.6948	1535.93032	1535.89847	
15.21231	1566.83578	1566.81698	1536.04817	1536.02064	
15.22245	1566.95279	1566.93915	1536.16518	1536.14281	
15.23259	1567.06925	1567.0526	1536.28164	1536.27371	
15.24276	1567.18543	1567.16604	1536.39782	1536.39589	
15.25312	1567.30316	1567.28821	1536.51555	1536.51806	
15.26315	1567.41651	1567.40166	1536.6289	1536.63151	
15.27335	1567.53109	1567.51511	1536.74349	1536.74495	
15.28345	1567.64411	1567.62855	1536.8565	1536.8584	
15.29364	1567.7574	1567.742	1536.96979	1536.97185	
15.3038	1567.86968	1567.84672	1537.08207	1537.08529	
15.31396	1567.98144	1567.96017	1537.19384	1537.19874	
15.32422	1568.09363	1568.07361	1537.30602	1537.30346	
15.33439	1568.2043	1568.17833	1537.41669	1537.4169	
15.34456	1568.31427	1568.29178	1537.52666	1537.52162	
15.35579	1568.43502	1568.40523	1537.64741	1537.63507	
15.36535	1568.5371	1568.50995	1537.7495	1537.73979	
15.37552	1568.64521	1568.62339	1537.8576	1537.84451	
15.38572	1568.75304	1568.72811	1537.96543	1537.95796	
15.3959	1568.86003	1568.83283	1538.07242	1538.06268	
15.40603	1568.9658	1568.94628	1538.17819	1538.1674	
15.41619	1569.07138	1569.051	1538.28377	1538.27212	
15.4264	1569.17682	1569.15572	1538.38921	1538.37684	
15.43648	1569.28026	1569.26044	1538.49265	1538.48156	
15.45782	1569.49602	1569.46988	1538.70841	1538.69972	
15.47082	1569.62666	1569.6095	1538.83905	1538.82189	
15.47545	1569.67303	1569.65314	1538.88542	1538.86553	
15.48558	1569.77413	1569.74913	1538.98653	1538.97025	
15.49571	1569.87451	1569.85385	1539.0869	1539.06624	
15.5059	1569.97489	1569.94984	1539.18728	1539.17096	
15.51613	1570.07497	1570.04584	1539.28737	1539.26695	
15.52624	1570.17337	1570.15055	1539.38576	1539.37167	
15.53642	1570.27185	1570.24655	1539.48424	1539.46767	
15.54661	1570.36976	1570.34254	1539.58215	1539.56366	
15.55923	1570.48999	1570.43853	1539.70238	1539.65965	
15.56687	1570.56244	1570.53453	1539.77483	1539.75565	
15.57707	1570.65855	1570.63925	1539.87094	1539.85164	
15.5872	1570.75343	1570.72651	1539.96583	1539.94763	
15.59729	1570.84737	1570.83123	1540.05976	1540.04363	
15.60752	1570.94189	1570.92723	1540.15428	1540.14835	
15.61765	1571.03492	1571.02322	1540.24731	1540.24434	
15.62781	1571.1276	1571.11921	1540.33999	1540.34033	
15.63792	1571.21926	1571.21521	1540.43166	1540.4276	
15.64809	1571.31081	1571.3112	1540.52321	1540.52359	
15.66051	1571.42163	1571.39847	1540.63402	1540.61086	
15.66864	1571.49387	1571.49446	1540.70626	1540.70685	
15.67879	1571.58335	1571.58172	1540.79574	1540.79412	
15.68898	1571.67263	1571.66899	1540.88502	1540.88138	
15.69935	1571.76342	1571.76498	1540.97582	1540.96865	
15.70925	1571.8483	1571.86098	1541.0607	1541.05592	
15.7194	1571.93538	1571.94824	1541.14777	1541.13446	
15.72955	1572.0218	1572.03551	1541.23419	1541.22172	
15.73969	1572.10753	1572.11405	1541.31992	1541.30026	
15.74982	1572.19266	1572.20132	1541.40505	1541.38753	
15.7618	1572.29232	1572.28858	1541.50471	1541.4748	
15.77023	1572.36209	1572.36712	1541.57448	1541.55334	
15.78034	1572.44506	1572.44566	1541.65746	1541.6406	
15.79044	1572.52745	1572.53293	1541.73984	1541.71914	
15.80056	1572.60937	1572.61147	1541.82176	1541.80641	
15.81086	1572.6921	1572.69001	1541.9045	1541.89367	
15.82088	1572.77194	1572.76855	1541.98433	1541.97221	
15.831	1572.85204	1572.83836	1542.06443	1542.05948	
15.84121	1572.93221	1572.9169	1542.1446	1542.13802	
15.85131	1573.01084	1572.98672	1542.22324	1542.20783	
15.87072	1573.15941	1573.06525	1542.3718	1542.2951	
15.87556	1573.19642	1573.16997	1542.40882	1542.39982	
15.8857	1573.27332	1573.23979	1542.48571	1542.47836	
15.89585	1573.34976	1573.32705	1542.56215	1542.5569	
15.906	1573.42549	1573.40559	1542.63788	1542.62671	
15.91619	1573.50096	1573.48413	1542.71335	1542.70525	
15.92634	1573.57548	1573.56267	1542.78787	1542.78379	
15.93651	1573.6496	1573.64121	1542.86199	1542.86233	
15.94671	1573.72326	1573.71103	1542.93565	1542.93215	
15.95697	1573.79682	1573.78957	1543.00921	1543.00196	
15.96988	1573.88823	1573.86811	1543.10063	1543.07177	
15.97737	1573.94093	1573.93792	1543.15332	1543.15031	
15.98745	1574.01134	1574.00773	1543.22373	1543.22012	
15.99757	1574.08134	1574.07755	1543.29373	1543.28994	
16.0077	1574.1509	1574.14736	1543.3633	1543.35975	
16.0179	1574.22029	1574.21717	1543.43268	1543.42084	
16.02814	1574.28931	1574.28699	1543.5017	1543.49065	
16.03824	1574.35672	1574.3568	1543.56911	1543.56046	
16.04839	1574.42397	1574.41788	1543.63636	1543.63028	
16.0586	1574.49088	1574.47897	1543.70327	1543.69136	
16.07116	1574.57235	1574.54006	1543.78474	1543.76118	
16.07912	1574.62359	1574.60114	1543.83598	1543.83099	
16.08933	1574.68866	1574.66223	1543.90105	1543.9008	
16.09945	1574.75256	1574.72332	1543.96495	1543.96189	
16.10953	1574.81569	1574.79313	1544.02808	1544.0317	
16.11972	1574.87881	1574.84549	1544.0912	1544.09279	
16.12989	1574.9412	1574.9153	1544.15359	1544.1626	
16.14788	1575.04927	1575.02002	1544.26166	1544.26732	
16.15241	1575.07653	1575.05493	1544.28893	1544.2935	
16.16268	1575.13761	1575.10729	1544.35	1544.35459	
16.17567	1575.21371	1575.1771	1544.4261	1544.40695	
16.18295	1575.25612	1575.23819	1544.46851	1544.46804	
16.19314	1575.31481	1575.29928	1544.52721	1544.52039	
16.20322	1575.37231	1575.36036	1544.5847	1544.58148	
16.21334	1575.42938	1575.42145	1544.64178	1544.63384	
16.22362	1575.48681	1575.47381	1544.6992	1544.6862	
16.23383	1575.54315	1575.5349	1544.75554	1544.74729	
16.24394	1575.59841	1575.59598	1544.8108	1544.79965	
16.2541	1575.65325	1575.64834	1544.86564	1544.85201	
16.26423	1575.70735	1575.7007	1544.91975	1544.90437	
16.27653	1575.77215	1575.75306	1544.98454	1544.96545	
16.2846	1575.8143	1575.80542	1545.02669	1545.01781	
16.29473	1575.86656	1575.85778	1545.07896	1545.07017	
16.30493	1575.91862	1575.91014	1545.13101	1545.12253	
16.31504	1575.96957	1575.95377	1545.18196	1545.17489	
16.32524	1576.02041	1576.00613	1545.2328	1545.22725	
16.33538	1576.07032	1576.04977	1545.28271	1545.27961	
16.34553	1576.11964	1576.10213	1545.33203	1545.32325	
16.35572	1576.16861	1576.14576	1545.381	1545.37561	
16.36581	1576.21643	1576.18939	1545.42882	1545.41924	
16.37843	1576.27646	1576.24175	1545.48886	1545.4716	
16.38624	1576.31143	1576.28539	1545.52382	1545.51523	
16.39636	1576.35758	1576.33775	1545.56997	1545.55887	
16.40649	1576.40318	1576.38138	1545.61557	1545.61123	
16.4166	1576.44812	1576.43374	1545.66051	1545.65486	
16.42685	1576.49305	1576.4861	1545.70544	1545.69849	
16.43695	1576.53675	1576.52973	1545.74914	1545.74213	
16.44711	1576.58005	1576.57337	1545.79244	1545.78576	
16.45729	1576.62288	1576.617	1545.83527	1545.82939	
16.46737	1576.66463	1576.66063	1545.87703	1545.87303	
16.47758	1576.70636	1576.70427	1545.91875	1545.90793	
16.48777	1576.74741	1576.7479	1545.9598	1545.95156	
16.49787	1576.78745	1576.79153	1545.99984	1545.9952	
16.50813	1576.82751	1576.83517	1546.0399	1546.03883	
16.51821	1576.86632	1576.87007	1546.07871	1546.07374	
16.52829	1576.9045	1576.90498	1546.1169	1546.11737	
16.53858	1576.9429	1576.93989	1546.15529	1546.15228	
16.54861	1576.97968	1576.97479	1546.19207	1546.18718	
16.55887	1577.01671	1577.0097	1546.22911	1546.22209	
16.56905	1577.05285	1577.04461	1546.26524	1546.257	
16.57937	1577.08912	1577.07951	1546.30151	1546.2919	
16.5895	1577.12364	1577.11442	1546.33603	1546.32681	
16.59959	1577.15763	1577.1406	1546.37002	1546.36172	
16.60975	1577.19128	1577.17551	1546.40367	1546.39662	
16.61989	1577.22429	1577.20169	1546.43668	1546.43153	
16.62999	1577.25655	1577.23659	1546.46894	1546.45771	
16.6402	1577.28856	1577.2715	1546.50095	1546.49262	
16.65034	1577.31974	1577.3064	1546.53213	1546.5188	
16.66046	1577.3503	1577.33258	1546.56269	1546.5537	
16.67059	1577.38028	1577.36749	1546.59267	1546.57988	
16.68083	1577.40997	1577.39367	1546.62236	1546.61479	
16.69124	1577.43953	1577.42858	1546.65192	1546.64097	
16.70109	1577.46692	1577.46348	1546.67931	1546.67588	
16.71123	1577.49455	1577.49839	1546.70694	1546.70206	
16.72142	1577.52171	1577.52457	1546.7341	1546.72824	
16.73203	1577.5493	1577.55948	1546.7617	1546.75442	
16.74167	1577.57387	1577.58566	1546.78626	1546.7806	
16.75188	1577.59928	1577.61184	1546.81168	1546.80678	
16.76197	1577.62383	1577.63802	1546.83622	1546.83296	
16.77217	1577.64802	1577.67292	1546.86041	1546.85041	
16.7823	1577.67147	1577.69038	1546.88386	1546.88532	
16.79395	1577.69761	1577.71656	1546.91	1546.9115	
16.80379	1577.71916	1577.74274	1546.93155	1546.92895	
16.81395	1577.74082	1577.76019	1546.95322	1546.95513	
16.8241	1577.76188	1577.77764	1546.97427	1546.97258	
16.83428	1577.78241	1577.7951	1546.9948	1546.99004	
16.84441	1577.80228	1577.81255	1547.01467	1547.00749	
16.85456	1577.82157	1577.83	1547.03396	1547.02494	
16.86474	1577.84034	1577.83873	1547.05273	1547.0424	
16.87507	1577.85879	1577.85618	1547.07118	1547.05985	
16.88506	1577.87606	1577.86491	1547.08846	1547.06858	
16.89671	1577.89539	1577.88236	1547.10778	1547.08603	
16.90646	1577.91108	1577.89982	1547.12347	1547.09476	
16.91659	1577.9268	1577.90854	1547.13919	1547.11221	
16.92673	1577.94196	1577.91727	1547.15435	1547.12966	
16.93685	1577.95653	1577.93472	1547.16892	1547.13839	
16.94709	1577.97068	1577.95218	1547.18307	1547.15584	
16.95719	1577.98408	1577.9609	1547.19647	1547.16457	
16.96735	1577.99697	1577.97836	1547.20936	1547.18202	
16.97757	1578.00937	1577.98708	1547.22177	1547.19075	
16.98764	1578.02105	1578.00454	1547.23344	1547.19948	
16.99918	1578.03366	1578.02199	1547.24605	1547.21693	
17.00909	1578.04399	1578.03944	1547.25638	1547.23438	
17.01924	1578.05401	1578.04817	1547.2664	1547.25184	
17.02938	1578.06347	1578.0569	1547.27586	1547.26056	
17.03948	1578.07235	1578.07435	1547.28474	1547.26929	
17.04968	1578.08078	1578.0918	1547.29317	1547.28674	
17.05983	1578.08861	1578.10053	1547.30101	1547.29547	
17.07001	1578.09594	1578.10926	1547.30833	1547.3042	
17.08016	1578.10273	1578.11798	1547.31513	1547.31292	
17.09061	1578.10914	1578.12671	1547.32153	1547.32165	
17.10189	1578.11541	1578.12671	1547.3278	1547.32165	
17.11185	1578.12048	1578.12671	1547.33287	1547.33038	
17.12193	1578.12513	1578.12671	1547.33753	1547.33038	
17.13209	1578.12933	1578.11798	1547.34172	1547.33038	
17.14236	1578.13309	1578.11798	1547.34548	1547.33038	
17.15236	1578.13631	1578.11798	1547.34871	1547.33038	
17.16257	1578.13915	1578.11798	1547.35154	1547.33038	
17.17265	1578.14154	1578.12671	1547.35393	1547.33038	
17.18276	1578.14354	1578.12671	1547.35593	1547.33038	
17.20348	1578.14994	1578.12671	1547.36234	1547.33038	
17.20814	1578.14994	1578.12671	1547.36234	1547.33038	
17.21827	1578.14994	1578.12671	1547.36234	1547.33038	
17.22841	1578.14994	1578.12671	1547.36234	1547.33038	
17.23852	1578.14994	1578.12671	1547.36234	1547.33038	
17.24888	1578.14994	1578.12671	1547.36234	1547.33038	
17.25912	1578.14994	1578.12671	1547.36234	1547.33038	
17.26923	1578.14994	1578.12671	1547.36234	1547.33038	
17.27937	1578.14994	1578.12671	1547.36234	1547.33038	
17.28948	1578.14994	1578.12671	1547.36234	1547.33038	
17.29968	1578.14994	1578.12671	1547.36234	1547.33038	
17.30989	1578.14994	1578.12671	1547.36234	1547.33038	
17.32004	1578.14994	1578.12671	1547.36234	1547.33038	
17.33021	1578.14994	1578.12671	1547.36234	1547.33038	
17.34034	1578.14994	1578.12671	1547.36234	1547.33038	
17.35071	1578.14994	1578.12671	1547.36234	1547.33038	
17.3606	1578.14994	1578.12671	1547.36234	1547.33038	
17.37082	1578.14994	1578.12671	1547.36234	1547.33038	
17.38089	1578.14994	1578.12671	1547.36234	1547.33038	
17.39102	1578.14994	1578.12671	1547.36234	1547.33038	
17.40125	1578.14994	1578.12671	1547.36234	1547.33038	
17.41147	1578.14994	1578.12671	1547.36234	1547.33038	
17.42178	1578.14994	1578.12671	1547.36234	1547.33038	
17.43167	1578.14994	1578.12671	1547.36234	1547.33038	
17.4532	1578.14994	1578.12671	1547.36234	1547.33038	
17.4578	1578.14994	1578.12671	1547.36234	1547.33038	
17.46795	1578.14994	1578.12671	1547.36234	1547.33038	
17.47812	1578.14994	1578.12671	1547.36234	1547.33038	
17.48829	1578.14994	1578.12671	1547.36234	1547.33038	
17.49838	1578.14994	1578.12671	1547.36234	1547.33038	
17.51145	1578.14994	1578.12671	1547.36234	1547.33038	
17.51871	1578.14994	1578.12671	1547.36234	1547.33038	
17.52889	1578.14994	1578.12671	1547.36234	1547.33038	
17.54014	1578.14994	1578.12671	1547.36234	1547.33038	
17.55065	1578.14994	1578.12671	1547.36234	1547.33038	
17.56048	1578.14994	1578.12671	1547.36234	1547.33038	
17.57045	1578.14994	1578.12671	1547.36234	1547.33038	
17.5806	1578.14994	1578.12671	1547.36234	1547.33038	
17.59072	1578.14994	1578.12671	1547.36234	1547.33038	
17.6009	1578.14994	1578.12671	1547.36234	1547.33038	
17.61395	1578.14994	1578.12671	1547.36234	1547.33038	
17.62118	1578.14994	1578.12671	1547.36234	1547.33038	
17.63135	1578.14994	1578.12671	1547.36234	1547.33038	
17.64941	1578.14994	1578.12671	1547.36234	1547.33038	
17.65393	1578.14994	1578.12671	1547.36234	1547.33038	
17.66418	1578.14994	1578.12671	1547.36234	1547.33038	
17.67429	1578.14994	1578.12671	1547.36234	1547.33038	
17.68446	1578.14994	1578.12671	1547.36234	1547.33038	
17.69462	1578.14994	1578.12671	1547.36234	1547.33038	
17.70473	1578.14994	1578.12671	1547.36234	1547.33038	
17.72573	1578.14994	1578.12671	1547.36234	1547.33038	
17.73039	1578.14994	1578.12671	1547.36234	1547.33038	
17.74051	1578.14994	1578.12671	1547.36234	1547.33038	
17.75062	1578.14994	1578.12671	1547.36234	1547.33038	
17.76089	1578.14994	1578.12671	1547.36234	1547.33038	
17.77102	1578.14994	1578.12671	1547.36234	1547.33038	
17.7811	1578.14994	1578.12671	1547.36234	1547.33038	
17.79124	1578.14994	1578.12671	1547.36234	1547.33038	
17.80151	1578.14994	1578.12671	1547.36234	1547.33038	
17.81201	1578.14994	1578.12671	1547.36234	1547.33038	
17.822	1578.14994	1578.12671	1547.36234	1547.33038	
17.83191	1578.14994	1578.12671	1547.36234	1547.33038	
17.84207	1578.14994	1578.12671	1547.36234	1547.33038	
17.86004	1578.14994	1578.12671	1547.36234	1547.33038	
17.86463	1578.14994	1578.12671	1547.36234	1547.33038	
17.88292	1578.14994	1578.12671	1547.36234	1547.33038	
17.8875	1578.14994	1578.12671	1547.36234	1547.33038	
17.89769	1578.14994	1578.12671	1547.36234	1547.33038	
17.90779	1578.14994	1578.12671	1547.36234	1547.33038	
17.92052	1578.14994	1578.12671	1547.36234	1547.33038	
17.92821	1578.14994	1578.12671	1547.36234	1547.33038	
17.93831	1578.14994	1578.12671	1547.36234	1547.33038	
17.94851	1578.14994	1578.12671	1547.36234	1547.33038	
17.9586	1578.14994	1578.12671	1547.36234	1547.33038	
17.96909	1578.14994	1578.12671	1547.36234	1547.33038	
17.97925	1578.14994	1578.12671	1547.36234	1547.33038	
17.98935	1578.14994	1578.12671	1547.36234	1547.33038	
17.99942	1578.14994	1578.12671	1547.36234	1547.33038	
18.0096	1578.14994	1578.12671	1547.36234	1547.33038	
18.02155	1578.14994	1578.12671	1547.36234	1547.33038	
18.02997	1578.14994	1578.12671	1547.36234	1547.33038	
18.04014	1578.14994	1578.12671	1547.36234	1547.33038	
18.05027	1578.14994	1578.12671	1547.36234	1547.33038	
18.06043	1578.14994	1578.12671	1547.36234	1547.33038	
18.0708	1578.14994	1578.12671	1547.36234	1547.33038	
18.08069	1578.14994	1578.12671	1547.36234	1547.33038	
18.0909	1578.14994	1578.12671	1547.36234	1547.33038	
18.10098	1578.14994	1578.12671	1547.36234	1547.33038	
18.1111	1578.14994	1578.12671	1547.36234	1547.33038	
18.12131	1578.14994	1578.12671	1547.36234	1547.33038	
18.13936	1578.14994	1578.12671	1547.36234	1547.33038	
18.14438	1578.14994	1578.12671	1547.36234	1547.33038	
18.15454	1578.14994	1578.12671	1547.36234	1547.33038	
18.16463	1578.14994	1578.12671	1547.36234	1547.33038	
18.17483	1578.14994	1578.12671	1547.36234	1547.33038	
18.18497	1578.14994	1578.12671	1547.36234	1547.33038	
18.1952	1578.14994	1578.12671	1547.36234	1547.33038	
18.2053	1578.14994	1578.12671	1547.36234	1547.33038	
18.21544	1578.14994	1578.12671	1547.36234	1547.33038	
18.22822	1578.14994	1578.12671	1547.36234	1547.33038	
18.23581	1578.14994	1578.12671	1547.36234	1547.33038	
18.2459	1578.14994	1578.12671	1547.36234	1547.33038	
18.25617	1578.14994	1578.12671	1547.36234	1547.33038	
18.26621	1578.14994	1578.12671	1547.36234	1547.33038	
18.27644	1578.14994	1578.12671	1547.36234	1547.33038	
18.28655	1578.14994	1578.12671	1547.36234	1547.33038	
18.29671	1578.14994	1578.12671	1547.36234	1547.33038	
18.30695	1578.14994	1578.12671	1547.36234	1547.33038	
18.31698	1578.14994	1578.12671	1547.36234	1547.33038	
18.32958	1578.14994	1578.12671	1547.36234	1547.33038	
18.33741	1578.14994	1578.12671	1547.36234	1547.33038	
18.34754	1578.14994	1578.12671	1547.36234	1547.33038	
18.35767	1578.14994	1578.12671	1547.36234	1547.33038	
18.3678	1578.14994	1578.12671	1547.36234	1547.33038	
18.37801	1578.14994	1578.12671	1547.36234	1547.33038	
18.3882	1578.14994	1578.12671	1547.36234	1547.33038	
18.3983	1578.14994	1578.12671	1547.36234	1547.33038	
18.40845	1578.14994	1578.12671	1547.36234	1547.33038	
18.41859	1578.14994	1578.12671	1547.36234	1547.33038	
18.42878	1578.14994	1578.12671	1547.36234	1547.33038	
18.43916	1578.14994	1578.12671	1547.36234	1547.33038	
18.44929	1578.14994	1578.12671	1547.36234	1547.33038	
18.45943	1578.14994	1578.12671	1547.36234	1547.33038	
18.4696	1578.14994	1578.12671	1547.36234	1547.33038	
18.47971	1578.14994	1578.12671	1547.36234	1547.33038	
18.4899	1578.14994	1578.12671	1547.36234	1547.33038	
18.5	1578.14994	1578.12671	1547.36234	1547.33038	
18.51017	1578.14994	1578.12671	1547.36234	1547.33038	
18.52061	1578.14994	1578.12671	1547.36234	1547.33038	
18.53072	1578.14994	1578.12671	1547.36234	1547.33038	
18.55063	1578.14994	1578.12671	1547.36234	1547.33038	
18.55524	1578.14994	1578.12671	1547.36234	1547.33038	
18.56534	1578.14994	1578.12671	1547.36234	1547.33038	
18.57551	1578.14994	1578.12671	1547.36234	1547.33038	
18.58573	1578.14994	1578.12671	1547.36234	1547.33038	
18.59586	1578.14994	1578.12671	1547.36234	1547.33038	
18.60598	1578.14994	1578.12671	1547.36234	1547.33038	
18.61615	1578.14994	1578.12671	1547.36234	1547.33038	
18.62628	1578.14994	1578.12671	1547.36234	1547.33038	
18.63885	1578.14994	1578.12671	1547.36234	1547.33038	
18.64664	1578.14994	1578.12671	1547.36234	1547.33038	
18.6568	1578.14994	1578.12671	1547.36234	1547.33038	
18.66703	1578.14994	1578.12671	1547.36234	1547.33038	
18.6771	1578.14994	1578.12671	1547.36234	1547.33038	
18.68729	1578.14994	1578.12671	1547.36234	1547.33038	
18.69746	1578.14994	1578.12671	1547.36234	1547.33038	
18.7076	1578.14994	1578.12671	1547.36234	1547.33038	
18.71774	1578.14994	1578.12671	1547.36234	1547.33038	
18.72785	1578.14994	1578.12671	1547.36234	1547.33038	
18.74017	1578.14994	1578.12671	1547.36234	1547.33038	
18.74824	1578.14994	1578.12671	1547.36234	1547.33038	
18.75837	1578.14994	1578.12671	1547.36234	1547.33038	
18.76851	1578.14994	1578.12671	1547.36234	1547.33038	
18.77864	1578.14994	1578.12671	1547.36234	1547.33038	
18.78876	1578.14994	1578.12671	1547.36234	1547.33038	
18.79899	1578.14994	1578.12671	1547.36234	1547.33038	
18.80912	1578.14994	1578.12671	1547.36234	1547.33038	
18.81929	1578.14994	1578.12671	1547.36234	1547.33038	
18.82946	1578.14994	1578.12671	1547.36234	1547.33038	
18.83954	1578.14994	1578.12671	1547.36234	1547.33038	
18.84981	1578.14994	1578.12671	1547.36234	1547.33038	
18.8599	1578.14994	1578.12671	1547.36234	1547.33038	
18.87002	1578.14994	1578.12671	1547.36234	1547.33038	
18.88018	1578.14994	1578.12671	1547.36234	1547.33038	
18.89074	1578.14994	1578.12671	1547.36234	1547.33038	
18.90052	1578.14994	1578.12671	1547.36234	1547.33038	
18.91063	1578.14994	1578.12671	1547.36234	1547.33038	
18.92077	1578.14994	1578.12671	1547.36234	1547.33038	
18.93097	1578.14994	1578.12671	1547.36234	1547.33038	
18.94106	1578.14994	1578.12671	1547.36234	1547.33038	
18.95154	1578.14994	1578.12671	1547.36234	1547.33038	
18.96167	1578.14994	1578.12671	1547.36234	1547.33038	
18.97174	1578.14994	1578.12671	1547.36234	1547.33038	
18.98187	1578.14994	1578.12671	1547.36234	1547.33038	
18.99224	1578.14994	1578.12671	1547.36234	1547.33038	
19.00219	1578.14994	1578.12671	1547.36234	1547.33038	
19.02026	1578.14994	1578.12671	1547.36234	1547.33038	
19.02482	1578.14994	1578.12671	1547.36234	1547.33038	
19.03503	1578.14994	1578.12671	1547.36234	1547.33038	
19.04514	1578.14994	1578.12671	1547.36234	1547.33038	
19.05534	1578.14994	1578.12671	1547.36234	1547.33038	
19.06555	1578.14994	1578.12671	1547.36234	1547.33038	
19.07567	1578.14994	1578.12671	1547.36234	1547.33038	
19.08576	1578.14994	1578.12671	1547.36234	1547.33038	
19.09597	1578.14994	1578.12671	1547.36234	1547.33038	
19.10611	1578.14994	1578.12671	1547.36234	1547.3391	
19.11631	1578.14994	1578.12671	1547.36234	1547.3391	
19.12642	1578.14994	1578.12671	1547.36234	1547.3391	
19.13654	1578.14994	1578.12671	1547.36234	1547.3391	
19.14677	1578.14994	1578.12671	1547.36234	1547.3391	
19.15696	1578.14994	1578.13544	1547.36234	1547.3391	
19.16709	1578.14994	1578.14416	1547.36234	1547.3391	
19.17725	1578.14994	1578.14416	1547.36234	1547.3391	
19.18742	1578.14994	1578.14416	1547.36234	1547.3391	
19.19781	1578.14994	1578.15289	1547.36234	1547.3391	
19.20775	1578.14994	1578.15289	1547.36234	1547.3391	
19.21791	1578.14994	1578.15289	1547.36234	1547.3391	
19.22808	1578.14994	1578.14416	1547.36234	1547.3391	
19.23821	1578.14994	1578.14416	1547.36234	1547.3391	
19.24835	1578.14994	1578.14416	1547.36234	1547.3391	
19.25862	1578.14994	1578.14416	1547.36234	1547.3391	
19.26871	1578.14994	1578.14416	1547.36234	1547.3391	
19.27885	1578.14994	1578.14416	1547.36234	1547.3391	
19.28903	1578.14994	1578.14416	1547.36234	1547.3391	
19.29952	1578.14994	1578.14416	1547.36234	1547.3391	
19.30933	1578.14994	1578.14416	1547.36234	1547.3391	
19.31948	1578.14994	1578.14416	1547.36234	1547.3391	
19.32964	1578.14994	1578.14416	1547.36234	1547.3391	
19.33975	1578.14994	1578.14416	1547.36234	1547.3391	
19.34986	1578.14994	1578.14416	1547.36234	1547.3391	
19.36047	1578.14994	1578.14416	1547.36234	1547.3391	
19.37036	1578.14994	1578.14416	1547.36234	1547.3391	
19.38053	1578.14994	1578.14416	1547.36234	1547.3391	
19.39057	1578.14994	1578.14416	1547.36234	1547.3391	
19.40085	1578.14994	1578.14416	1547.36234	1547.3391	
19.41097	1578.14994	1578.14416	1547.36234	1547.3391	
19.42104	1578.14994	1578.14416	1547.36234	1547.3391	
19.43115	1578.14994	1578.14416	1547.36234	1547.3391	
19.4426	1578.14994	1578.14416	1547.36234	1547.3391	
19.46156	1578.14994	1578.14416	1547.36234	1547.3391	
19.46618	1578.14994	1578.14416	1547.36234	1547.3391	
19.47638	1578.14994	1578.14416	1547.36234	1547.3391	
19.48647	1578.14994	1578.14416	1547.36234	1547.3391	
19.49659	1578.14994	1578.14416	1547.36234	1547.3391	
19.50683	1578.14994	1578.14416	1547.36234	1547.3391	
19.51694	1578.14994	1578.14416	1547.36234	1547.3391	
19.52708	1578.14994	1578.14416	1547.36234	1547.3391	
19.53725	1578.14994	1578.14416	1547.36234	1547.3391	
19.54743	1578.14994	1578.14416	1547.36234	1547.3391	
19.55755	1578.14994	1578.14416	1547.36234	1547.3391	
19.56814	1578.14994	1578.14416	1547.36234	1547.3391	
19.57787	1578.14994	1578.14416	1547.36234	1547.3391	
19.58803	1578.14994	1578.14416	1547.36234	1547.3391	
19.59815	1578.14994	1578.14416	1547.36234	1547.3391	
19.60827	1578.14994	1578.14416	1547.36234	1547.3391	
19.6185	1578.14994	1578.14416	1547.36234	1547.3391	
19.62866	1578.14994	1578.14416	1547.36234	1547.3391	
19.6388	1578.14994	1578.14416	1547.36234	1547.3391	
19.649	1578.14994	1578.14416	1547.36234	1547.3391	
19.65934	1578.14994	1578.14416	1547.36234	1547.3391	
19.66934	1578.14994	1578.14416	1547.36234	1547.3391	
19.67945	1578.14994	1578.14416	1547.36234	1547.3391	
19.68965	1578.14994	1578.14416	1547.36234	1547.3391	
19.69974	1578.14994	1578.14416	1547.36234	1547.3391	
19.70987	1578.14994	1578.14416	1547.36234	1547.3391	
19.72013	1578.14994	1578.14416	1547.36234	1547.3391	
19.73022	1578.14994	1578.14416	1547.36234	1547.3391	
19.74036	1578.14994	1578.14416	1547.36234	1547.3391	
19.75044	1578.14994	1578.14416	1547.36234	1547.3391	
19.76082	1578.14994	1578.14416	1547.36234	1547.3391	
19.77919	1578.14994	1578.14416	1547.36234	1547.3391	
19.78376	1578.14994	1578.14416	1547.36234	1547.3391	
19.79394	1578.14994	1578.14416	1547.36234	1547.3391	
19.80408	1578.14994	1578.14416	1547.36234	1547.3391	
19.81426	1578.14994	1578.14416	1547.36234	1547.3391	
19.82454	1578.14994	1578.14416	1547.36234	1547.3391	
19.83458	1578.14994	1578.14416	1547.36234	1547.3391	
19.84474	1578.14994	1578.14416	1547.36234	1547.3391	
19.85485	1578.14994	1578.14416	1547.36234	1547.3391	
19.86503	1578.14994	1578.14416	1547.36234	1547.3391	
19.87548	1578.14994	1578.14416	1547.36234	1547.3391	
19.88556	1578.14994	1578.14416	1547.36234	1547.3391	
19.89575	1578.14994	1578.14416	1547.36234	1547.3391	
19.90589	1578.14994	1578.14416	1547.36234	1547.3391	
19.91605	1578.14994	1578.14416	1547.36234	1547.3391	
19.92619	1578.14994	1578.14416	1547.36234	1547.3391	
19.93637	1578.14994	1578.14416	1547.36234	1547.3391	
19.94654	1578.14994	1578.14416	1547.36234	1547.3391	
19.95666	1578.14994	1578.14416	1547.36234	1547.3391	
19.96686	1578.14994	1578.14416	1547.36234	1547.3391	
19.97733	1578.14994	1578.14416	1547.36234	1547.3391	
19.98747	1578.14994	1578.14416	1547.36234	1547.3391	
19.99754	1578.14994	1578.14416	1547.36234	1547.3391	
20.00772	1578.14994	1578.14416	1547.36234	1547.3391	
20.01788	1578.14994	1578.14416	1547.36234	1547.3391	
20.02804	1578.14994	1578.14416	1547.36234	1547.3391	
20.0382	1578.14994	1578.14416	1547.36234	1547.3391	
20.04833	1578.14994	1578.14416	1547.36234	1547.3391	
20.05852	1578.14994	1578.14416	1547.36234	1547.3391	
20.06863	1578.14994	1578.14416	1547.36234	1547.3391	
20.0791	1578.14994	1578.14416	1547.36234	1547.3391	
20.08917	1578.14994	1578.14416	1547.36234	1547.3391	
20.09936	1578.14994	1578.14416	1547.36234	1547.3391	
20.10946	1578.14994	1578.14416	1547.36234	1547.3391	
20.11955	1578.14994	1578.14416	1547.36234	1547.3391	
20.12979	1578.14994	1578.14416	1547.36234	1547.3391	
20.13991	1578.14994	1578.14416	1547.36234	1547.3391	
20.1501	1578.14994	1578.14416	1547.36234	1547.3391	
20.16019	1578.14994	1578.14416	1547.36234	1547.3391	
20.17066	1578.14994	1578.14416	1547.36234	1547.3391	
20.182	1578.14994	1578.14416	1547.36234	1547.3391	
20.19188	1578.14994	1578.14416	1547.36234	1547.3391	
20.20202	1578.14994	1578.14416	1547.36234	1547.3391	
20.21213	1578.14994	1578.14416	1547.36234	1547.3391	
20.22239	1578.14994	1578.14416	1547.36234	1547.3391	
20.23247	1578.14994	1578.14416	1547.36234	1547.3391	
20.24258	1578.14994	1578.14416	1547.36234	1547.3391	
20.25275	1578.14994	1578.14416	1547.36234	1547.3391	
20.2629	1578.14994	1578.14416	1547.36234	1547.3391	
20.28326	1578.14994	1578.14416	1547.36234	1547.3391	
20.28808	1578.14994	1578.14416	1547.36234	1547.3391	
20.29809	1578.14994	1578.14416	1547.36234	1547.3391	
20.30825	1578.14994	1578.14416	1547.36234	1547.3391	
20.31837	1578.14994	1578.14416	1547.36234	1547.3391	
20.32864	1578.14994	1578.14416	1547.36234	1547.3391	
20.33878	1578.14994	1578.14416	1547.36234	1547.3391	
20.349	1578.14994	1578.14416	1547.36234	1547.3391	
20.3591	1578.14994	1578.14416	1547.36234	1547.3391	
20.36944	1578.14994	1578.14416	1547.36234	1547.3391	
20.37944	1578.14994	1578.14416	1547.36234	1547.3391	
20.3901	1578.14994	1578.14416	1547.36234	1547.3391	
20.39991	1578.14994	1578.14416	1547.36234	1547.3391	
20.41001	1578.14994	1578.14416	1547.36234	1547.3391	
20.4201	1578.14994	1578.14416	1547.36234	1547.3391	
20.43059	1578.14994	1578.14416	1547.36234	1547.3391	
20.44034	1578.14994	1578.14416	1547.36234	1547.3391	
20.4585	1578.14994	1578.14416	1547.36234	1547.3391	
20.46312	1578.14994	1578.14416	1547.36234	1547.3391	
20.47327	1578.14994	1578.14416	1547.36234	1547.3391	
20.48635	1578.14994	1578.14416	1547.36234	1547.3391	
20.49383	1578.14994	1578.14416	1547.36234	1547.3391	
20.50398	1578.14994	1578.14416	1547.36234	1547.3391	
20.51413	1578.14994	1578.14416	1547.36234	1547.3391	
20.52427	1578.14994	1578.14416	1547.36234	1547.3391	
20.53444	1578.14994	1578.14416	1547.36234	1547.3391	
20.54671	1578.14994	1578.14416	1547.36234	1547.3391	
20.55473	1578.14994	1578.14416	1547.36234	1547.3391	
20.56485	1578.14994	1578.14416	1547.36234	1547.3391	
20.57498	1578.14994	1578.14416	1547.36234	1547.3391	
20.58516	1578.14994	1578.14416	1547.36234	1547.3391	
20.59541	1578.14994	1578.14416	1547.36234	1547.3391	
20.60552	1578.14994	1578.14416	1547.36234	1547.3391	
20.61566	1578.14994	1578.14416	1547.36234	1547.3391	
20.62582	1578.14994	1578.14416	1547.36234	1547.3391	
20.63599	1578.14994	1578.14416	1547.36234	1547.3391	
20.64612	1578.14994	1578.14416	1547.36234	1547.3391	
20.65629	1578.14994	1578.14416	1547.36234	1547.3391	
20.66649	1578.14994	1578.14416	1547.36234	1547.3391	
20.67668	1578.14994	1578.14416	1547.36234	1547.3391	
20.68682	1578.14994	1578.14416	1547.36234	1547.3391	
20.69725	1578.14994	1578.14416	1547.36234	1547.3391	
20.70739	1578.14994	1578.14416	1547.36234	1547.3391	
20.71733	1578.14994	1578.14416	1547.36234	1547.3391	
20.72748	1578.14994	1578.14416	1547.36234	1547.3391	
20.73762	1578.14994	1578.14416	1547.36234	1547.3391	
20.74775	1578.14994	1578.14416	1547.36234	1547.3391	
20.75792	1578.14994	1578.14416	1547.36234	1547.3391	
20.76811	1578.14994	1578.14416	1547.36234	1547.3391	
20.77826	1578.14994	1578.14416	1547.36234	1547.3391	
20.78837	1578.14994	1578.14416	1547.36234	1547.3391	
20.79891	1578.14994	1578.14416	1547.36234	1547.3391	
20.80876	1578.14994	1578.14416	1547.36234	1547.3391	
20.81891	1578.14994	1578.14416	1547.36234	1547.3391	
20.82906	1578.14994	1578.14416	1547.36234	1547.3391	
20.83936	1578.14994	1578.14416	1547.36234	1547.3391	
20.84936	1578.14994	1578.14416	1547.36234	1547.3391	
20.85954	1578.14994	1578.14416	1547.36234	1547.3391	
20.86969	1578.14994	1578.14416	1547.36234	1547.3391	
20.87981	1578.14994	1578.14416	1547.36234	1547.3391	
20.88994	1578.14994	1578.14416	1547.36234	1547.3391	
20.90129	1578.14994	1578.14416	1547.36234	1547.3391	
20.91116	1578.14994	1578.14416	1547.36234	1547.3391	
20.92132	1578.14994	1578.14416	1547.36234	1547.3391	
20.93156	1578.14994	1578.14416	1547.36234	1547.3391	
20.94208	1578.14994	1578.14416	1547.36234	1547.3391	
20.95175	1578.14994	1578.14416	1547.36234	1547.34783	
20.9621	1578.14994	1578.14416	1547.36234	1547.34783	
20.97225	1578.14994	1578.14416	1547.36234	1547.3391	
20.98233	1578.14994	1578.14416	1547.36234	1547.3391	
20.99249	1578.14994	1578.14416	1547.36234	1547.3391	
21.01096	1578.14994	1578.14416	1547.36234	1547.3391	
21.01556	1578.14994	1578.14416	1547.36234	1547.3391	
21.02579	1578.14994	1578.14416	1547.36234	1547.3391	
21.03586	1578.14994	1578.14416	1547.36234	1547.3391	
21.04607	1578.14994	1578.14416	1547.36234	1547.3391	
21.05621	1578.14994	1578.14416	1547.36234	1547.3391	
21.06639	1578.14994	1578.14416	1547.36234	1547.3391	
21.08446	1578.14994	1578.14416	1547.36234	1547.3391	
21.08917	1578.14994	1578.14416	1547.36234	1547.3391	
21.09928	1578.14994	1578.14416	1547.36234	1547.3391	
21.10934	1578.14994	1578.14416	1547.36234	1547.3391	
21.1195	1578.14994	1578.14416	1547.36234	1547.3391	
21.12964	1578.14994	1578.14416	1547.36234	1547.34783	
21.13982	1578.14994	1578.14416	1547.36234	1547.34783	
21.14993	1578.14994	1578.14416	1547.36234	1547.34783	
21.16013	1578.14994	1578.14416	1547.36234	1547.34783	
21.17024	1578.14994	1578.14416	1547.36234	1547.34783	
21.18041	1578.14994	1578.14416	1547.36234	1547.34783	
21.19054	1578.14994	1578.14416	1547.36234	1547.34783	
21.20069	1578.14994	1578.14416	1547.36234	1547.34783	
21.21082	1578.14994	1578.14416	1547.36234	1547.34783	
21.22133	1578.14994	1578.14416	1547.36234	1547.34783	
21.23109	1578.14994	1578.14416	1547.36234	1547.34783	
21.24125	1578.14994	1578.14416	1547.36234	1547.34783	
21.25149	1578.14994	1578.14416	1547.36234	1547.34783	
21.26162	1578.14994	1578.14416	1547.36234	1547.34783	
21.27172	1578.14994	1578.14416	1547.36234	1547.34783	
21.28188	1578.14994	1578.14416	1547.36234	1547.34783	
21.29202	1578.14994	1578.14416	1547.36234	1547.34783	
21.30217	1578.14994	1578.14416	1547.36234	1547.34783	
21.31232	1578.14994	1578.14416	1547.36234	1547.34783	
21.32245	1578.14994	1578.14416	1547.36234	1547.34783	
21.33265	1578.14994	1578.14416	1547.36234	1547.34783	
21.34275	1578.14994	1578.14416	1547.36234	1547.34783	
21.35289	1578.14994	1578.14416	1547.36234	1547.34783	
21.36317	1578.14994	1578.14416	1547.36234	1547.34783	
21.37321	1578.14994	1578.14416	1547.36234	1547.34783	
21.38336	1578.14994	1578.14416	1547.36234	1547.34783	
21.39356	1578.14994	1578.14416	1547.36234	1547.34783	
21.40371	1578.14994	1578.14416	1547.36234	1547.34783	
21.41388	1578.14994	1578.14416	1547.36234	1547.34783	
21.42403	1578.14994	1578.14416	1547.36234	1547.34783	
21.43416	1578.14994	1578.14416	1547.36234	1547.34783	
21.45446	1578.14994	1578.14416	1547.36234	1547.34783	
21.45911	1578.14994	1578.14416	1547.36234	1547.34783	
21.46921	1578.14994	1578.14416	1547.36234	1547.3391	
21.47936	1578.14994	1578.14416	1547.36234	1547.3391	
21.4895	1578.14994	1578.14416	1547.36234	1547.34783	
21.49963	1578.14994	1578.14416	1547.36234	1547.34783	
21.50985	1578.14994	1578.14416	1547.36234	1547.34783	
21.51994	1578.14994	1578.14416	1547.36234	1547.34783	
21.53016	1578.14994	1578.14416	1547.36234	1547.34783	
21.54026	1578.14994	1578.14416	1547.36234	1547.34783	
21.55088	1578.14994	1578.14416	1547.36234	1547.34783	
21.56097	1578.14994	1578.14416	1547.36234	1547.34783	
21.57117	1578.14994	1578.14416	1547.36234	1547.34783	
21.58127	1578.14994	1578.14416	1547.36234	1547.34783	
21.59148	1578.14994	1578.14416	1547.36234	1547.34783	
21.60213	1578.14994	1578.14416	1547.36234	1547.34783	
21.61176	1578.14994	1578.14416	1547.36234	1547.34783	
21.6219	1578.14994	1578.14416	1547.36234	1547.34783	
21.63202	1578.14994	1578.14416	1547.36234	1547.34783	
21.64219	1578.14994	1578.14416	1547.36234	1547.34783	
21.65232	1578.14994	1578.14416	1547.36234	1547.34783	
21.66247	1578.14994	1578.14416	1547.36234	1547.34783	
21.67265	1578.14994	1578.14416	1547.36234	1547.34783	
21.68276	1578.14994	1578.14416	1547.36234	1547.34783	
21.69298	1578.14994	1578.14416	1547.36234	1547.34783	
21.70316	1578.14994	1578.14416	1547.36234	1547.34783	
21.7133	1578.14994	1578.14416	1547.36234	1547.34783	
21.72351	1578.14994	1578.14416	1547.36234	1547.34783	
21.73363	1578.14994	1578.14416	1547.36234	1547.34783	
21.74375	1578.14994	1578.14416	1547.36234	1547.34783	
21.75395	1578.14994	1578.14416	1547.36234	1547.34783	
21.76409	1578.14994	1578.14416	1547.36234	1547.34783	
21.77425	1578.14994	1578.14416	1547.36234	1547.34783	
21.78436	1578.14994	1578.14416	1547.36234	1547.34783	
21.79456	1578.14994	1578.14416	1547.36234	1547.34783	
21.80476	1578.14994	1578.14416	1547.36234	1547.34783	
21.81488	1578.14994	1578.14416	1547.36234	1547.34783	
21.82505	1578.14994	1578.14416	1547.36234	1547.34783	
21.83528	1578.14994	1578.14416	1547.36234	1547.34783	
21.84537	1578.14994	1578.14416	1547.36234	1547.34783	
21.85552	1578.14994	1578.14416	1547.36234	1547.34783	
21.86568	1578.14994	1578.14416	1547.36234	1547.34783	
21.87584	1578.14994	1578.14416	1547.36234	1547.34783	
21.88596	1578.14994	1578.14416	1547.36234	1547.34783	
21.89613	1578.14994	1578.14416	1547.36234	1547.34783	
21.90629	1578.14994	1578.14416	1547.36234	1547.34783	
21.91646	1578.14994	1578.14416	1547.36234	1547.34783	
21.9266	1578.14994	1578.14416	1547.36234	1547.34783	
21.93678	1578.14994	1578.14416	1547.36234	1547.34783	
21.94692	1578.14994	1578.14416	1547.36234	1547.34783	
21.95706	1578.14994	1578.14416	1547.36234	1547.34783	
21.96721	1578.14994	1578.14416	1547.36234	1547.34783	
21.97758	1578.14994	1578.14416	1547.36234	1547.34783	
21.98762	1578.14994	1578.14416	1547.36234	1547.34783	
21.99766	1578.14994	1578.14416	1547.36234	1547.34783	
22.00784	1578.14994	1578.14416	1547.36234	1547.34783	
22.01806	1578.14994	1578.14416	1547.36234	1547.34783	
22.02816	1578.14994	1578.14416	1547.36234	1547.34783	
22.0383	1578.14994	1578.14416	1547.36234	1547.34783	
22.04846	1578.14994	1578.14416	1547.36234	1547.34783	
22.05861	1578.14994	1578.14416	1547.36234	1547.34783	
22.06889	1578.14994	1578.14416	1547.36234	1547.34783	
22.07902	1578.14994	1578.14416	1547.36234	1547.34783	
22.08917	1578.14994	1578.14416	1547.36234	1547.34783	
22.09947	1578.14994	1578.14416	1547.36234	1547.34783	
22.10948	1578.14994	1578.14416	1547.36234	1547.34783	
22.11963	1578.14994	1578.14416	1547.36234	1547.34783	
22.12981	1578.14994	1578.14416	1547.36234	1547.34783	
22.13993	1578.14994	1578.14416	1547.36234	1547.34783	
22.15012	1578.14994	1578.14416	1547.36234	1547.34783	
22.16022	1578.14994	1578.14416	1547.36234	1547.34783	
22.1704	1578.14994	1578.14416	1547.36234	1547.34783	
22.18053	1578.14994	1578.14416	1547.36234	1547.34783	
22.19066	1578.14994	1578.14416	1547.36234	1547.34783	
22.20083	1578.14994	1578.14416	1547.36234	1547.34783	
22.21096	1578.14994	1578.14416	1547.36234	1547.34783	
22.2211	1578.14994	1578.14416	1547.36234	1547.34783	
22.23128	1578.14994	1578.14416	1547.36234	1547.34783	
22.24146	1578.14994	1578.14416	1547.36234	1547.34783	
22.25164	1578.14994	1578.14416	1547.36234	1547.34783	
22.26169	1578.14994	1578.14416	1547.36234	1547.34783	
22.27184	1578.14994	1578.14416	1547.36234	1547.34783	
22.28201	1578.14994	1578.14416	1547.36234	1547.34783	
22.29213	1578.14994	1578.14416	1547.36234	1547.34783	
22.30228	1578.14994	1578.14416	1547.36234	1547.34783	
22.31242	1578.14994	1578.14416	1547.36234	1547.34783	
22.3226	1578.14994	1578.14416	1547.36234	1547.34783	
22.3328	1578.14994	1578.14416	1547.36234	1547.34783	
22.34292	1578.14994	1578.14416	1547.36234	1547.34783	
22.35309	1578.14994	1578.14416	1547.36234	1547.34783	
22.36326	1578.14994	1578.14416	1547.36234	1547.34783	
22.37336	1578.14994	1578.14416	1547.36234	1547.34783	
22.38352	1578.14994	1578.14416	1547.36234	1547.34783	
22.39367	1578.14994	1578.14416	1547.36234	1547.34783	
22.40383	1578.14994	1578.14416	1547.36234	1547.34783	
22.41399	1578.14994	1578.14416	1547.36234	1547.3391	
22.42414	1578.14994	1578.14416	1547.36234	1547.3391	
22.43431	1578.14994	1578.14416	1547.36234	1547.34783	
22.44448	1578.14994	1578.14416	1547.36234	1547.34783	
22.45464	1578.14994	1578.14416	1547.36234	1547.34783	
22.46477	1578.14994	1578.14416	1547.36234	1547.3391	
22.47494	1578.14994	1578.14416	1547.36234	1547.3391	
22.4851	1578.14994	1578.14416	1547.36234	1547.34783	
22.49524	1578.14994	1578.14416	1547.36234	1547.34783	
22.50543	1578.14994	1578.14416	1547.36234	1547.34783	
22.51562	1578.14994	1578.14416	1547.36234	1547.34783	
22.52579	1578.14994	1578.14416	1547.36234	1547.34783	
22.53588	1578.14994	1578.14416	1547.36234	1547.34783	
22.54643	1578.14994	1578.14416	1547.36234	1547.34783	
22.55619	1578.14994	1578.14416	1547.36234	1547.34783	
22.56633	1578.14994	1578.14416	1547.36234	1547.34783	
22.57646	1578.14994	1578.14416	1547.36234	1547.34783	
22.58667	1578.14994	1578.14416	1547.36234	1547.34783	
22.59682	1578.14994	1578.14416	1547.36234	1547.34783	
22.60698	1578.14994	1578.14416	1547.36234	1547.34783	
22.61712	1578.14994	1578.14416	1547.36234	1547.34783	
22.62737	1578.14994	1578.14416	1547.36234	1547.34783	
22.63746	1578.14994	1578.14416	1547.36234	1547.34783	
22.64762	1578.14994	1578.14416	1547.36234	1547.34783	
22.65779	1578.14994	1578.14416	1547.36234	1547.34783	
22.66795	1578.14994	1578.14416	1547.36234	1547.34783	
22.6781	1578.14994	1578.14416	1547.36234	1547.34783	
22.68824	1578.14994	1578.14416	1547.36234	1547.34783	
22.69841	1578.14994	1578.14416	1547.36234	1547.34783	
22.70858	1578.14994	1578.14416	1547.36234	1547.34783	
22.71872	1578.14994	1578.14416	1547.36234	1547.34783	
22.72889	1578.14994	1578.14416	1547.36234	1547.34783	
22.73904	1578.14994	1578.14416	1547.36234	1547.34783	
22.74916	1578.14994	1578.14416	1547.36234	1547.34783	
22.75934	1578.14994	1578.14416	1547.36234	1547.34783	
22.76947	1578.14994	1578.14416	1547.36234	1547.34783	
22.77968	1578.14994	1578.14416	1547.36234	1547.34783	
22.78972	1578.14994	1578.14416	1547.36234	1547.34783	
22.79991	1578.14994	1578.14416	1547.36234	1547.34783	
22.81014	1578.14994	1578.14416	1547.36234	1547.34783	
22.82022	1578.14994	1578.14416	1547.36234	1547.34783	
22.83037	1578.14994	1578.14416	1547.36234	1547.34783	
22.84051	1578.14994	1578.14416	1547.36234	1547.34783	
22.8507	1578.14994	1578.14416	1547.36234	1547.34783	
22.86088	1578.14994	1578.14416	1547.36234	1547.34783	
22.87103	1578.14994	1578.14416	1547.36234	1547.34783	
22.88114	1578.14994	1578.14416	1547.36234	1547.34783	
22.89134	1578.14994	1578.14416	1547.36234	1547.34783	
22.90147	1578.14994	1578.14416	1547.36234	1547.34783	
22.91161	1578.14994	1578.14416	1547.36234	1547.34783	
22.92171	1578.14994	1578.14416	1547.36234	1547.34783	
22.93188	1578.14994	1578.14416	1547.36234	1547.34783	
22.94198	1578.14994	1578.14416	1547.36234	1547.34783	
22.95214	1578.14994	1578.14416	1547.36234	1547.34783	
22.96232	1578.14994	1578.14416	1547.36234	1547.34783	
22.97242	1578.14994	1578.14416	1547.36234	1547.34783	
22.98285	1578.14994	1578.14416	1547.36234	1547.34783	
22.99271	1578.14994	1578.14416	1547.36234	1547.34783	
23.00292	1578.14994	1578.14416	1547.36234	1547.34783	
23.01312	1578.14994	1578.14416	1547.36234	1547.34783	
23.02322	1578.14994	1578.14416	1547.36234	1547.34783	
23.03338	1578.14994	1578.14416	1547.36234	1547.34783	
23.04353	1578.14994	1578.14416	1547.36234	1547.34783	
23.0537	1578.14994	1578.14416	1547.36234	1547.34783	
23.06388	1578.14994	1578.14416	1547.36234	1547.34783	
23.07407	1578.14994	1578.14416	1547.36234	1547.34783	
23.08417	1578.14994	1578.14416	1547.36234	1547.34783	
23.09434	1578.14994	1578.14416	1547.36234	1547.34783	
23.10451	1578.14994	1578.14416	1547.36234	1547.34783	
23.1147	1578.14994	1578.14416	1547.36234	1547.34783	
23.12491	1578.14994	1578.14416	1547.36234	1547.34783	
23.13502	1578.14994	1578.14416	1547.36234	1547.34783	
23.14518	1578.14994	1578.14416	1547.36234	1547.34783	
23.15543	1578.14994	1578.14416	1547.36234	1547.34783	
23.16553	1578.14994	1578.14416	1547.36234	1547.34783	
23.17566	1578.14994	1578.14416	1547.36234	1547.34783	
23.18581	1578.14994	1578.14416	1547.36234	1547.34783	
23.19598	1578.14994	1578.14416	1547.36234	1547.34783	
23.21366	1578.14994	1578.14416	1547.36234	1547.34783	
23.22386	1578.14994	1578.14416	1547.36234	1547.34783	
