3.847403	
3.852387	
3.86246	
3.872584	
3.882749	
3.893188	
3.903022	
3.913185	
3.923295	
3.933439	
3.943596	
3.953846	
3.963929	
3.974089	
3.9842	
3.99433	
4.004448	
4.014572	
4.024699	
4.034851	
4.044998	
4.055435	
4.065385	
4.075513	
4.085696	
4.095795	
4.105943	
4.116147	
4.126244	
4.136406	
4.146593	
4.156711	
4.176893	
4.181304	
4.19138	
4.201616	
4.21189	
4.221947	
4.232095	
4.242167	
4.252376	
4.262501	
4.27273	
4.282828	
4.292978	
4.303089	
4.313266	
4.323373	
4.333748	
4.343684	
4.353859	
4.36419	
4.374376	
4.384303	
4.394475	
4.404566	
4.414698	
4.424847	
4.43494	
4.445258	
4.455266	
4.465404	
4.475884	
4.485699	
4.495879	
4.50603	
4.516235	
4.52631	
4.536485	
4.546649	
4.556805	
4.566962	
4.577116	
4.587301	
4.597499	
4.607619	
4.617767	
4.627994	
4.638049	
4.648208	
4.658555	
4.66851	
4.678858	
4.688998	
4.699146	
4.709367	
4.719425	
4.729601	
4.739755	
4.749893	
4.76002	
4.770178	
4.780321	
4.798676	
4.803089	
4.813225	
4.823338	
4.833496	
4.843647	
4.853772	
4.863908	
4.882005	
4.88642	
4.89659	
4.906769	
4.916897	
4.927037	
4.937216	
4.947417	
4.957573	
4.967742	
4.977888	
4.988065	
4.998205	
5.008361	
5.018547	
5.028653	
5.038794	
5.048937	
5.059078	
5.069263	
5.080567	
5.089601	
5.099898	
5.109858	
5.119976	
5.13017	
5.140335	
5.150442	
5.160617	
5.17204	
5.181092	
5.201371	
5.205918	
5.216094	
5.234275	
5.238624	
5.248825	
5.258968	
5.269132	
5.279274	
5.289386	
5.299593	
5.309896	
5.319866	
5.33002	
5.34018	
5.350328	
5.360455	
5.370639	
5.380783	
5.390905	
5.401049	
5.411204	
5.421443	
5.431461	
5.441654	
5.451849	
5.461944	
5.472087	
5.482218	
5.492349	
5.502509	
5.512694	
5.522851	
5.532963	
5.543085	
5.553212	
5.563359	
5.573594	
5.583694	
5.59383	
5.604114	
5.614183	
5.632452	
5.636841	
5.646988	
5.65712	
5.667289	
5.677561	
5.687617	
5.69777	
5.707989	
5.718067	
5.728258	
5.73835	
5.748527	
5.763105	1458.12851	1458.1266	1427.33218	1427.33026	
5.772945	1458.13024	1458.1266	1427.33391	1427.33026	
5.783056	1458.13264	1458.1266	1427.33631	1427.33026	
5.793171	1458.13566	1458.1266	1427.33933	1427.33026	
5.803426	1458.13936	1458.1266	1427.34302	1427.33899	
5.813602	1458.14364	1458.13532	1427.3473	1427.33899	
5.823682	1458.14849	1458.13532	1427.35215	1427.33899	
5.833934	1458.15406	1458.13532	1427.35772	1427.33899	
5.852029	1458.16628	1458.13532	1427.36994	1427.33899	
5.856623	1458.16932	1458.13532	1427.37299	1427.33899	
5.867037	1458.17705	1458.13532	1427.38072	1427.33899	
5.876959	1458.18499	1458.13532	1427.38866	1427.33899	
5.887136	1458.19376	1458.14405	1427.39743	1427.33899	
5.89724	1458.20309	1458.15278	1427.40675	1427.34772	
5.907457	1458.21314	1458.15278	1427.41681	1427.34772	
5.917654	1458.2238	1458.1615	1427.42747	1427.35644	
5.927773	1458.23499	1458.17023	1427.43866	1427.36517	
5.938262	1458.24727	1458.18768	1427.45093	1427.38262	
5.948133	1458.25938	1458.19641	1427.46304	1427.40008	
5.958267	1458.27244	1458.21386	1427.4761	1427.41753	
5.968618	1458.28644	1458.23132	1427.49011	1427.43498	
5.978667	1458.30061	1458.24877	1427.50427	1427.46116	
5.988708	1458.31538	1458.27495	1427.51905	1427.47862	
5.998903	1458.33101	1458.2924	1427.53467	1427.5048	
6.009022	1458.34713	1458.30986	1427.55079	1427.53098	
6.019198	1458.36397	1458.34476	1427.56764	1427.55716	
6.029393	1458.38146	1458.36222	1427.58513	1427.57461	
6.039515	1458.39944	1458.3884	1427.6031	1427.60079	
6.049701	1458.41815	1458.41458	1427.62182	1427.62697	
6.059791	1458.4373	1458.43203	1427.64097	1427.64442	
6.071154	1458.4597	1458.45821	1427.66337	1427.6706	
6.081055	1458.47974	1458.47566	1427.6834	1427.68805	
6.091201	1458.50091	1458.50184	1427.70457	1427.70551	
6.101442	1458.5229	1458.5193	1427.72657	1427.72296	
6.1115	1458.54592	1458.53675	1427.74958	1427.74041	
6.121695	1458.56825	1458.5542	1427.77192	1427.74914	
6.131906	1458.59206	1458.57166	1427.79572	1427.76659	
6.142022	1458.61624	1458.58911	1427.81991	1427.78405	
6.15218	1458.64115	1458.59784	1427.84482	1427.8015	
6.162296	1458.66659	1458.61529	1427.87026	1427.81895	
6.176685	1458.70418	1458.64147	1427.90784	1427.85386	
6.186446	1458.7301	1458.65892	1427.93377	1427.87131	
6.196585	1458.75766	1458.67638	1427.96133	1427.89749	
6.206712	1458.78581	1458.71128	1427.98948	1427.92367	
6.216922	1458.81482	1458.73746	1428.01849	1427.95858	
6.227081	1458.84429	1458.77237	1428.04796	1427.99349	
6.237196	1458.87426	1458.80728	1428.07792	1428.02839	
6.24735	1458.90496	1458.85091	1428.10863	1428.0633	
6.257508	1458.9364	1458.89454	1428.14006	1428.09821	
6.267701	1458.96835	1458.93818	1428.17202	1428.14184	
6.279344	1459.00586	1458.99053	1428.20953	1428.18547	
6.289212	1459.03815	1459.02544	1428.24181	1428.22911	
6.299393	1459.07212	1459.06907	1428.27578	1428.27274	
6.30957	1459.10667	1459.11271	1428.31033	1428.30765	
6.31965	1459.14153	1459.15634	1428.34519	1428.34255	
6.32982	1459.17731	1459.19997	1428.38097	1428.38619	
6.340067	1459.21399	1459.23488	1428.41766	1428.42109	
6.350142	1459.25068	1459.26979	1428.45434	1428.456	
6.360302	1459.28826	1459.30469	1428.49193	1428.49091	
6.370412	1459.32631	1459.3396	1428.52997	1428.52581	
6.382009	1459.37081	1459.38323	1428.57448	1428.56945	
6.391899	1459.40926	1459.40941	1428.61292	1428.59563	
6.402021	1459.44927	1459.44432	1428.65293	1428.63053	
6.412235	1459.49023	1459.4705	1428.69389	1428.66544	
6.422306	1459.53127	1459.50541	1428.73493	1428.69162	
6.432482	1459.57332	1459.53159	1428.77698	1428.72653	
6.442753	1459.61642	1459.56649	1428.82008	1428.77016	
6.452787	1459.65913	1459.6014	1428.86279	1428.81379	
6.46295	1459.70299	1459.63631	1428.90666	1428.8487	
6.473355	1459.74858	1459.67121	1428.95224	1428.89233	
6.484656	1459.79891	1459.71485	1429.00258	1428.93597	
6.494495	1459.84319	1459.75848	1429.04685	1428.98833	
6.504638	1459.88952	1459.81084	1429.09319	1429.04068	
6.514787	1459.9365	1459.8632	1429.14017	1429.09304	
6.524915	1459.98399	1459.91556	1429.18766	1429.1454	
6.535082	1460.03226	1459.96792	1429.23593	1429.19776	
6.54521	1460.08097	1460.02901	1429.28464	1429.25012	
6.555397	1460.13062	1460.09009	1429.33428	1429.31121	
6.573477	1460.22112	1460.19481	1429.42479	1429.4072	
6.578064	1460.24399	1460.22099	1429.44765	1429.43338	
6.596529	1460.33898	1460.32571	1429.54265	1429.52938	
6.601123	1460.36252	1460.35189	1429.56618	1429.55556	
6.611264	1460.41533	1460.40425	1429.61899	1429.60792	
6.621432	1460.46891	1460.46534	1429.67258	1429.669	
6.631644	1460.52332	1460.5177	1429.72699	1429.72136	
6.641725	1460.57764	1460.56133	1429.7813	1429.77372	
6.651872	1460.63294	1460.61369	1429.8366	1429.82608	
6.66221	1460.68995	1460.66605	1429.89361	1429.87844	
6.672146	1460.74533	1460.71841	1429.949	1429.9308	
6.682331	1460.8027	1460.77077	1430.00636	1429.98316	
6.692562	1460.86098	1460.82313	1430.06464	1430.03552	
6.70275	1460.91958	1460.87549	1430.12325	1430.08788	
6.712844	1460.97829	1460.92785	1430.18196	1430.14024	
6.722983	1461.03788	1460.98021	1430.24155	1430.1926	
6.733366	1461.09958	1461.03257	1430.30325	1430.24496	
6.743232	1461.15873	1461.09366	1430.36239	1430.30605	
6.753373	1461.22017	1461.15474	1430.42383	1430.36714	
6.763544	1461.28242	1461.21583	1430.48609	1430.42822	
6.773754	1461.34558	1461.27692	1430.54924	1430.49803	
6.783866	1461.40871	1461.34673	1430.61237	1430.56785	
6.7942	1461.47387	1461.40782	1430.67754	1430.63766	
6.804318	1461.53825	1461.47763	1430.74192	1430.70747	
6.81441	1461.60309	1461.54744	1430.80675	1430.77729	
6.824493	1461.66849	1461.61726	1430.87215	1430.85583	
6.834922	1461.73682	1461.68707	1430.94048	1430.92564	
6.844806	1461.80209	1461.75688	1431.00576	1430.99545	
6.854965	1461.86985	1461.82669	1431.07352	1431.06527	
6.865096	1461.93804	1461.90523	1431.14171	1431.13508	
6.875224	1462.00682	1461.97505	1431.21048	1431.20489	
6.885416	1462.07666	1462.04486	1431.28033	1431.27471	
6.895633	1462.14729	1462.11467	1431.35096	1431.34452	
6.905775	1462.21802	1462.18449	1431.42169	1431.41433	
6.915934	1462.28946	1462.2543	1431.49313	1431.48415	
6.926064	1462.36135	1462.32411	1431.56501	1431.54523	
6.93626	1462.43431	1462.39393	1431.63798	1431.61505	
6.946409	1462.50758	1462.46374	1431.71125	1431.68486	
6.95658	1462.58163	1462.53355	1431.7853	1431.74595	
6.966708	1462.65596	1462.60337	1431.85963	1431.81576	
6.976854	1462.73103	1462.67318	1431.9347	1431.88557	
6.987028	1462.80697	1462.74299	1432.01064	1431.95538	
6.998112	1462.89048	1462.82153	1432.09415	1432.03392	
7.007891	1462.96458	1462.90007	1432.16824	1432.11246	
7.018034	1463.04215	1462.96989	1432.24582	1432.18228	
7.028287	1463.12118	1463.04843	1432.32484	1432.26082	
7.038341	1463.1993	1463.12697	1432.40296	1432.34808	
7.048529	1463.2791	1463.21423	1432.48276	1432.42662	
7.058704	1463.35936	1463.3015	1432.56303	1432.52262	
7.068833	1463.43992	1463.38004	1432.64358	1432.60116	
7.078982	1463.52126	1463.4673	1432.72493	1432.69715	
7.08914	1463.60329	1463.55457	1432.80695	1432.78442	
7.100454	1463.69547	1463.65056	1432.89914	1432.88041	
7.110656	1463.77913	1463.73783	1432.98279	1432.9764	
7.120724	1463.86231	1463.83382	1433.06597	1433.05494	
7.1309	1463.94702	1463.92109	1433.15069	1433.15094	
7.140981	1464.03157	1464.01708	1433.23523	1433.22948	
7.151173	1464.11764	1464.10435	1433.32131	1433.31674	
7.161449	1464.20509	1464.19162	1433.40876	1433.40401	
7.173667	1464.31006	1464.27016	1433.51372	1433.49127	
7.181809	1464.38287	1464.35742	1433.58653	1433.56981	
7.192056	1464.46932	1464.43596	1433.67298	1433.65708	
7.203068	1464.56577	1464.53196	1433.76943	1433.74435	
7.221403	1464.72881	1464.61922	1433.93247	1433.82289	
7.226078	1464.7703	1464.72394	1433.97397	1433.93633	
7.236274	1464.86161	1464.81121	1434.06528	1434.0236	
7.2464	1464.95293	1464.89847	1434.1566	1434.11087	
7.25653	1465.0449	1464.99447	1434.24856	1434.20686	
7.266728	1465.1381	1465.08173	1434.34177	1434.30285	
7.276868	1465.23139	1465.17773	1434.43505	1434.39885	
7.286952	1465.32478	1465.27372	1434.52845	1434.48611	
7.297294	1465.42123	1465.37844	1434.62489	1434.59083	
7.307484	1465.51689	1465.47443	1434.72056	1434.68683	
7.317534	1465.61175	1465.57043	1434.81541	1434.78282	
7.327624	1465.70768	1465.67515	1434.91135	1434.87881	
7.337767	1465.8047	1465.77114	1435.00836	1434.9748	
7.347969	1465.90291	1465.87586	1435.10657	1435.07952	
7.358102	1466.00105	1465.97185	1435.20472	1435.17552	
7.368244	1466.09994	1466.07657	1435.30361	1435.27151	
7.378419	1466.19975	1466.17256	1435.40342	1435.3675	
7.388568	1466.29992	1466.26856	1435.50358	1435.4635	
7.398864	1466.40221	1466.37328	1435.60587	1435.56822	
7.408925	1466.50275	1466.46054	1435.70642	1435.67294	
7.41936	1466.60771	1466.55654	1435.81138	1435.77766	
7.429275	1466.70799	1466.65253	1435.91166	1435.87365	
7.439394	1466.81093	1466.75725	1436.01459	1435.97837	
7.449494	1466.91428	1466.85324	1436.11795	1436.07436	
7.459709	1467.0195	1466.94924	1436.22317	1436.17908	
7.469863	1467.12467	1467.05396	1436.32834	1436.2838	
7.480019	1467.23053	1467.15868	1436.43419	1436.38852	
7.49011	1467.33623	1467.2634	1436.5399	1436.49324	
7.500298	1467.44364	1467.36812	1436.6473	1436.59796	
7.51114	1467.55876	1467.49029	1436.76243	1436.72013	
7.521198	1467.66592	1467.59501	1436.86959	1436.82485	
7.531428	1467.77573	1467.70845	1436.97939	1436.9383	
7.54166	1467.8861	1467.8219	1437.08977	1437.05175	
7.551934	1467.99839	1467.92662	1437.20205	1437.16519	
7.561894	1468.10621	1468.04007	1437.30987	1437.27864	
7.572093	1468.21812	1468.15351	1437.42179	1437.38336	
7.582196	1468.32961	1468.26696	1437.53327	1437.49681	
7.592322	1468.44191	1468.38041	1437.64558	1437.61898	
7.602419	1468.55461	1468.49385	1437.75827	1437.73242	
7.613798	1468.68239	1468.62475	1437.88606	1437.8546	
7.623913	1468.79644	1468.72947	1438.0001	1437.96804	
7.634118	1468.91217	1468.85165	1438.11584	1438.08149	
7.644294	1469.02825	1468.97382	1438.23192	1438.19494	
7.654658	1469.14711	1469.08726	1438.35077	1438.30838	
7.66471	1469.26299	1469.20071	1438.46665	1438.42183	
7.674622	1469.37781	1469.32288	1438.58148	1438.53528	
7.684779	1469.49611	1469.44506	1438.69977	1438.65745	
7.694883	1469.61439	1469.5585	1438.81805	1438.7709	
7.705079	1469.73444	1469.68068	1438.9381	1438.89307	
7.716677	1469.87191	1469.81158	1439.07557	1439.02397	
7.726767	1469.99185	1469.93375	1439.19551	1439.14614	
7.736849	1470.11244	1470.05592	1439.31611	1439.26831	
7.747017	1470.23466	1470.18682	1439.43833	1439.39049	
7.757191	1470.35676	1470.30027	1439.56043	1439.51266	
7.767343	1470.47856	1470.43117	1439.68223	1439.64356	
7.77749	1470.60033	1470.55334	1439.80399	1439.76573	
7.787678	1470.72261	1470.68424	1439.92627	1439.88791	
7.797834	1470.8445	1470.80641	1440.04817	1440.01008	
7.80799	1470.96636	1470.92859	1440.17003	1440.14098	
7.819728	1471.10725	1471.06821	1440.31092	1440.28061	
7.829452	1471.22392	1471.19911	1440.42758	1440.40278	
7.839574	1471.34536	1471.33001	1440.54902	1440.52495	
7.849763	1471.46763	1471.45219	1440.67129	1440.65585	
7.859866	1471.58886	1471.57436	1440.79253	1440.7693	
7.870052	1471.71107	1471.69653	1440.91474	1440.9002	
7.880193	1471.83279	1471.82743	1441.03645	1441.02237	
7.890324	1471.95438	1471.94088	1441.15805	1441.14454	
7.900543	1472.077	1472.07178	1441.28066	1441.25799	
7.910612	1472.1978	1472.18522	1441.40147	1441.38016	
7.92202	1472.33479	1472.32485	1441.53846	1441.51106	
7.932129	1472.45602	1472.4383	1441.65968	1441.63324	
7.942214	1472.57705	1472.55174	1441.78072	1441.74668	
7.952366	1472.69886	1472.67392	1441.90253	1441.86885	
7.962441	1472.81981	1472.77864	1442.02348	1441.99103	
7.972747	1472.94342	1472.90081	1442.14709	1442.10447	
7.982796	1473.06401	1473.01426	1442.26768	1442.22665	
7.992937	1473.18571	1473.1277	1442.38938	1442.34009	
8.003116	1473.30784	1473.24115	1442.5115	1442.46227	
8.013402	1473.43134	1473.36332	1442.63501	1442.58444	
8.024637	1473.56616	1473.49422	1442.76983	1442.71534	
8.034674	1473.68655	1473.61639	1442.89021	1442.82879	
8.04485	1473.80869	1473.73857	1443.01236	1442.95969	
8.054964	1473.93005	1473.86074	1443.13372	1443.08186	
8.065161	1474.05244	1473.99164	1443.2561	1443.20403	
8.075302	1474.17407	1474.12254	1443.37774	1443.3262	
8.085426	1474.29556	1474.24471	1443.49922	1443.4571	
8.103443	1474.51177	1474.47161	1443.71544	1443.684	
8.107947	1474.56582	1474.52397	1443.76949	1443.73636	
8.118155	1474.68832	1474.65486	1443.89198	1443.86726	
8.128519	1474.81275	1474.77704	1444.01641	1443.99816	
8.138504	1474.93252	1474.90794	1444.13618	1444.12033	
8.148689	1475.05473	1475.03011	1444.25839	1444.25123	
8.158759	1475.17555	1475.15228	1444.37922	1444.3734	
8.168979	1475.29825	1475.27446	1444.50192	1444.49558	
8.179306	1475.42215	1475.39663	1444.62582	1444.61775	
8.189397	1475.54322	1475.5188	1444.74689	1444.73992	
8.199506	1475.66454	1475.64098	1444.86821	1444.85337	
8.209692	1475.78676	1475.76315	1444.99043	1444.97554	
8.219864	1475.90887	1475.88532	1445.11254	1445.08899	
8.230088	1476.03162	1475.99877	1445.23529	1445.20243	
8.240164	1476.15243	1476.11221	1445.35609	1445.31588	
8.250331	1476.27443	1476.23439	1445.4781	1445.43805	
8.260538	1476.39691	1476.34783	1445.60058	1445.5515	
8.270603	1476.51769	1476.47001	1445.72136	1445.67367	
8.280788	1476.63994	1476.58345	1445.8436	1445.79585	
8.290961	1476.76198	1476.70563	1445.96564	1445.90929	
8.301095	1476.88357	1476.8278	1446.08724	1446.03147	
8.311227	1477.00516	1476.94997	1446.20882	1446.15364	
8.321339	1477.12654	1477.07215	1446.3302	1446.27581	
8.332998	1477.26655	1477.21177	1446.47022	1446.41544	
8.342795	1477.38399	1477.34267	1446.58765	1446.53761	
8.35294	1477.50573	1477.47357	1446.70939	1446.66851	
8.363093	1477.62759	1477.59574	1446.83125	1446.79068	
8.373416	1477.75149	1477.72664	1446.95515	1446.91286	
8.383343	1477.87056	1477.85754	1447.07423	1447.04376	
8.393503	1477.99252	1477.97972	1447.19618	1447.16593	
8.403638	1478.11413	1478.11062	1447.31779	1447.29683	
8.413823	1478.23632	1478.23279	1447.43999	1447.419	
8.423922	1478.35755	1478.36369	1447.56121	1447.54118	
8.435229	1478.49324	1478.50332	1447.69691	1447.6808	
8.445645	1478.61826	1478.62549	1447.82192	1447.8117	
8.455607	1478.73773	1478.73894	1447.9414	1447.92515	
8.4657	1478.85883	1478.85238	1448.0625	1448.04732	
8.476212	1478.98501	1478.97455	1448.18868	1448.16949	
8.486172	1479.10451	1479.07927	1448.30818	1448.29167	
8.496357	1479.22674	1479.20145	1448.43041	1448.40511	
8.506527	1479.34882	1479.30617	1448.55248	1448.51856	
8.516684	1479.47065	1479.42834	1448.67432	1448.64073	
8.526804	1479.59211	1479.53306	1448.79577	1448.75418	
8.538304	1479.73018	1479.66396	1448.93384	1448.88508	
8.548204	1479.84894	1479.77741	1449.05261	1449.00725	
8.558316	1479.97024	1479.89958	1449.1739	1449.1207	
8.568461	1480.09198	1480.02175	1449.29564	1449.24287	
8.57858	1480.21342	1480.14393	1449.41708	1449.35632	
8.588781	1480.33587	1480.2661	1449.53953	1449.47849	
8.598885	1480.45708	1480.38827	1449.66074	1449.60066	
8.609065	1480.57921	1480.51917	1449.78288	1449.73156	
8.619208	1480.70094	1480.65007	1449.90461	1449.85374	
8.629293	1480.822	1480.77224	1450.02566	1449.98464	
8.640933	1480.96177	1480.91187	1450.16544	1450.12426	
8.650865	1481.08086	1481.04277	1450.28453	1450.25516	
8.660957	1481.20193	1481.17367	1450.4056	1450.37734	
8.671082	1481.32344	1481.29584	1450.52711	1450.50823	
8.681192	1481.44476	1481.41802	1450.64843	1450.63913	
8.691649	1481.57026	1481.54892	1450.77392	1450.76131	
8.701847	1481.69263	1481.67982	1450.8963	1450.88348	
8.711948	1481.81383	1481.80199	1451.0175	1451.00565	
8.722094	1481.93559	1481.92416	1451.13925	1451.12783	
8.732233	1482.05729	1482.03761	1451.26096	1451.24127	
8.743604	1482.19379	1482.16851	1451.39746	1451.3809	
8.753464	1482.31203	1482.29068	1451.51569	1451.49435	
8.7637	1482.43487	1482.40413	1451.63854	1451.60779	
8.77385	1482.55666	1482.51757	1451.76032	1451.72997	
8.783965	1482.6781	1482.63975	1451.88176	1451.84341	
8.794169	1482.8005	1482.76192	1452.00416	1451.96558	
8.80434	1482.92255	1482.87537	1452.12622	1452.07903	
8.814417	1483.04345	1482.99754	1452.24712	1452.19248	
8.824508	1483.16453	1483.11099	1452.3682	1452.31465	
8.834978	1483.29024	1483.23316	1452.49391	1452.4281	
8.846203	1483.425	1483.37278	1452.62867	1452.56772	
8.856274	1483.54575	1483.49496	1452.74941	1452.69862	
8.866478	1483.66822	1483.62586	1452.87188	1452.8208	
8.876618	1483.78987	1483.74803	1452.99354	1452.94297	
8.886768	1483.91169	1483.87893	1453.11535	1453.07387	
8.896902	1484.03326	1484.0011	1453.23692	1453.19604	
8.907134	1484.15607	1484.132	1453.35973	1453.32694	
8.917261	1484.2776	1484.2629	1453.48127	1453.44911	
8.927352	1484.39867	1484.3938	1453.60234	1453.58001	
8.937563	1484.52121	1484.51598	1453.72488	1453.70219	
8.949163	1484.66049	1484.66433	1453.86415	1453.84181	
8.958919	1484.77747	1484.7865	1453.98114	1453.96399	
8.96912	1484.89991	1484.90867	1454.10358	1454.08616	
8.979277	1485.02181	1485.02212	1454.22547	1454.20833	
8.989378	1485.14299	1485.13557	1454.34666	1454.33051	
8.99956	1485.2652	1485.25774	1454.46887	1454.45268	
9.00972	1485.38749	1485.37119	1454.59116	1454.57485	
9.019893	1485.50916	1485.48463	1454.71283	1454.6883	
9.030078	1485.63141	1485.59808	1454.83507	1454.80174	
9.040154	1485.75228	1485.71153	1454.95595	1454.92392	
9.051842	1485.89267	1485.8337	1455.09634	1455.04609	
9.061598	1486.00963	1485.94715	1455.2133	1455.16826	
9.071846	1486.13175	1486.06059	1455.33541	1455.29044	
9.081908	1486.2509	1486.18276	1455.45457	1455.40388	
9.092064	1486.37067	1486.30494	1455.57433	1455.52606	
9.102186	1486.48934	1486.42711	1455.693	1455.6395	
9.112328	1486.60767	1486.54928	1455.81133	1455.7704	
9.122465	1486.7254	1486.67146	1455.92906	1455.88385	
9.132709	1486.84365	1486.79363	1456.04732	1456.01475	
9.143181	1486.96394	1486.9158	1456.1676	1456.12819	
9.154569	1487.09395	1487.05543	1456.29762	1456.26782	
9.164288	1487.20435	1487.1776	1456.40801	1456.38999	
9.174784	1487.32645	1487.29978	1456.53012	1456.51217	
9.196154	1487.56097	1487.42195	1456.76463	1456.63434	
9.200682	1487.61146	1487.61393	1456.81512	1456.82633	
9.210837	1487.724	1487.73611	1456.92766	1456.9485	
9.221007	1487.83611	1487.85828	1457.03978	1457.07067	
9.231163	1487.94744	1487.98045	1457.15111	1457.18412	
9.241267	1488.0576	1488.10263	1457.26127	1457.29757	
9.254052	1488.19603	1488.20735	1457.3997	1457.41101	
9.262126	1488.28312	1488.31207	1457.48679	1457.51573	
9.271822	1488.38697	1488.41679	1457.59064	1457.62045	
9.281978	1488.49531	1488.52151	1457.69898	1457.71644	
9.292069	1488.60227	1488.6175	1457.80593	1457.81244	
9.302252	1488.7096	1488.71349	1457.91326	1457.90843	
9.312415	1488.81607	1488.80949	1458.01973	1458.00442	
9.322553	1488.92174	1488.90548	1458.12541	1458.10042	
9.332774	1489.02763	1488.99274	1458.23129	1458.18768	
9.343235	1489.13539	1489.08874	1458.33906	1458.2924	
9.355334	1489.25909	1489.18473	1458.46275	1458.37967	
9.363296	1489.34012	1489.28072	1458.54379	1458.47566	
9.373354	1489.44185	1489.37672	1458.64552	1458.58038	
9.383663	1489.54557	1489.48144	1458.74924	1458.67638	
9.393625	1489.6452	1489.58616	1458.84886	1458.7811	
9.403772	1489.74606	1489.69088	1458.94972	1458.89454	
9.414076	1489.84779	1489.7956	1459.05146	1458.99926	
9.424173	1489.94691	1489.90904	1459.15058	1459.11271	
9.434276	1490.04551	1490.02249	1459.24917	1459.21743	
9.444476	1490.14441	1490.12721	1459.34808	1459.33087	
9.454866	1490.24454	1490.24938	1459.44821	1459.44432	
9.464742	1490.33914	1490.3541	1459.54281	1459.54904	
9.47486	1490.4354	1490.45882	1459.63907	1459.65376	
9.485	1490.53129	1490.56354	1459.73496	1459.75848	
9.495134	1490.62658	1490.66826	1459.83024	1459.8632	
9.50533	1490.72176	1490.76425	1459.92542	1459.96792	
9.515447	1490.8156	1490.86025	1460.01927	1460.05519	
9.533417	1490.97998	1491.01733	1460.18365	1460.21227	
9.538007	1491.02201	1491.06096	1460.22567	1460.2559	
9.548122	1491.11389	1491.1395	1460.31756	1460.34317	
9.560598	1491.2263	1491.22677	1460.42996	1460.4217	
9.568526	1491.29734	1491.30531	1460.50101	1460.50024	
9.578651	1491.38747	1491.38385	1460.59113	1460.57878	
9.58885	1491.47763	1491.46239	1460.68129	1460.65732	
9.598946	1491.56631	1491.54093	1460.76997	1460.73586	
9.609119	1491.65505	1491.61947	1460.85871	1460.80568	
9.619248	1491.74279	1491.69801	1460.94645	1460.88422	
9.629429	1491.83036	1491.77654	1461.03402	1460.96276	
9.639533	1491.91667	1491.85508	1461.12033	1461.05002	
9.649666	1492.00262	1491.94235	1461.20629	1461.13729	
9.659857	1492.08845	1492.02962	1461.29211	1461.22456	
9.670461	1492.17715	1492.11688	1461.38082	1461.31182	
9.680368	1492.25933	1492.20415	1461.46299	1461.39909	
9.690545	1492.34319	1492.30014	1461.54686	1461.49508	
9.700765	1492.42679	1492.39614	1461.63045	1461.58235	
9.710776	1492.50807	1492.4834	1461.71173	1461.67834	
9.720994	1492.59045	1492.57067	1461.79412	1461.77434	
9.731166	1492.67185	1492.67539	1461.87551	1461.87033	
9.74123	1492.75174	1492.76266	1461.95541	1461.96632	
9.751422	1492.83208	1492.84992	1462.03574	1462.06231	
9.761707	1492.91471	1492.93719	1462.11837	1462.14085	
9.771767	1492.99058	1493.02446	1462.19424	1462.23685	
9.789821	1493.12834	1493.16408	1462.33201	1462.37647	
9.794423	1493.16351	1493.19899	1462.36718	1462.41138	
9.804593	1493.24045	1493.2688	1462.44412	1462.48119	
9.814938	1493.31813	1493.33861	1462.52179	1462.55973	
9.825108	1493.39384	1493.40843	1462.59751	1462.62082	
9.835046	1493.46723	1493.46951	1462.6709	1462.69063	
9.845171	1493.54141	1493.5306	1462.74508	1462.76045	
9.855285	1493.61489	1493.60041	1462.81856	1462.82153	
9.865455	1493.68823	1493.65277	1462.89189	1462.87389	
9.875713	1493.76156	1493.72259	1462.96522	1462.93498	
9.885822	1493.83317	1493.78367	1463.03684	1462.99607	
9.895969	1493.90445	1493.84476	1463.10812	1463.05715	
9.906108	1493.97512	1493.91457	1463.17879	1463.11824	
9.916277	1494.04534	1493.98439	1463.24901	1463.17933	
9.926407	1494.11472	1494.0542	1463.31838	1463.24914	
9.936561	1494.18365	1494.13274	1463.38731	1463.31895	
9.947177	1494.25507	1494.21128	1463.45874	1463.38876	
9.956869	1494.31967	1494.28109	1463.52334	1463.4673	
9.967055	1494.38698	1494.35963	1463.59065	1463.54584	
9.977266	1494.45386	1494.43817	1463.65752	1463.63311	
9.987383	1494.51949	1494.50799	1463.72315	1463.70292	
9.997533	1494.58473	1494.58653	1463.7884	1463.79019	
10.00763	1494.64903	1494.66506	1463.8527	1463.86	
10.01788	1494.71374	1494.73488	1463.9174	1463.93854	
10.02801	1494.77697	1494.80469	1463.98064	1464.01708	
10.03819	1494.83999	1494.86578	1464.04366	1464.07817	
10.04831	1494.90207	1494.92686	1464.10574	1464.14798	
10.05845	1494.96361	1494.98795	1464.16727	1464.20907	
10.06866	1495.02495	1495.04904	1464.22862	1464.26143	
10.07917	1495.08749	1495.1014	1464.29115	1464.32252	
10.08926	1495.14689	1495.16248	1464.35056	1464.36615	
10.09942	1495.20609	1495.21484	1464.40976	1464.41851	
10.10959	1495.26479	1495.25848	1464.46845	1464.47087	
10.11971	1495.32258	1495.31084	1464.52624	1464.5145	
10.12994	1495.38036	1495.3632	1464.58403	1464.55814	
10.14008	1495.43708	1495.41556	1464.64074	1464.6105	
10.15023	1495.49322	1495.46792	1464.69688	1464.6454	
10.16036	1495.54863	1495.52028	1464.7523	1464.69776	
10.17049	1495.60346	1495.56391	1464.80713	1464.75012	
10.19107	1495.71174	1495.67736	1464.91541	1464.85484	
10.19578	1495.7366	1495.69481	1464.94026	1464.88975	
10.21375	1495.82886	1495.79953	1465.03252	1464.99447	
10.21829	1495.85228	1495.81698	1465.05594	1465.02065	
10.22858	1495.90441	1495.87807	1465.10807	1465.08173	
10.23861	1495.95469	1495.93916	1465.15836	1465.13409	
10.24879	1496.0051	1495.99152	1465.20876	1465.20391	
10.25895	1496.05481	1496.06133	1465.25848	1465.25627	
10.26906	1496.10372	1496.12241	1465.30738	1465.31735	
10.28184	1496.16469	1496.1835	1465.36835	1465.37844	
10.28944	1496.20034	1496.23586	1465.40401	1465.4308	
10.29958	1496.24755	1496.28822	1465.45122	1465.48316	
10.30973	1496.29421	1496.34058	1465.49787	1465.52679	
10.31984	1496.3401	1496.40167	1465.54376	1465.57915	
10.33009	1496.38599	1496.4453	1465.58965	1465.62279	
10.3402	1496.43067	1496.49766	1465.63433	1465.65769	
10.35035	1496.47489	1496.53257	1465.67856	1465.70133	
10.3605	1496.51856	1496.5762	1465.72222	1465.73623	
10.37062	1496.5615	1496.61983	1465.76516	1465.77114	
10.38328	1496.61419	1496.65474	1465.81786	1465.80605	
10.39098	1496.64596	1496.68965	1465.84963	1465.84095	
10.4011	1496.68708	1496.72455	1465.89075	1465.87586	
10.41128	1496.72787	1496.75946	1465.93153	1465.90204	
10.42135	1496.76761	1496.78564	1465.97127	1465.93695	
10.43157	1496.80732	1496.81182	1466.01099	1465.97185	
10.4417	1496.84609	1496.84673	1466.04976	1466.01549	
10.45186	1496.88436	1496.88163	1466.08803	1466.05039	
10.46206	1496.9222	1496.90781	1466.12587	1466.09402	
10.47209	1496.95887	1496.93399	1466.16253	1466.12893	
10.48461	1497.00359	1496.9689	1466.20725	1466.17256	
10.49278	1497.03249	1497.00381	1466.23615	1466.20747	
10.50259	1497.06657	1497.03871	1466.27023	1466.2511	
10.51276	1497.10132	1497.07362	1466.30499	1466.28601	
10.52292	1497.13542	1497.11725	1466.33908	1466.32092	
10.5333	1497.16964	1497.16089	1466.37331	1466.35582	
10.54319	1497.20167	1497.19579	1466.40534	1466.39946	
10.55332	1497.23392	1497.23943	1466.43758	1466.43436	
10.56348	1497.26564	1497.28306	1466.4693	1466.46927	
10.57359	1497.29661	1497.31797	1466.50027	1466.50418	
10.58374	1497.32714	1497.35287	1466.53081	1466.53908	
10.59437	1497.35845	1497.38778	1466.56211	1466.56526	
10.60415	1497.38668	1497.41396	1466.59034	1466.60017	
10.61428	1497.41536	1497.44014	1466.61902	1466.63508	
10.62441	1497.44342	1497.47504	1466.64708	1466.66126	
10.63485	1497.47173	1497.4925	1466.6754	1466.67871	
10.64474	1497.498	1497.5274	1466.70166	1466.70489	
10.65485	1497.52427	1497.54486	1466.72793	1466.73107	
10.66497	1497.54997	1497.56231	1466.75363	1466.74852	
10.6752	1497.57535	1497.57976	1466.77901	1466.76598	
10.68529	1497.59981	1497.59722	1466.80347	1466.78343	
10.69565	1497.62432	1497.61467	1466.82798	1466.80961	
10.70567	1497.64741	1497.63212	1466.85108	1466.81834	
10.71582	1497.67023	1497.64958	1466.8739	1466.84452	
10.726	1497.69253	1497.66703	1466.89619	1466.85324	
10.73612	1497.71414	1497.67576	1466.91781	1466.87942	
10.74632	1497.73533	1497.69321	1466.93899	1466.88815	
10.75654	1497.75595	1497.71066	1466.95961	1466.91433	
10.76661	1497.77569	1497.72812	1466.97936	1466.93178	
10.77675	1497.79501	1497.74557	1466.99867	1466.94924	
10.78694	1497.81384	1497.77175	1467.0175	1466.97542	
10.79714	1497.83208	1497.7892	1467.03575	1466.99287	
10.80731	1497.84971	1497.81538	1467.05337	1467.01905	
10.81746	1497.86671	1497.84156	1467.07037	1467.04523	
10.82757	1497.88309	1497.87647	1467.08675	1467.06268	
10.83775	1497.899	1497.89392	1467.10267	1467.08886	
10.84793	1497.91434	1497.92883	1467.118	1467.10632	
10.85805	1497.92906	1497.94628	1467.13272	1467.12377	
10.86824	1497.9432	1497.97246	1467.14687	1467.14995	
10.87833	1497.95671	1497.98992	1467.16037	1467.1674	
10.88855	1497.96982	1498.00737	1467.17349	1467.18486	
10.9006	1497.98442	1498.0161	1467.18809	1467.20231	
10.91021	1497.99561	1498.02482	1467.19927	1467.21976	
10.92028	1498.00679	1498.03355	1467.21046	1467.22849	
10.93042	1498.0175	1498.03355	1467.22116	1467.22849	
10.94065	1498.02772	1498.03355	1467.23139	1467.23722	
10.95079	1498.03732	1498.03355	1467.24099	1467.23722	
10.96091	1498.04636	1498.03355	1467.25002	1467.23722	
10.97105	1498.05487	1498.03355	1467.25853	1467.23722	
10.98122	1498.06287	1498.03355	1467.26653	1467.23722	
10.99132	1498.07029	1498.03355	1467.27395	1467.23722	
11.00296	1498.0781	1498.03355	1467.28177	1467.23722	
11.01281	1498.08426	1498.03355	1467.28793	1467.23722	
11.02291	1498.09007	1498.03355	1467.29374	1467.23722	
11.03305	1498.0954	1498.03355	1467.29906	1467.24594	
11.04343	1498.10033	1498.03355	1467.30399	1467.24594	
11.0535	1498.10464	1498.04228	1467.30831	1467.24594	
11.06348	1498.10846	1498.051	1467.31212	1467.24594	
11.07362	1498.11187	1498.051	1467.31553	1467.24594	
11.08376	1498.11484	1498.05973	1467.31851	1467.24594	
11.09391	1498.11739	1498.06846	1467.32105	1467.25467	
11.11337	1498.1204	1498.08591	1467.32406	1467.2634	
11.11801	1498.1212	1498.09464	1467.32486	1467.27212	
11.12813	1498.1266	1498.10336	1467.33026	1467.28958	
11.13824	1498.1266	1498.12082	1467.33026	1467.2983	
11.14848	1498.1266	1498.12082	1467.33026	1467.30703	
11.15859	1498.1266	1498.12954	1467.33026	1467.32448	
11.16894	1498.1266	1498.13827	1467.33026	1467.33321	
11.17941	1498.1266	1498.13827	1467.33026	1467.33321	
11.19912	1498.1266	1498.13827	1467.33026	1467.35066	
11.21362	1498.1266	1498.13827	1467.33026	1467.35066	
11.21822	1498.1266	1498.13827	1467.33026	1467.35066	
11.22839	1498.1266	1498.13827	1467.33026	1467.35066	
11.23849	1498.1266	1498.13827	1467.33026	1467.35066	
11.24863	1498.1266	1498.13827	1467.33026	1467.35066	
11.25883	1498.1266	1498.13827	1467.33026	1467.34194	
11.26904	1498.1266	1498.13827	1467.33026	1467.34194	
11.27914	1498.1266	1498.13827	1467.33026	1467.34194	
11.28928	1498.1266	1498.13827	1467.33026	1467.34194	
11.29941	1498.1266	1498.13827	1467.33026	1467.34194	
11.30961	1498.1266	1498.13827	1467.33026	1467.34194	
11.31974	1498.1266	1498.13827	1467.33026	1467.34194	
11.3299	1498.1266	1498.13827	1467.33026	1467.34194	
11.34002	1498.1266	1498.13827	1467.33026	1467.34194	
11.35027	1498.1266	1498.13827	1467.33026	1467.34194	
11.36038	1498.1266	1498.13827	1467.33026	1467.34194	
11.37067	1498.1266	1498.13827	1467.33026	1467.34194	
11.38078	1498.1266	1498.13827	1467.33026	1467.34194	
11.39083	1498.1266	1498.13827	1467.33026	1467.35066	
11.40099	1498.1266	1498.13827	1467.33026	1467.34194	
11.41117	1498.1266	1498.13827	1467.33026	1467.35066	
11.4213	1498.1266	1498.13827	1467.33026	1467.35066	
11.43144	1498.1266	1498.13827	1467.33026	1467.35066	
11.44158	1498.1266	1498.13827	1467.33026	1467.35066	
11.45175	1498.1266	1498.13827	1467.33026	1467.35066	
11.4621	1498.1266	1498.13827	1467.33026	1467.35066	
11.47207	1498.1266	1498.13827	1467.33026	1467.35066	
11.48223	1498.1266	1498.13827	1467.33026	1467.35066	
11.49229	1498.1266	1498.13827	1467.33026	1467.35066	
11.50244	1498.1266	1498.13827	1467.33026	1467.35066	
11.5127	1498.1266	1498.13827	1467.33026	1467.35066	
11.52277	1498.1266	1498.13827	1467.33026	1467.35066	
11.53296	1498.1266	1498.13827	1467.33026	1467.35066	
11.54306	1498.1266	1498.13827	1467.33026	1467.35066	
11.55342	1498.1266	1498.13827	1467.33026	1467.35066	
11.56337	1498.1266	1498.13827	1467.33026	1467.35066	
11.5735	1498.1266	1498.13827	1467.33026	1467.35066	
11.58366	1498.1266	1498.13827	1467.33026	1467.35066	
11.5938	1498.1266	1498.13827	1467.33026	1467.35066	
11.60403	1498.1266	1498.13827	1467.33026	1467.35066	
11.61425	1498.1266	1498.13827	1467.33026	1467.35066	
11.62427	1498.1266	1498.13827	1467.33026	1467.35066	
11.63451	1498.1266	1498.13827	1467.33026	1467.35066	
11.64458	1498.1266	1498.13827	1467.33026	1467.35066	
11.65468	1498.1266	1498.13827	1467.33026	1467.35066	
11.66481	1498.1266	1498.13827	1467.33026	1467.35066	
11.675	1498.1266	1498.13827	1467.33026	1467.35066	
11.68513	1498.1266	1498.13827	1467.33026	1467.35066	
11.69529	1498.1266	1498.13827	1467.33026	1467.35066	
11.70543	1498.1266	1498.13827	1467.33026	1467.35066	
11.72349	1498.1266	1498.13827	1467.33026	1467.35066	
11.72808	1498.1266	1498.13827	1467.33026	1467.35066	
11.73822	1498.1266	1498.13827	1467.33026	1467.35066	
11.74838	1498.1266	1498.13827	1467.33026	1467.35066	
11.75852	1498.1266	1498.13827	1467.33026	1467.35066	
11.76869	1498.1266	1498.13827	1467.33026	1467.35066	
11.77882	1498.1266	1498.13827	1467.33026	1467.35066	
11.78905	1498.1266	1498.13827	1467.33026	1467.35066	
11.79915	1498.1266	1498.13827	1467.33026	1467.35066	
11.80929	1498.1266	1498.13827	1467.33026	1467.35066	
11.81949	1498.1266	1498.13827	1467.33026	1467.35066	
11.8296	1498.1266	1498.13827	1467.33026	1467.35066	
11.83975	1498.1266	1498.13827	1467.33026	1467.35066	
11.8499	1498.1266	1498.13827	1467.33026	1467.35066	
11.86008	1498.1266	1498.13827	1467.33026	1467.35066	
11.87032	1498.1266	1498.13827	1467.33026	1467.35066	
11.88043	1498.1266	1498.13827	1467.33026	1467.35066	
11.8906	1498.1266	1498.13827	1467.33026	1467.35066	
11.90081	1498.1266	1498.13827	1467.33026	1467.35066	
11.91088	1498.1266	1498.13827	1467.33026	1467.35066	
11.92104	1498.1266	1498.13827	1467.33026	1467.35066	
11.93117	1498.1266	1498.13827	1467.33026	1467.35066	
11.94133	1498.1266	1498.13827	1467.33026	1467.35066	
11.95148	1498.1266	1498.13827	1467.33026	1467.35066	
11.96163	1498.1266	1498.13827	1467.33026	1467.35066	
11.97179	1498.1266	1498.13827	1467.33026	1467.35066	
11.98194	1498.1266	1498.13827	1467.33026	1467.35066	
11.99202	1498.1266	1498.13827	1467.33026	1467.35066	
12.00227	1498.1266	1498.13827	1467.33026	1467.35066	
12.01239	1498.1266	1498.13827	1467.33026	1467.35066	
12.02252	1498.1266	1498.13827	1467.33026	1467.35066	
12.03272	1498.1266	1498.13827	1467.33026	1467.35066	
12.04282	1498.1266	1498.13827	1467.33026	1467.35066	
12.05323	1498.1266	1498.13827	1467.33026	1467.35066	
12.06311	1498.1266	1498.13827	1467.33026	1467.35066	
12.07324	1498.1266	1498.13827	1467.33026	1467.35066	
12.08342	1498.1266	1498.13827	1467.33026	1467.35066	
12.09353	1498.1266	1498.13827	1467.33026	1467.35066	
12.10369	1498.1266	1498.13827	1467.33026	1467.35066	
12.11382	1498.1266	1498.13827	1467.33026	1467.35066	
12.12403	1498.1266	1498.13827	1467.33026	1467.35066	
12.1342	1498.1266	1498.13827	1467.33026	1467.35066	
12.14428	1498.1266	1498.13827	1467.33026	1467.35066	
12.15442	1498.1266	1498.13827	1467.33026	1467.35066	
12.16459	1498.1266	1498.13827	1467.33026	1467.35066	
12.17473	1498.1266	1498.13827	1467.33026	1467.35066	
12.19492	1498.1266	1498.13827	1467.33026	1467.35066	
12.19948	1498.1266	1498.13827	1467.33026	1467.35066	
12.20965	1498.1266	1498.13827	1467.33026	1467.35066	
12.21976	1498.1266	1498.13827	1467.33026	1467.35066	
12.22998	1498.1266	1498.13827	1467.33026	1467.35066	
12.24004	1498.1266	1498.13827	1467.33026	1467.35066	
12.25027	1498.1266	1498.13827	1467.33026	1467.35066	
12.2604	1498.1266	1498.13827	1467.33026	1467.35066	
12.27054	1498.1266	1498.13827	1467.33026	1467.35066	
12.28069	1498.1266	1498.13827	1467.33026	1467.35066	
12.29084	1498.1266	1498.13827	1467.33026	1467.35066	
12.30105	1498.1266	1498.13827	1467.33026	1467.35066	
12.3112	1498.1266	1498.13827	1467.33026	1467.35066	
12.32136	1498.1266	1498.13827	1467.33026	1467.35066	
12.33157	1498.1266	1498.13827	1467.33026	1467.35066	
12.34168	1498.1266	1498.13827	1467.33026	1467.35066	
12.35195	1498.1266	1498.13827	1467.33026	1467.35066	
12.36198	1498.1266	1498.13827	1467.33026	1467.35066	
12.37213	1498.1266	1498.13827	1467.33026	1467.35066	
12.38237	1498.1266	1498.13827	1467.33026	1467.35066	
12.39242	1498.1266	1498.13827	1467.33026	1467.35066	
12.40252	1498.1266	1498.13827	1467.33026	1467.35066	
12.41283	1498.1266	1498.13827	1467.33026	1467.35066	
12.42287	1498.1266	1498.13827	1467.33026	1467.35066	
12.43303	1498.1266	1498.13827	1467.33026	1467.35066	
12.44315	1498.1266	1498.13827	1467.33026	1467.35066	
12.45331	1498.1266	1498.13827	1467.33026	1467.35066	
12.46344	1498.1266	1498.13827	1467.33026	1467.35066	
12.47358	1498.1266	1498.13827	1467.33026	1467.35066	
12.48373	1498.1266	1498.13827	1467.33026	1467.35066	
12.49386	1498.1266	1498.13827	1467.33026	1467.35066	
12.50409	1498.1266	1498.13827	1467.33026	1467.35066	
12.51424	1498.1266	1498.13827	1467.33026	1467.35066	
12.52432	1498.1266	1498.13827	1467.33026	1467.35066	
12.5345	1498.1266	1498.13827	1467.33026	1467.35066	
12.54462	1498.1266	1498.13827	1467.33026	1467.35066	
12.55478	1498.1266	1498.13827	1467.33026	1467.35066	
12.56495	1498.1266	1498.13827	1467.33026	1467.35066	
12.57507	1498.1266	1498.13827	1467.33026	1467.35066	
12.60535	1498.1266	1498.13827	1467.33026	1467.35066	
12.61025	1498.1266	1498.13827	1467.33026	1467.35066	
