5.29025	
5.295027	
5.305024	
5.315107	
5.325258	
5.335446	
5.345572	
5.35572	
5.365898	
5.376003	
5.386199	
5.396396	
5.406515	
5.416686	
5.426833	
5.436963	
5.447158	
5.457256	
5.467491	
5.477622	
5.487677	
5.498392	
5.50822	
5.518094	
5.528276	
5.538423	
5.548535	
5.558741	
5.568837	
5.579058	
5.589122	
5.610171	
5.614556	
5.624683	
5.634822	
5.644988	
5.655116	
5.665297	
5.675466	
5.685627	
5.69574	
5.705879	
5.716036	
5.726184	
5.736365	
5.746488	
5.756565	
5.766852	
5.776905	
5.787047	
5.797201	
5.807352	
5.81747	
5.827664	
5.837834	
5.847925	
5.858049	
5.868203	
5.878386	
5.888575	
5.89868	
5.908818	
5.919089	
5.929136	
5.939287	
5.949441	
5.959543	
5.969685	
5.979827	
5.989999	
6.000106	
6.010252	
6.02044	
6.0306	
6.040727	
6.050827	
6.061108	
6.071285	
6.081355	
6.09156	
6.101716	
6.111867	
6.122003	
6.13216	
6.142325	
6.152501	
6.162668	
6.172808	
6.183048	
6.193122	
6.203305	
6.213483	
6.223603	
6.233737	
6.243896	
6.254057	
6.264223	
6.274353	
6.284509	
6.294682	
6.304837	
6.314977	
6.325129	
6.335322	
6.34544	
6.355579	
6.365758	
6.375904	
6.386051	
6.3962	
6.406312	
6.416573	
6.426674	
6.436813	
6.447029	
6.457101	
6.467253	
6.477365	
6.487528	
6.497666	
6.507855	
6.517974	
6.528099	
6.538283	
6.548404	
6.558583	
6.568716	
6.579037	
6.589117	
6.599222	
6.609328	
6.619819	
6.629649	
6.639759	
6.649872	
6.659999	
6.670214	
6.68031	
6.690514	
6.700609	
6.710765	
6.720951	
6.73107	
6.741217	
6.751404	
6.761522	
6.771687	
6.781878	
6.791999	
6.802087	
6.812507	
6.822495	
6.832629	
6.842763	
6.852949	
6.863138	
6.873248	
6.883392	
6.893545	
6.903664	
6.913843	
6.923978	
6.934154	
6.944252	
6.954427	
6.964581	
6.974732	
6.98487	
6.995019	
7.005163	
7.01537	
7.025466	
7.035807	
7.045804	
7.055946	
7.066093	
7.076227	
7.086345	
7.096608	
7.106713	
7.116833	
7.127069	
7.137169	
7.147285	
7.157368	
7.172776	1378.11412	1378.11198	1347.37887	1347.37673	
7.177731	1378.11479	1378.11198	1347.37955	1347.37673	
7.18785	1378.11695	1378.11198	1347.3817	1347.37673	
7.197963	1378.11972	1378.11198	1347.38447	1347.37673	
7.208342	1378.12322	1378.11198	1347.38797	1347.38546	
7.218283	1378.12715	1378.11198	1347.3919	1347.38546	
7.228452	1378.1318	1378.11198	1347.39655	1347.38546	
7.238588	1378.13704	1378.11198	1347.40179	1347.38546	
7.248729	1378.14291	1378.11198	1347.40766	1347.38546	
7.259251	1378.14968	1378.1207	1347.41443	1347.38546	
7.269102	1378.15657	1378.12943	1347.42132	1347.38546	
7.279381	1378.16442	1378.12943	1347.42917	1347.39418	
7.289366	1378.17262	1378.12943	1347.43737	1347.39418	
7.299507	1378.18158	1378.13816	1347.44633	1347.40291	
7.309675	1378.19118	1378.14688	1347.45593	1347.41164	
7.319888	1378.20146	1378.14688	1347.46621	1347.42036	
7.329941	1378.21216	1378.16434	1347.47691	1347.42909	
7.3401	1378.22361	1378.17306	1347.48836	1347.43782	
7.350307	1378.23574	1378.18179	1347.50049	1347.45527	
7.3686	1378.25993	1378.20797	1347.52469	1347.47272	
7.37515	1378.26863	1378.2167	1347.53338	1347.48145	
7.383444	1378.28008	1378.23415	1347.54483	1347.4989	
7.393501	1378.29462	1378.2516	1347.55937	1347.51636	
7.403599	1378.30985	1378.26906	1347.5746	1347.53381	
7.4138	1378.32586	1378.28651	1347.59061	1347.54254	
7.423968	1378.34243	1378.30396	1347.60718	1347.56872	
7.434112	1378.35958	1378.33014	1347.62433	1347.58617	
7.44426	1378.37736	1378.35632	1347.64211	1347.60362	
7.454443	1378.39582	1378.37378	1347.66058	1347.62108	
7.464603	1378.41486	1378.39123	1347.67961	1347.63853	
7.474777	1378.43455	1378.41741	1347.6993	1347.66471	
7.484987	1378.45494	1378.43486	1347.7197	1347.69089	
7.495179	1378.4759	1378.46104	1347.74065	1347.70834	
7.5073	1378.5018	1378.4785	1347.76655	1347.73452	
7.515358	1378.51929	1378.49595	1347.78404	1347.7607	
7.525519	1378.54205	1378.5134	1347.8068	1347.77815	
7.535944	1378.56606	1378.53958	1347.83081	1347.80433	
7.545829	1378.58939	1378.55704	1347.85414	1347.83051	
7.556144	1378.6144	1378.57449	1347.87915	1347.84797	
7.566102	1378.6391	1378.60067	1347.90385	1347.88287	
7.576386	1378.66527	1378.61812	1347.93002	1347.90033	
7.586954	1378.69287	1378.6443	1347.95762	1347.92651	
7.596905	1378.7201	1378.67048	1347.98485	1347.95269	
7.616062	1378.77319	1378.72284	1348.03795	1347.99632	
7.620643	1378.78599	1378.7403	1348.05074	1348.01377	
7.63114	1378.81615	1378.76648	1348.0809	1348.03995	
7.641217	1378.84571	1378.80138	1348.11046	1348.06613	
7.651311	1378.87593	1378.83629	1348.14068	1348.09231	
7.661534	1378.90718	1378.8712	1348.17193	1348.12722	
7.67164	1378.93866	1378.9061	1348.20341	1348.16213	
7.684318	1378.97925	1378.94101	1348.244	1348.19703	
7.692327	1379.00513	1378.97592	1348.26988	1348.23194	
7.702478	1379.03863	1379.01955	1348.30338	1348.26685	
7.712702	1379.07301	1379.05446	1348.33776	1348.30175	
7.72277	1379.10747	1379.08936	1348.37222	1348.34539	
7.732985	1379.14308	1379.12427	1348.40783	1348.38902	
7.743212	1379.17933	1379.15917	1348.44408	1348.43265	
7.753248	1379.2155	1379.20281	1348.48026	1348.46756	
7.763551	1379.25332	1379.23771	1348.51807	1348.51119	
7.773539	1379.29052	1379.27262	1348.55528	1348.5461	
7.785731	1379.33698	1379.30753	1348.60173	1348.58973	
7.79395	1379.36856	1379.34243	1348.63331	1348.62464	
7.80407	1379.40811	1379.37734	1348.67286	1348.66827	
7.81422	1379.44841	1379.41225	1348.71316	1348.70318	
7.824335	1379.4892	1379.45588	1348.75395	1348.73809	
7.834538	1379.53097	1379.49079	1348.79573	1348.78172	
7.84467	1379.57306	1379.52569	1348.83782	1348.81663	
7.854845	1379.61596	1379.56933	1348.88071	1348.86026	
7.864969	1379.65924	1379.61296	1348.92399	1348.89517	
7.875109	1379.70322	1379.65659	1348.96797	1348.93007	
7.885274	1379.74793	1379.70023	1349.01268	1348.97371	
7.895589	1379.79398	1379.75259	1349.05873	1349.01734	
7.905601	1379.83918	1379.78749	1349.10393	1349.06097	
7.915766	1379.88575	1379.83985	1349.1505	1349.10461	
7.925938	1379.93297	1379.89221	1349.19772	1349.15697	
7.936049	1379.98051	1379.93585	1349.24526	1349.20932	
7.946274	1380.02923	1379.98821	1349.29399	1349.26168	
7.956531	1380.07873	1380.03184	1349.34348	1349.31404	
7.966614	1380.12798	1380.0842	1349.39273	1349.3664	
7.976795	1380.17835	1380.13656	1349.4431	1349.41876	
7.986958	1380.22928	1380.18892	1349.49403	1349.47985	
7.997153	1380.28095	1380.24128	1349.54571	1349.53221	
8.007374	1380.33337	1380.29364	1349.59812	1349.58457	
8.017452	1380.3857	1380.346	1349.65045	1349.64566	
8.027643	1380.4392	1380.39836	1349.70395	1349.69802	
8.03825	1380.49562	1380.45945	1349.76037	1349.75038	
8.047924	1380.54758	1380.51181	1349.81233	1349.80274	
8.058062	1380.60266	1380.57289	1349.86741	1349.84637	
8.068192	1380.65834	1380.62525	1349.92309	1349.89873	
8.078511	1380.71569	1380.67761	1349.98044	1349.95109	
8.088526	1380.77196	1380.72997	1350.03672	1350.00345	
8.098698	1380.82971	1380.79106	1350.09447	1350.05581	
8.10908	1380.88936	1380.85214	1350.15411	1350.1169	
8.119112	1380.94751	1380.9045	1350.21226	1350.16926	
8.129134	1381.00623	1380.95686	1350.27098	1350.23034	
8.139586	1381.06817	1381.01795	1350.33292	1350.29143	
8.149395	1381.12685	1381.07904	1350.3916	1350.35252	
8.159591	1381.18847	1381.14012	1350.45322	1350.4136	
8.169697	1381.25015	1381.20121	1350.5149	1350.47469	
8.17984	1381.31268	1381.27102	1350.57743	1350.53578	
8.190032	1381.37616	1381.33211	1350.64091	1350.60559	
8.200675	1381.44314	1381.3932	1350.70789	1350.6754	
8.218935	1381.56045	1381.51537	1350.8252	1350.79757	
8.223565	1381.59009	1381.55028	1350.85485	1350.83248	
8.233618	1381.65531	1381.61136	1350.92006	1350.90229	
8.243823	1381.72216	1381.68118	1350.98691	1350.97211	
8.253974	1381.78925	1381.75099	1351.054	1351.04192	
8.264117	1381.85694	1381.8208	1351.12169	1351.11173	
8.274271	1381.92527	1381.89062	1351.19002	1351.17282	
8.284628	1381.99589	1381.96043	1351.26064	1351.24263	
8.294575	1382.06382	1382.03024	1351.32857	1351.31245	
8.304837	1382.1348	1382.10878	1351.39955	1351.37353	
8.315208	1382.20719	1382.17859	1351.47194	1351.44335	
8.32514	1382.27707	1382.24841	1351.54183	1351.51316	
8.33532	1382.34929	1382.31822	1351.61404	1351.58297	
8.345403	1382.42146	1382.38803	1351.68622	1351.65279	
8.355584	1382.49498	1382.46657	1351.75973	1351.7226	
8.365812	1382.56947	1382.53639	1351.83422	1351.79241	
8.375912	1382.64359	1382.6062	1351.90834	1351.87095	
8.386065	1382.71875	1382.68474	1351.9835	1351.94077	
8.396208	1382.79446	1382.75455	1352.05921	1352.01931	
8.40676	1382.87399	1382.82437	1352.13875	1352.09784	
8.424506	1383.0098	1382.96399	1352.27455	1352.23747	
8.42912	1383.04505	1382.9989	1352.3098	1352.27238	
8.43926	1383.12335	1383.06871	1352.3881	1352.35092	
8.449702	1383.20465	1383.14725	1352.4694	1352.42946	
8.45951	1383.28156	1383.22579	1352.54631	1352.51672	
8.469644	1383.36165	1383.31306	1352.6264	1352.59526	
8.479817	1383.44268	1383.40033	1352.70743	1352.68253	
8.489889	1383.52352	1383.48759	1352.78828	1352.7698	
8.500112	1383.6062	1383.57486	1352.87095	1352.84834	
8.511464	1383.69884	1383.67085	1352.96359	1352.94433	
8.520763	1383.77515	1383.74939	1353.0399	1353.01414	
8.530868	1383.85872	1383.83666	1353.12347	1353.10141	
8.541037	1383.94349	1383.93265	1353.20824	1353.17995	
8.551275	1384.02939	1384.01992	1353.29414	1353.25849	
8.561356	1384.11459	1384.10718	1353.37934	1353.34576	
8.571516	1384.20115	1384.19445	1353.4659	1353.43302	
8.581704	1384.2885	1384.28172	1353.55326	1353.52029	
8.591793	1384.37566	1384.36026	1353.64041	1353.59883	
8.602043	1384.46483	1384.44752	1353.72958	1353.68609	
8.612375	1384.5554	1384.52606	1353.82015	1353.77336	
8.622399	1384.64375	1384.6046	1353.90851	1353.86063	
8.632563	1384.734	1384.69187	1353.99875	1353.95662	
8.64266	1384.82431	1384.77041	1354.08906	1354.04389	
8.6528	1384.91562	1384.84895	1354.18038	1354.13115	
8.662989	1385.00794	1384.93621	1354.2727	1354.22715	
8.673135	1385.10051	1385.02348	1354.36526	1354.31441	
8.683286	1385.19379	1385.11947	1354.45854	1354.41041	
8.693387	1385.28716	1385.21547	1354.55191	1354.49767	
8.703636	1385.38257	1385.30273	1354.64732	1354.59367	
8.713914	1385.47893	1385.40745	1354.74369	1354.68966	
8.724068	1385.57465	1385.51217	1354.8394	1354.79438	
8.734238	1385.67116	1385.61689	1354.93591	1354.89037	
8.744386	1385.7681	1385.72161	1355.03285	1354.99509	
8.754505	1385.86537	1385.82633	1355.13012	1355.09108	
8.764733	1385.96435	1385.93105	1355.2291	1355.1958	
8.775197	1386.06624	1386.03577	1355.33099	1355.30052	
8.785245	1386.16468	1386.13177	1355.42944	1355.40524	
8.795388	1386.26466	1386.23649	1355.52941	1355.50996	
8.80551	1386.36507	1386.33248	1355.62982	1355.61468	
8.816609	1386.47599	1386.4372	1355.74074	1355.72813	
8.826745	1386.57778	1386.54192	1355.84253	1355.83285	
8.836864	1386.68003	1386.63791	1355.94479	1355.92884	
8.847018	1386.7833	1386.7339	1356.04806	1356.03356	
8.857242	1386.88795	1386.83862	1356.1527	1356.12956	
8.867422	1386.99266	1386.93462	1356.25741	1356.22555	
8.877611	1387.09813	1387.03934	1356.36288	1356.33027	
8.887745	1387.20364	1387.13533	1356.4684	1356.43499	
8.897869	1387.30967	1387.24005	1356.57442	1356.53098	
8.90825	1387.41909	1387.34477	1356.68384	1356.6357	
8.919313	1387.53647	1387.46694	1356.80122	1356.74915	
8.929402	1387.64398	1387.57166	1356.90873	1356.85387	
8.939476	1387.75197	1387.68511	1357.01672	1356.95859	
8.949612	1387.86129	1387.79855	1357.12604	1357.06331	
8.95988	1387.9727	1387.912	1357.23745	1357.17675	
8.96997	1388.08268	1388.02545	1357.34744	1357.2902	
8.980113	1388.19392	1388.13889	1357.45867	1357.40365	
8.990255	1388.30575	1388.25234	1357.5705	1357.51709	
9.000385	1388.4181	1388.37451	1357.68285	1357.63927	
9.020988	1388.64984	1388.58395	1357.91459	1357.8487	
9.025606	1388.70154	1388.66249	1357.96629	1357.93597	
9.035924	1388.81821	1388.78467	1358.08296	1358.04942	
9.045929	1388.93184	1388.89811	1358.19659	1358.17159	
9.056044	1389.04737	1389.02029	1358.31212	1358.29376	
9.066141	1389.16335	1389.14246	1358.4281	1358.41594	
9.076537	1389.28338	1389.26463	1358.54814	1358.52938	
9.086649	1389.40074	1389.37808	1358.6655	1358.65156	
9.096901	1389.52034	1389.49152	1358.78509	1358.77373	
9.106999	1389.63875	1389.6137	1358.9035	1358.88718	
9.117111	1389.75804	1389.72714	1359.02279	1359.00062	
9.127757	1389.88426	1389.84059	1359.14901	1359.11407	
9.137432	1389.99944	1389.96276	1359.26419	1359.22751	
9.147658	1390.12184	1390.08494	1359.3866	1359.34969	
9.157719	1390.24261	1390.19838	1359.50736	1359.46313	
9.168145	1390.36771	1390.32056	1359.63246	1359.57658	
9.17805	1390.48656	1390.44273	1359.75131	1359.69875	
9.188195	1390.60828	1390.5649	1359.87303	1359.82093	
9.19835	1390.73018	1390.68707	1359.99494	1359.93437	
9.208467	1390.85159	1390.80925	1360.11634	1360.05655	
9.218628	1390.97353	1390.92269	1360.23828	1360.17872	
9.22883	1391.09597	1391.04487	1360.36072	1360.30962	
9.239065	1391.21876	1391.16704	1360.48352	1360.43179	
9.24914	1391.33964	1391.28921	1360.60439	1360.55397	
9.259306	1391.46162	1391.41139	1360.72637	1360.68486	
9.269828	1391.58792	1391.53356	1360.85267	1360.80704	
9.279622	1391.70544	1391.65573	1360.97019	1360.93794	
9.289708	1391.82644	1391.78663	1361.0912	1361.06884	
9.299872	1391.94844	1391.90881	1361.21319	1361.19101	
9.310002	1392.07	1392.03098	1361.33475	1361.32191	
9.320147	1392.19175	1392.16188	1361.4565	1361.44408	
9.331071	1392.3229	1392.28405	1361.58765	1361.57498	
9.341574	1392.44892	1392.40622	1361.71367	1361.70588	
9.35139	1392.56663	1392.5284	1361.83138	1361.82806	
9.36142	1392.68698	1392.6593	1361.95173	1361.95023	
9.371612	1392.80933	1392.77274	1362.07408	1362.0724	
9.3818	1392.93155	1392.89492	1362.1963	1362.19457	
9.391922	1393.05301	1393.01709	1362.31776	1362.30802	
9.402049	1393.17454	1393.13926	1362.43929	1362.42147	
9.412176	1393.29604	1393.25271	1362.56079	1362.54364	
9.422362	1393.41832	1393.37488	1362.68307	1362.64836	
9.434312	1393.56181	1393.50578	1362.82656	1362.78799	
9.444433	1393.68314	1393.62795	1362.9479	1362.90143	
9.454588	1393.80502	1393.75013	1363.06977	1363.02361	
9.464801	1393.92756	1393.8723	1363.19231	1363.13705	
9.474852	1394.04816	1393.99447	1363.31291	1363.25923	
9.485056	1394.17066	1394.11665	1363.43541	1363.3814	
9.495283	1394.29334	1394.23882	1363.5581	1363.50357	
9.505351	1394.41416	1394.35227	1363.67891	1363.62574	
9.515514	1394.53618	1394.48317	1363.80093	1363.74792	
9.525613	1394.6573	1394.60534	1363.92206	1363.87882	
9.536981	1394.7938	1394.74497	1364.05856	1364.01844	
9.547118	1394.91542	1394.86714	1364.18018	1364.14934	
9.557306	1395.03764	1394.98931	1364.3024	1364.27152	
9.567476	1395.15968	1395.12021	1364.42444	1364.40242	
9.57795	1395.28538	1395.24238	1364.55014	1364.52459	
9.587747	1395.40291	1395.37328	1364.66766	1364.65549	
9.599679	1395.54949	1395.49546	1364.81424	1364.77766	
9.608109	1395.64728	1395.61763	1364.91203	1364.90856	
9.618235	1395.76877	1395.74853	1365.03352	1365.02201	
9.628403	1395.89084	1395.87943	1365.1556	1365.15291	
9.639642	1396.02572	1396.01906	1365.29048	1365.28381	
9.649724	1396.14667	1396.14123	1365.41142	1365.40598	
9.659909	1396.26893	1396.2634	1365.53368	1365.52815	
9.670034	1396.39042	1396.38557	1365.65517	1365.65033	
9.680189	1396.51225	1396.50775	1365.777	1365.76377	
9.690333	1396.63393	1396.62992	1365.89868	1365.87722	
9.700527	1396.75632	1396.74337	1366.02107	1365.99939	
9.710627	1396.87747	1396.85681	1366.14222	1366.10411	
9.72081	1396.99968	1396.97899	1366.26443	1366.22629	
9.731068	1397.12278	1397.09243	1366.38753	1366.34846	
9.742369	1397.25842	1397.22333	1366.52318	1366.47936	
9.752476	1397.37968	1397.32805	1366.64444	1366.5928	
9.76267	1397.50205	1397.45023	1366.7668	1366.71498	
9.772846	1397.62414	1397.56367	1366.88889	1366.82842	
9.78294	1397.74522	1397.67712	1367.00997	1366.9506	
9.793122	1397.86741	1397.79929	1367.13216	1367.07277	
9.803274	1397.98922	1397.92146	1367.25398	1367.19494	
9.813405	1398.11082	1398.04364	1367.37557	1367.32584	
9.823625	1398.23347	1398.16581	1367.49822	1367.44802	
9.833674	1398.35405	1398.28798	1367.6188	1367.57019	
9.844978	1398.48972	1398.42761	1367.75447	1367.70982	
9.85521	1398.61249	1398.54978	1367.87724	1367.84071	
9.865281	1398.73333	1398.68068	1367.99808	1367.97161	
9.875406	1398.85481	1398.81158	1368.11956	1368.09379	
9.885534	1398.97636	1398.93376	1368.24111	1368.22469	
9.895764	1399.09913	1399.06466	1368.36388	1368.35559	
9.905848	1399.22012	1399.19555	1368.48488	1368.47776	
9.91602	1399.34219	1399.31773	1368.60694	1368.59993	
9.926249	1399.46494	1399.4399	1368.72969	1368.72211	
9.93635	1399.58616	1399.56207	1368.85091	1368.85301	
9.947673	1399.72211	1399.7017	1368.98686	1368.98391	
9.957869	1399.84442	1399.82387	1369.10918	1369.10608	
9.968003	1399.96602	1399.93732	1369.23077	1369.2108	
9.978104	1400.08721	1400.05949	1369.35196	1369.33297	
9.988331	1400.20999	1400.17294	1369.47474	1369.44642	
9.998404	1400.33081	1400.29511	1369.59556	1369.55986	
10.00854	1400.45245	1400.40856	1369.7172	1369.68204	
10.01866	1400.57386	1400.522	1369.83861	1369.80421	
10.02882	1400.6962	1400.64418	1369.96095	1369.91766	
10.04877	1400.93524	1400.76635	1370.19999	1370.0311	
10.05339	1400.99069	1400.93216	1370.25544	1370.20564	
10.06359	1401.11308	1401.05433	1370.37783	1370.32781	
10.07368	1401.23413	1401.18523	1370.49888	1370.44998	
10.08377	1401.3552	1401.31613	1370.61995	1370.58088	
10.09403	1401.47827	1401.44703	1370.74302	1370.71178	
10.10413	1401.59951	1401.5692	1370.86426	1370.83395	
10.11428	1401.72132	1401.7001	1370.98607	1370.95613	
10.12443	1401.84311	1401.82228	1371.10786	1371.09575	
10.13456	1401.96464	1401.95317	1371.2294	1371.21793	
10.14474	1402.08686	1402.07535	1371.35162	1371.3401	
10.15488	1402.20854	1402.20625	1371.4733	1371.471	
10.16512	1402.3314	1402.32842	1371.59615	1371.58445	
10.1753	1402.45351	1402.45059	1371.71826	1371.70662	
10.18539	1402.57462	1402.57277	1371.83937	1371.82879	
10.1955	1402.69591	1402.69494	1371.96066	1371.95097	
10.20569	1402.81829	1402.81711	1372.08304	1372.06441	
10.21586	1402.94033	1402.93056	1372.20508	1372.17786	
10.226	1403.06201	1403.05273	1372.32676	1372.30003	
10.23615	1403.18374	1403.17491	1372.44849	1372.4222	
10.24627	1403.30524	1403.27963	1372.56999	1372.53565	
10.25663	1403.42958	1403.4018	1372.69433	1372.65782	
10.26667	1403.54998	1403.50652	1372.81473	1372.77127	
10.27686	1403.6727	1403.61996	1372.93745	1372.89344	
10.28704	1403.79446	1403.73341	1373.05922	1373.00689	
10.29709	1403.91509	1403.85558	1373.17984	1373.12906	
10.30729	1404.03743	1403.96903	1373.30218	1373.25124	
10.3174	1404.15874	1404.0912	1373.42349	1373.36468	
10.32767	1404.28195	1404.21338	1373.5467	1373.48685	
10.33773	1404.40266	1404.33555	1373.66741	1373.60903	
10.34824	1404.52894	1404.45772	1373.79369	1373.73993	
10.35829	1404.64943	1404.58862	1373.91418	1373.8621	
10.36861	1404.77336	1404.7108	1374.03812	1373.993	
10.37879	1404.8954	1404.84169	1374.16016	1374.1239	
10.38897	1405.01755	1404.97259	1374.2823	1374.24607	
10.39955	1405.14454	1405.09477	1374.40929	1374.37697	
10.4092	1405.26032	1405.22567	1374.52508	1374.50787	
10.41937	1405.38247	1405.35657	1374.64722	1374.63005	
10.42947	1405.50359	1405.47874	1374.76834	1374.76095	
10.43965	1405.6258	1405.60091	1374.89055	1374.88312	
10.44984	1405.74805	1405.72309	1375.0128	1375.00529	
10.46099	1405.88186	1405.86271	1375.14662	1375.13619	
10.47116	1406.00393	1405.98489	1375.26868	1375.25836	
10.48131	1406.12483	1406.10706	1375.38959	1375.38054	
10.4914	1406.24435	1406.22923	1375.5091	1375.49398	
10.50161	1406.36472	1406.34268	1375.62947	1375.60743	
10.51365	1406.50576	1406.46485	1375.77052	1375.7296	
10.52187	1406.6017	1406.5783	1375.86645	1375.84305	
10.53201	1406.71944	1406.70047	1375.98419	1375.9565	
10.5422	1406.83703	1406.81392	1376.10178	1376.07867	
10.55233	1406.95345	1406.92736	1376.2182	1376.19212	
10.56368	1407.08298	1407.05826	1376.34773	1376.32301	
10.57383	1407.19827	1407.17171	1376.46302	1376.43646	
10.584	1407.31326	1407.29388	1376.57801	1376.54991	
10.59413	1407.42701	1407.3986	1376.69176	1376.67208	
10.60424	1407.54009	1407.52078	1376.80484	1376.78553	
10.61443	1407.65339	1407.63422	1376.91814	1376.89025	
10.62459	1407.76568	1407.74767	1377.03043	1377.01242	
10.63473	1407.87723	1407.86111	1377.14198	1377.12587	
10.64489	1407.98864	1407.97456	1377.25339	1377.23931	
10.65502	1408.09849	1408.08801	1377.36324	1377.35276	
10.66637	1408.2212	1408.21891	1377.48596	1377.47493	
10.67709	1408.33643	1408.33235	1377.60118	1377.58838	
10.68709	1408.44332	1408.4458	1377.70807	1377.6931	
10.69717	1408.55034	1408.55052	1377.81509	1377.79782	
10.70726	1408.65694	1408.65524	1377.92169	1377.90254	
10.71747	1408.76419	1408.76869	1378.02894	1378.00726	
10.72765	1408.87057	1408.88213	1378.13533	1378.11198	
10.73776	1408.97551	1408.98685	1378.24027	1378.2167	
10.7479	1409.08022	1409.09157	1378.34498	1378.32142	
10.75832	1409.18719	1409.19629	1378.45195	1378.42614	
10.76912	1409.29736	1409.31846	1378.56211	1378.53958	
10.77922	1409.39975	1409.41446	1378.6645	1378.63558	
10.78936	1409.50197	1409.51045	1378.76673	1378.7403	
10.79956	1409.60414	1409.61517	1378.86889	1378.84502	
10.80986	1409.70673	1409.70244	1378.97149	1378.94974	
10.81978	1409.80485	1409.79843	1379.0696	1379.05446	
10.82997	1409.90512	1409.89442	1379.16987	1379.15917	
10.84008	1410.00398	1409.98169	1379.26873	1379.25517	
10.8502	1410.10231	1410.07768	1379.36707	1379.35116	
10.86037	1410.20064	1410.16495	1379.46539	1379.44715	
10.87183	1410.31042	1410.26967	1379.57518	1379.5606	
10.88189	1410.40631	1410.36566	1379.67106	1379.64787	
10.89204	1410.50246	1410.46166	1379.76721	1379.75259	
10.90224	1410.59846	1410.55765	1379.86321	1379.84858	
10.91238	1410.69323	1410.65364	1379.95798	1379.93585	
10.92251	1410.78735	1410.74963	1380.0521	1380.03184	
10.93268	1410.8812	1410.85435	1380.14595	1380.11911	
10.94283	1410.97428	1410.95035	1380.23904	1380.2151	
10.95304	1411.06721	1411.04634	1380.33196	1380.31109	
10.96317	1411.1589	1411.14233	1380.42365	1380.40709	
10.97444	1411.26014	1411.24705	1380.52489	1380.51181	
10.9846	1411.35073	1411.34305	1380.61548	1380.59907	
10.9947	1411.44023	1411.43904	1380.70498	1380.69506	
11.00493	1411.53061	1411.52631	1380.79536	1380.79106	
11.01502	1411.61843	1411.6223	1380.88318	1380.87832	
11.02521	1411.70694	1411.70084	1380.97169	1380.97432	
11.03537	1411.79451	1411.78811	1381.05926	1381.06158	
11.04552	1411.88138	1411.87537	1381.14613	1381.14885	
11.0557	1411.96795	1411.95391	1381.2327	1381.23612	
11.06577	1412.05289	1412.04118	1381.31764	1381.32338	
11.07706	1412.14752	1412.12844	1381.41227	1381.41065	
11.08718	1412.2316	1412.21571	1381.49636	1381.48919	
11.09734	1412.31541	1412.28552	1381.58016	1381.56773	
11.10764	1412.39983	1412.37279	1381.66458	1381.63754	
11.11812	1412.48504	1412.45133	1381.74979	1381.71608	
11.12785	1412.5636	1412.52987	1381.82835	1381.79462	
11.13792	1412.64431	1412.61714	1381.90907	1381.87316	
11.14805	1412.72488	1412.7044	1381.98963	1381.9517	
11.1582	1412.80501	1412.77422	1382.06977	1382.03024	
11.16837	1412.88468	1412.86148	1382.14943	1382.11751	
11.1797	1412.97266	1412.94875	1382.23741	1382.20477	
11.18993	1413.0515	1413.03602	1382.31625	1382.29204	
11.20004	1413.12872	1413.11456	1382.39347	1382.37058	
11.21035	1413.20695	1413.1931	1382.47171	1382.45785	
11.22036	1413.28234	1413.28036	1382.54709	1382.53639	
11.23837	1413.41552	1413.41999	1382.68027	1382.67601	
11.24293	1413.44926	1413.45489	1382.71401	1382.71965	
11.2531	1413.52386	1413.53343	1382.78861	1382.78946	
11.26322	1413.59746	1413.61197	1382.86221	1382.868	
11.27337	1413.6707	1413.68179	1382.93545	1382.94654	
11.28364	1413.74419	1413.7516	1383.00894	1383.01635	
11.29377	1413.81596	1413.83014	1383.08071	1383.09489	
11.30394	1413.8875	1413.89995	1383.15225	1383.16471	
11.31413	1413.95854	1413.96104	1383.22329	1383.22579	
11.3242	1414.02811	1414.03085	1383.29286	1383.29561	
11.33442	1414.0982	1414.10067	1383.36295	1383.35669	
11.34453	1414.16681	1414.16175	1383.43156	1383.41778	
11.35469	1414.23521	1414.23157	1383.49996	1383.48759	
11.36482	1414.30288	1414.29265	1383.56764	1383.54868	
11.37496	1414.3699	1414.36247	1383.63466	1383.60976	
11.38524	1414.43733	1414.43228	1383.70208	1383.67085	
11.39541	1414.50333	1414.49337	1383.76808	1383.73194	
11.40548	1414.56813	1414.55445	1383.83288	1383.80175	
11.41572	1414.63333	1414.62427	1383.89808	1383.86284	
11.42582	1414.69708	1414.69408	1383.96183	1383.93265	
11.43599	1414.76073	1414.76389	1384.02548	1384.00246	
11.44623	1414.82412	1414.82498	1384.08888	1384.06355	
11.45634	1414.88611	1414.89479	1384.15087	1384.13336	
11.46653	1414.94802	1414.95588	1384.21277	1384.20318	
11.47681	1415.01057	1415.02569	1384.27532	1384.26426	
11.48784	1415.07547	1415.0955	1384.34022	1384.33408	
11.49791	1415.13474	1415.15659	1384.39949	1384.40389	
11.50802	1415.19365	1415.21768	1384.4584	1384.46498	
11.51916	1415.25786	1415.28749	1384.52261	1384.53479	
11.52857	1415.31158	1415.33985	1384.57634	1384.58715	
11.53895	1415.37024	1415.39221	1384.63499	1384.63951	
11.54886	1415.42584	1415.44457	1384.69059	1384.69187	
11.55909	1415.48217	1415.49693	1384.74692	1384.74423	
11.5692	1415.53748	1415.54929	1384.80223	1384.79659	
11.5796	1415.59374	1415.60165	1384.8585	1384.84895	
11.59043	1415.65159	1415.65401	1384.91634	1384.90131	
11.60967	1415.75175	1415.74128	1385.0165	1384.9973	
11.61432	1415.77601	1415.75873	1385.04076	1385.01475	
11.6244	1415.82791	1415.81109	1385.09266	1385.06711	
11.63458	1415.87966	1415.85472	1385.14441	1385.11075	
11.6447	1415.93057	1415.89836	1385.19532	1385.16311	
11.65484	1415.98093	1415.95072	1385.24568	1385.21547	
11.66509	1416.0312	1416.00308	1385.29595	1385.2591	
11.67514	1416.07996	1416.04671	1385.34471	1385.31146	
11.68532	1416.12869	1416.09907	1385.39344	1385.36382	
11.69561	1416.17737	1416.15143	1385.44212	1385.40745	
11.70569	1416.22444	1416.20379	1385.48919	1385.45981	
11.71584	1416.27122	1416.25615	1385.53598	1385.51217	
11.72598	1416.3174	1416.30851	1385.58215	1385.55581	
11.73613	1416.36299	1416.36087	1385.62774	1385.60817	
11.74629	1416.408	1416.4045	1385.67275	1385.66053	
11.75639	1416.45267	1416.45686	1385.71742	1385.71289	
11.76658	1416.49616	1416.50922	1385.76091	1385.75652	
11.77675	1416.53938	1416.55285	1385.80413	1385.80888	
11.78694	1416.58216	1416.59649	1385.84692	1385.85251	
11.79712	1416.62426	1416.64012	1385.88902	1385.89615	
11.80728	1416.66567	1416.68375	1385.93042	1385.93105	
11.81739	1416.70628	1416.71866	1385.97103	1385.97469	
11.82759	1416.74666	1416.76229	1386.01141	1386.01832	
11.83809	1416.78758	1416.7972	1386.05233	1386.05323	
11.84788	1416.82518	1416.83211	1386.08993	1386.08813	
11.85799	1416.86339	1416.86701	1386.12814	1386.12304	
11.86811	1416.90108	1416.89319	1386.16583	1386.15795	
11.87827	1416.93831	1416.9281	1386.20306	1386.19285	
11.88841	1416.97485	1416.96301	1386.23961	1386.22776	
11.89861	1417.01103	1416.98919	1386.27578	1386.25394	
11.90876	1417.04639	1417.02409	1386.31114	1386.28884	
11.91899	1417.08145	1417.05027	1386.3462	1386.32375	
11.92913	1417.1156	1417.08518	1386.38035	1386.34993	
11.93954	1417.15006	1417.12009	1386.41481	1386.38484	
11.94939	1417.18207	1417.15499	1386.44682	1386.41974	
11.95957	1417.21457	1417.1899	1386.47932	1386.45465	
11.96964	1417.24611	1417.22481	1386.51086	1386.48956	
11.97974	1417.27719	1417.25971	1386.54194	1386.52446	
11.98994	1417.30797	1417.29462	1386.57272	1386.55937	
12.00122	1417.34122	1417.32953	1386.60597	1386.603	
12.01132	1417.37044	1417.36443	1386.6352	1386.63791	
12.02147	1417.3992	1417.39934	1386.66395	1386.67282	
12.03168	1417.42757	1417.43425	1386.69232	1386.70772	
12.04201	1417.45563	1417.46915	1386.72038	1386.7339	
12.05195	1417.48206	1417.49533	1386.74681	1386.76881	
12.06212	1417.50852	1417.52151	1386.77327	1386.80372	
12.07227	1417.53433	1417.54769	1386.79908	1386.8299	
12.08237	1417.55943	1417.57387	1386.82418	1386.85608	
12.09256	1417.58417	1417.59133	1386.84892	1386.88226	
12.10382	1417.61076	1417.6175	1386.87551	1386.90844	
12.11398	1417.63416	1417.64368	1386.89891	1386.93462	
12.12408	1417.65686	1417.66114	1386.92161	1386.95207	
12.13426	1417.67915	1417.66986	1386.9439	1386.96952	
12.14436	1417.70068	1417.68732	1386.96543	1386.98698	
12.15452	1417.72176	1417.69604	1386.98652	1387.00443	
12.16469	1417.74227	1417.7135	1387.00702	1387.01316	
12.17485	1417.76218	1417.73095	1387.02694	1387.03061	
12.18507	1417.78162	1417.73968	1387.04638	1387.04806	
12.19512	1417.80016	1417.75713	1387.06491	1387.05679	
12.20649	1417.82038	1417.76586	1387.08513	1387.06552	
12.21661	1417.83783	1417.78331	1387.10258	1387.07424	
12.22671	1417.85468	1417.80076	1387.11943	1387.08297	
12.23687	1417.87103	1417.81822	1387.13579	1387.0917	
12.24698	1417.88676	1417.83567	1387.15152	1387.10915	
12.25727	1417.90217	1417.86185	1387.16692	1387.11788	
12.26736	1417.91671	1417.8793	1387.18146	1387.13533	
12.27748	1417.93074	1417.90548	1387.19549	1387.15278	
12.28772	1417.94436	1417.92294	1387.20911	1387.16151	
12.29808	1417.95753	1417.94039	1387.22228	1387.18769	
12.30915	1417.97092	1417.95784	1387.23567	1387.20514	
12.31926	1417.98262	1417.9753	1387.24737	1387.2226	
12.32941	1417.9938	1417.99275	1387.25855	1387.24878	
12.33949	1418.00437	1418.00148	1387.26912	1387.26623	
12.34987	1418.01467	1418.0102	1387.27942	1387.28368	
12.35988	1418.02407	1418.01893	1387.28882	1387.30114	
12.36997	1418.033	1418.02766	1387.29776	1387.31859	
12.38011	1418.04144	1418.02766	1387.30619	1387.33604	
12.39027	1418.04936	1418.03638	1387.31411	1387.34477	
12.40074	1418.05695	1418.03638	1387.3217	1387.3535	
12.41186	1418.06435	1418.04511	1387.3291	1387.36222	
12.42204	1418.07063	1418.04511	1387.33539	1387.36222	
12.43218	1418.07638	1418.04511	1387.34113	1387.3535	
12.44229	1418.08161	1418.04511	1387.34636	1387.3535	
12.45248	1418.08639	1418.04511	1387.35114	1387.34477	
12.46266	1418.09067	1418.04511	1387.35542	1387.34477	
12.47282	1418.09447	1418.04511	1387.35922	1387.34477	
12.48296	1418.0978	1418.04511	1387.36255	1387.34477	
12.49309	1418.1007	1418.04511	1387.36545	1387.34477	
12.50328	1418.10318	1418.05384	1387.36793	1387.3535	
12.5148	1418.10547	1418.05384	1387.37023	1387.3535	
12.53288	1418.11198	1418.06256	1387.37673	1387.36222	
12.53762	1418.11198	1418.06256	1387.37673	1387.36222	
12.5477	1418.11198	1418.06256	1387.37673	1387.36222	
12.55819	1418.11198	1418.06256	1387.37673	1387.3535	
12.56819	1418.11198	1418.06256	1387.37673	1387.3535	
12.57815	1418.11198	1418.07129	1387.37673	1387.3535	
12.58829	1418.11198	1418.07129	1387.37673	1387.3535	
12.59843	1418.11198	1418.07129	1387.37673	1387.3535	
12.60857	1418.11198	1418.07129	1387.37673	1387.3535	
12.6188	1418.11198	1418.07129	1387.37673	1387.3535	
12.629	1418.11198	1418.07129	1387.37673	1387.3535	
12.63911	1418.11198	1418.07129	1387.37673	1387.3535	
12.6493	1418.11198	1418.07129	1387.37673	1387.3535	
12.65979	1418.11198	1418.07129	1387.37673	1387.3535	
12.66955	1418.11198	1418.07129	1387.37673	1387.3535	
12.67977	1418.11198	1418.07129	1387.37673	1387.3535	
12.68985	1418.11198	1418.07129	1387.37673	1387.3535	
12.69995	1418.11198	1418.07129	1387.37673	1387.3535	
12.71012	1418.11198	1418.07129	1387.37673	1387.3535	
12.7203	1418.11198	1418.07129	1387.37673	1387.3535	
12.73055	1418.11198	1418.07129	1387.37673	1387.3535	
12.74065	1418.11198	1418.07129	1387.37673	1387.3535	
12.75077	1418.11198	1418.07129	1387.37673	1387.3535	
12.76115	1418.11198	1418.07129	1387.37673	1387.3535	
12.77124	1418.11198	1418.07129	1387.37673	1387.3535	
12.78142	1418.11198	1418.07129	1387.37673	1387.3535	
12.79165	1418.11198	1418.07129	1387.37673	1387.3535	
12.80169	1418.11198	1418.07129	1387.37673	1387.3535	
12.81186	1418.11198	1418.07129	1387.37673	1387.3535	
12.8225	1418.11198	1418.07129	1387.37673	1387.3535	
12.83269	1418.11198	1418.07129	1387.37673	1387.3535	
12.84279	1418.11198	1418.07129	1387.37673	1387.3535	
12.85295	1418.11198	1418.07129	1387.37673	1387.3535	
12.86309	1418.11198	1418.07129	1387.37673	1387.3535	
12.87331	1418.11198	1418.07129	1387.37673	1387.3535	
12.88345	1418.11198	1418.07129	1387.37673	1387.3535	
12.89358	1418.11198	1418.07129	1387.37673	1387.3535	
12.90379	1418.11198	1418.07129	1387.37673	1387.3535	
12.91385	1418.11198	1418.07129	1387.37673	1387.3535	
12.92516	1418.11198	1418.07129	1387.37673	1387.3535	
12.93532	1418.11198	1418.07129	1387.37673	1387.3535	
12.9454	1418.11198	1418.07129	1387.37673	1387.3535	
12.95558	1418.11198	1418.07129	1387.37673	1387.3535	
12.9657	1418.11198	1418.07129	1387.37673	1387.3535	
12.97594	1418.11198	1418.07129	1387.37673	1387.3535	
12.98614	1418.11198	1418.07129	1387.37673	1387.3535	
12.99618	1418.11198	1418.07129	1387.37673	1387.3535	
13.00637	1418.11198	1418.07129	1387.37673	1387.3535	
13.01681	1418.11198	1418.07129	1387.37673	1387.3535	
13.02787	1418.11198	1418.07129	1387.37673	1387.3535	
13.03802	1418.11198	1418.07129	1387.37673	1387.3535	
13.04817	1418.11198	1418.07129	1387.37673	1387.3535	
13.05827	1418.11198	1418.07129	1387.37673	1387.3535	
13.06844	1418.11198	1418.07129	1387.37673	1387.3535	
13.0786	1418.11198	1418.07129	1387.37673	1387.3535	
13.08873	1418.11198	1418.07129	1387.37673	1387.3535	
13.09895	1418.11198	1418.07129	1387.37673	1387.3535	
13.10906	1418.11198	1418.07129	1387.37673	1387.3535	
13.11961	1418.11198	1418.07129	1387.37673	1387.3535	
13.1306	1418.11198	1418.07129	1387.37673	1387.3535	
13.14073	1418.11198	1418.07129	1387.37673	1387.3535	
13.15091	1418.11198	1418.07129	1387.37673	1387.3535	
13.16109	1418.11198	1418.07129	1387.37673	1387.3535	
13.17124	1418.11198	1418.07129	1387.37673	1387.3535	
13.1814	1418.11198	1418.07129	1387.37673	1387.3535	
13.19162	1418.11198	1418.07129	1387.37673	1387.3535	
13.20175	1418.11198	1418.07129	1387.37673	1387.3535	
13.21185	1418.11198	1418.07129	1387.37673	1387.3535	
13.22203	1418.11198	1418.07129	1387.37673	1387.3535	
13.23334	1418.11198	1418.07129	1387.37673	1387.3535	
13.24343	1418.11198	1418.07129	1387.37673	1387.3535	
13.25357	1418.11198	1418.07129	1387.37673	1387.3535	
13.26382	1418.11198	1418.07129	1387.37673	1387.3535	
13.27383	1418.11198	1418.07129	1387.37673	1387.3535	
13.28404	1418.11198	1418.07129	1387.37673	1387.3535	
13.29419	1418.11198	1418.07129	1387.37673	1387.3535	
13.30438	1418.11198	1418.07129	1387.37673	1387.3535	
13.3145	1418.11198	1418.07129	1387.37673	1387.3535	
13.32462	1418.11198	1418.07129	1387.37673	1387.3535	
13.33593	1418.11198	1418.07129	1387.37673	1387.3535	
13.34604	1418.11198	1418.07129	1387.37673	1387.3535	
13.35618	1418.11198	1418.07129	1387.37673	1387.3535	
13.3664	1418.11198	1418.07129	1387.37673	1387.3535	
13.37682	1418.11198	1418.07129	1387.37673	1387.3535	
13.38665	1418.11198	1418.07129	1387.37673	1387.3535	
13.39679	1418.11198	1418.07129	1387.37673	1387.3535	
13.40696	1418.11198	1418.07129	1387.37673	1387.3535	
13.41719	1418.11198	1418.07129	1387.37673	1387.3535	
13.42724	1418.11198	1418.07129	1387.37673	1387.3535	
13.43855	1418.11198	1418.07129	1387.37673	1387.3535	
13.4488	1418.11198	1418.07129	1387.37673	1387.3535	
13.45883	1418.11198	1418.07129	1387.37673	1387.3535	
13.46904	1418.11198	1418.07129	1387.37673	1387.3535	
13.47957	1418.11198	1418.07129	1387.37673	1387.3535	
13.48935	1418.11198	1418.07129	1387.37673	1387.3535	
13.49946	1418.11198	1418.07129	1387.37673	1387.3535	
13.50966	1418.11198	1418.07129	1387.37673	1387.3535	
13.52177	1418.11198	1418.07129	1387.37673	1387.3535	
13.52989	1418.11198	1418.07129	1387.37673	1387.3535	
13.5414	1418.11198	1418.07129	1387.37673	1387.3535	
13.55182	1418.11198	1418.07129	1387.37673	1387.3535	
13.56192	1418.11198	1418.07129	1387.37673	1387.3535	
13.57205	1418.11198	1418.07129	1387.37673	1387.3535	
13.58229	1418.11198	1418.07129	1387.37673	1387.3535	
13.59237	1418.11198	1418.07129	1387.37673	1387.3535	
13.61266	1418.11198	1418.07129	1387.37673	1387.3535	
13.61734	1418.11198	1418.07129	1387.37673	1387.3535	
13.62734	1418.11198	1418.07129	1387.37673	1387.3535	
13.63982	1418.11198	1418.07129	1387.37673	1387.3535	
13.64795	1418.11198	1418.07129	1387.37673	1387.3535	
13.65786	1418.11198	1418.07129	1387.37673	1387.3535	
13.668	1418.11198	1418.07129	1387.37673	1387.3535	
13.67834	1418.11198	1418.07129	1387.37673	1387.3535	
13.68831	1418.11198	1418.07129	1387.37673	1387.3535	
13.69845	1418.11198	1418.07129	1387.37673	1387.3535	
13.70857	1418.11198	1418.07129	1387.37673	1387.3535	
13.71882	1418.11198	1418.07129	1387.37673	1387.3535	
13.72887	1418.11198	1418.07129	1387.37673	1387.3535	
13.73907	1418.11198	1418.07129	1387.37673	1387.3535	
13.74925	1418.11198	1418.07129	1387.37673	1387.3535	
13.75942	1418.11198	1418.07129	1387.37673	1387.3535	
13.76949	1418.11198	1418.07129	1387.37673	1387.3535	
13.7796	1418.11198	1418.07129	1387.37673	1387.3535	
13.78986	1418.11198	1418.07129	1387.37673	1387.3535	
13.79997	1418.11198	1418.07129	1387.37673	1387.3535	
13.81008	1418.11198	1418.07129	1387.37673	1387.3535	
13.82041	1418.11198	1418.07129	1387.37673	1387.3535	
13.83044	1418.11198	1418.07129	1387.37673	1387.3535	
13.84919	1418.11198	1418.07129	1387.37673	1387.3535	
13.85382	1418.11198	1418.07129	1387.37673	1387.3535	
13.864	1418.11198	1418.07129	1387.37673	1387.3535	
13.8741	1418.11198	1418.07129	1387.37673	1387.3535	
13.88421	1418.11198	1418.07129	1387.37673	1387.3535	
13.89446	1418.11198	1418.07129	1387.37673	1387.3535	
13.90454	1418.11198	1418.07129	1387.37673	1387.3535	
13.91471	1418.11198	1418.07129	1387.37673	1387.3535	
13.92487	1418.11198	1418.07129	1387.37673	1387.3535	
13.93501	1418.11198	1418.07129	1387.37673	1387.3535	
13.94774	1418.11198	1418.07129	1387.37673	1387.3535	
13.95568	1418.11198	1418.07129	1387.37673	1387.3535	
13.96548	1418.11198	1418.07129	1387.37673	1387.3535	
13.97571	1418.11198	1418.07129	1387.37673	1387.3535	
13.98577	1418.11198	1418.07129	1387.37673	1387.3535	
13.99595	1418.11198	1418.07129	1387.37673	1387.3535	
14.00609	1418.11198	1418.07129	1387.37673	1387.3535	
14.01631	1418.11198	1418.07129	1387.37673	1387.3535	
14.0265	1418.11198	1418.07129	1387.37673	1387.3535	
14.0369	1418.11198	1418.07129	1387.37673	1387.3535	
14.04684	1418.11198	1418.07129	1387.37673	1387.3535	
14.05706	1418.11198	1418.07129	1387.37673	1387.3535	
14.06715	1418.11198	1418.07129	1387.37673	1387.3535	
14.07745	1418.11198	1418.07129	1387.37673	1387.3535	
14.08775	1418.11198	1418.07129	1387.37673	1387.3535	
14.0981	1418.11198	1418.07129	1387.37673	1387.3535	
14.10789	1418.11198	1418.07129	1387.37673	1387.3535	
14.11802	1418.11198	1418.07129	1387.37673	1387.3535	
14.12821	1418.11198	1418.07129	1387.37673	1387.3535	
14.13832	1418.11198	1418.07129	1387.37673	1387.3535	
14.14847	1418.11198	1418.07129	1387.37673	1387.3535	
14.15867	1418.11198	1418.07129	1387.37673	1387.3535	
14.16882	1418.11198	1418.07129	1387.37673	1387.3535	
14.17901	1418.11198	1418.07129	1387.37673	1387.3535	
14.18912	1418.11198	1418.07129	1387.37673	1387.3535	
14.19959	1418.11198	1418.07129	1387.37673	1387.3535	
14.20946	1418.11198	1418.07129	1387.37673	1387.3535	
14.21959	1418.11198	1418.07129	1387.37673	1387.3535	
14.22973	1418.11198	1418.07129	1387.37673	1387.3535	
14.23994	1418.11198	1418.07129	1387.37673	1387.3535	
14.25004	1418.11198	1418.07129	1387.37673	1387.3535	
14.26022	1418.11198	1418.07129	1387.37673	1387.3535	
14.2705	1418.11198	1418.07129	1387.37673	1387.3535	
14.28059	1418.11198	1418.07129	1387.37673	1387.3535	
14.29065	1418.11198	1418.07129	1387.37673	1387.3535	
14.30107	1418.11198	1418.07129	1387.37673	1387.3535	
14.31124	1418.11198	1418.07129	1387.37673	1387.3535	
14.32146	1418.11198	1418.07129	1387.37673	1387.3535	
14.33159	1418.11198	1418.07129	1387.37673	1387.3535	
14.34211	1418.11198	1418.07129	1387.37673	1387.3535	
14.35196	1418.11198	1418.07129	1387.37673	1387.3535	
14.36259	1418.11198	1418.07129	1387.37673	1387.3535	
14.37275	1418.11198	1418.07129	1387.37673	1387.3535	
14.3829	1418.11198	1418.07129	1387.37673	1387.3535	
14.39305	1418.11198	1418.07129	1387.37673	1387.3535	
14.40316	1418.11198	1418.07129	1387.37673	1387.3535	
14.4134	1418.11198	1418.07129	1387.37673	1387.3535	
14.42353	1418.11198	1418.07129	1387.37673	1387.3535	
14.43367	1418.11198	1418.07129	1387.37673	1387.3535	
14.44382	1418.11198	1418.07129	1387.37673	1387.3535	
14.45397	1418.11198	1418.07129	1387.37673	1387.3535	
14.46525	1418.11198	1418.07129	1387.37673	1387.3535	
14.47539	1418.11198	1418.07129	1387.37673	1387.3535	
14.4855	1418.11198	1418.07129	1387.37673	1387.3535	
14.49568	1418.11198	1418.07129	1387.37673	1387.3535	
14.50578	1418.11198	1418.07129	1387.37673	1387.3535	
14.51597	1418.11198	1418.07129	1387.37673	1387.3535	
14.52612	1418.11198	1418.07129	1387.37673	1387.3535	
14.53628	1418.11198	1418.07129	1387.37673	1387.3535	
14.54656	1418.11198	1418.07129	1387.37673	1387.3535	
14.55696	1418.11198	1418.07129	1387.37673	1387.3535	
14.56796	1418.11198	1418.07129	1387.37673	1387.3535	
14.57804	1418.11198	1418.07129	1387.37673	1387.3535	
14.58815	1418.11198	1418.07129	1387.37673	1387.3535	
14.59831	1418.11198	1418.07129	1387.37673	1387.3535	
14.60847	1418.11198	1418.07129	1387.37673	1387.3535	
14.61859	1418.11198	1418.07129	1387.37673	1387.3535	
14.62875	1418.11198	1418.07129	1387.37673	1387.3535	
14.63893	1418.11198	1418.07129	1387.37673	1387.3535	
14.64907	1418.11198	1418.07129	1387.37673	1387.3535	
14.65954	1418.11198	1418.07129	1387.37673	1387.3535	
14.67882	1418.11198	1418.07129	1387.37673	1387.3535	
14.68341	1418.11198	1418.07129	1387.37673	1387.3535	
14.69357	1418.11198	1418.07129	1387.37673	1387.3535	
14.70374	1418.11198	1418.07129	1387.37673	1387.3535	
14.71391	1418.11198	1418.07129	1387.37673	1387.3535	
14.72405	1418.11198	1418.07129	1387.37673	1387.3535	
14.7342	1418.11198	1418.07129	1387.37673	1387.3535	
14.74438	1418.11198	1418.07129	1387.37673	1387.3535	
14.75447	1418.11198	1418.07129	1387.37673	1387.3535	
14.76467	1418.11198	1418.07129	1387.37673	1387.3535	
14.77492	1418.11198	1418.07129	1387.37673	1387.3535	
14.78506	1418.11198	1418.07129	1387.37673	1387.3535	
14.79518	1418.11198	1418.07129	1387.37673	1387.3535	
14.80536	1418.11198	1418.07129	1387.37673	1387.3535	
14.81546	1418.11198	1418.07129	1387.37673	1387.3535	
14.82565	1418.11198	1418.07129	1387.37673	1387.3535	
14.83579	1418.11198	1418.07129	1387.37673	1387.3535	
14.84594	1418.11198	1418.07129	1387.37673	1387.3535	
14.85614	1418.11198	1418.07129	1387.37673	1387.3535	
14.86626	1418.11198	1418.07129	1387.37673	1387.3535	
14.87648	1418.11198	1418.07129	1387.37673	1387.3535	
14.8867	1418.11198	1418.07129	1387.37673	1387.3535	
14.89682	1418.11198	1418.07129	1387.37673	1387.3535	
14.90686	1418.11198	1418.07129	1387.37673	1387.3535	
14.91701	1418.11198	1418.07129	1387.37673	1387.3535	
14.92725	1418.11198	1418.07129	1387.37673	1387.3535	
14.9375	1418.11198	1418.07129	1387.37673	1387.3535	
14.94749	1418.11198	1418.07129	1387.37673	1387.3535	
14.95768	1418.11198	1418.07129	1387.37673	1387.3535	
14.96817	1418.11198	1418.07129	1387.37673	1387.3535	
14.97856	1418.11198	1418.07129	1387.37673	1387.3535	
14.98872	1418.11198	1418.07129	1387.37673	1387.3535	
14.99887	1418.11198	1418.07129	1387.37673	1387.3535	
15.00905	1418.11198	1418.07129	1387.37673	1387.3535	
15.01955	1418.11198	1418.07129	1387.37673	1387.3535	
15.02938	1418.11198	1418.07129	1387.37673	1387.3535	
15.03945	1418.11198	1418.07129	1387.37673	1387.3535	
15.04965	1418.11198	1418.07129	1387.37673	1387.3535	
15.05974	1418.11198	1418.07129	1387.37673	1387.3535	
15.06995	1418.11198	1418.07129	1387.37673	1387.3535	
15.08157	1418.11198	1418.07129	1387.37673	1387.3535	
15.09164	1418.11198	1418.07129	1387.37673	1387.3535	
15.1018	1418.11198	1418.07129	1387.37673	1387.3535	
15.112	1418.11198	1418.07129	1387.37673	1387.3535	
15.12213	1418.11198	1418.07129	1387.37673	1387.3535	
15.13228	1418.11198	1418.07129	1387.37673	1387.3535	
15.14248	1418.11198	1418.07129	1387.37673	1387.3535	
15.15258	1418.11198	1418.07129	1387.37673	1387.3535	
15.16271	1418.11198	1418.07129	1387.37673	1387.3535	
15.17289	1418.11198	1418.07129	1387.37673	1387.3535	
15.1844	1418.11198	1418.08002	1387.37673	1387.3535	
15.19444	1418.11198	1418.08002	1387.37673	1387.3535	
15.20459	1418.11198	1418.08002	1387.37673	1387.3535	
15.21477	1418.11198	1418.08002	1387.37673	1387.3535	
15.22487	1418.11198	1418.08002	1387.37673	1387.3535	
15.23507	1418.11198	1418.08874	1387.37673	1387.3535	
15.24522	1418.11198	1418.09747	1387.37673	1387.3535	
15.25539	1418.11198	1418.09747	1387.37673	1387.3535	
15.26563	1418.11198	1418.1062	1387.37673	1387.3535	
15.27568	1418.11198	1418.11492	1387.37673	1387.3535	
15.28627	1418.11198	1418.11492	1387.37673	1387.3535	
15.29641	1418.11198	1418.11492	1387.37673	1387.3535	
15.30654	1418.11198	1418.12365	1387.37673	1387.3535	
15.31667	1418.11198	1418.12365	1387.37673	1387.3535	
15.32694	1418.11198	1418.12365	1387.37673	1387.3535	
15.337	1418.11198	1418.12365	1387.37673	1387.3535	
15.34713	1418.11198	1418.12365	1387.37673	1387.3535	
15.35728	1418.11198	1418.11492	1387.37673	1387.3535	
15.3674	1418.11198	1418.11492	1387.37673	1387.3535	
15.37806	1418.11198	1418.11492	1387.37673	1387.3535	
15.38775	1418.11198	1418.11492	1387.37673	1387.3535	
15.39788	1418.11198	1418.11492	1387.37673	1387.3535	
15.40809	1418.11198	1418.11492	1387.37673	1387.3535	
15.41815	1418.11198	1418.11492	1387.37673	1387.3535	
15.42827	1418.11198	1418.11492	1387.37673	1387.3535	
15.43843	1418.11198	1418.11492	1387.37673	1387.3535	
15.4486	1418.11198	1418.11492	1387.37673	1387.3535	
15.45874	1418.11198	1418.11492	1387.37673	1387.3535	
15.46893	1418.11198	1418.11492	1387.37673	1387.3535	
15.47908	1418.11198	1418.11492	1387.37673	1387.3535	
15.48954	1418.11198	1418.11492	1387.37673	1387.3535	
15.49936	1418.11198	1418.11492	1387.37673	1387.3535	
15.50945	1418.11198	1418.11492	1387.37673	1387.3535	
15.51962	1418.11198	1418.11492	1387.37673	1387.3535	
15.52978	1418.11198	1418.11492	1387.37673	1387.3535	
15.5399	1418.11198	1418.11492	1387.37673	1387.3535	
15.55005	1418.11198	1418.11492	1387.37673	1387.3535	
15.56028	1418.11198	1418.11492	1387.37673	1387.3535	
15.5704	1418.11198	1418.11492	1387.37673	1387.3535	
15.58057	1418.11198	1418.11492	1387.37673	1387.3535	
15.59069	1418.11198	1418.11492	1387.37673	1387.3535	
15.61132	1418.11198	1418.11492	1387.37673	1387.3535	
15.61598	1418.11198	1418.11492	1387.37673	1387.3535	
15.62605	1418.11198	1418.11492	1387.37673	1387.3535	
15.63621	1418.11198	1418.11492	1387.37673	1387.3535	
15.64634	1418.11198	1418.11492	1387.37673	1387.3535	
15.65651	1418.11198	1418.11492	1387.37673	1387.3535	
15.66668	1418.11198	1418.11492	1387.37673	1387.3535	
15.67683	1418.11198	1418.11492	1387.37673	1387.3535	
15.68699	1418.11198	1418.11492	1387.37673	1387.3535	
15.69713	1418.11198	1418.11492	1387.37673	1387.3535	
15.7073	1418.11198	1418.11492	1387.37673	1387.3535	
15.71745	1418.11198	1418.11492	1387.37673	1387.3535	
15.72764	1418.11198	1418.11492	1387.37673	1387.3535	
15.73775	1418.11198	1418.11492	1387.37673	1387.3535	
15.74788	1418.11198	1418.11492	1387.37673	1387.3535	
15.75801	1418.11198	1418.11492	1387.37673	1387.3535	
15.7682	1418.11198	1418.11492	1387.37673	1387.3535	
15.77831	1418.11198	1418.11492	1387.37673	1387.3535	
15.78845	1418.11198	1418.11492	1387.37673	1387.3535	
15.79866	1418.11198	1418.11492	1387.37673	1387.3535	
15.80901	1418.11198	1418.11492	1387.37673	1387.3535	
15.81896	1418.11198	1418.11492	1387.37673	1387.3535	
15.8291	1418.11198	1418.11492	1387.37673	1387.3535	
15.8392	1418.11198	1418.11492	1387.37673	1387.3535	
15.84935	1418.11198	1418.11492	1387.37673	1387.3535	
15.85949	1418.11198	1418.11492	1387.37673	1387.3535	
15.86964	1418.11198	1418.11492	1387.37673	1387.3535	
15.87979	1418.11198	1418.11492	1387.37673	1387.3535	
15.88993	1418.11198	1418.11492	1387.37673	1387.3535	
15.90004	1418.11198	1418.11492	1387.37673	1387.3535	
15.9104	1418.11198	1418.11492	1387.37673	1387.3535	
15.92045	1418.11198	1418.11492	1387.37673	1387.3535	
15.93057	1418.11198	1418.11492	1387.37673	1387.3535	
15.94064	1418.11198	1418.11492	1387.37673	1387.3535	
15.95085	1418.11198	1418.11492	1387.37673	1387.3535	
15.961	1418.11198	1418.11492	1387.37673	1387.3535	
15.97116	1418.11198	1418.11492	1387.37673	1387.3535	
15.98129	1418.11198	1418.11492	1387.37673	1387.3535	
15.99146	1418.11198	1418.11492	1387.37673	1387.3535	
16.0017	1418.11198	1418.11492	1387.37673	1387.3535	
16.01185	1418.11198	1418.11492	1387.37673	1387.3535	
16.02205	1418.11198	1418.11492	1387.37673	1387.3535	
16.03225	1418.11198	1418.11492	1387.37673	1387.3535	
16.04232	1418.11198	1418.11492	1387.37673	1387.3535	
16.05252	1418.11198	1418.11492	1387.37673	1387.3535	
16.06271	1418.11198	1418.11492	1387.37673	1387.3535	
16.07284	1418.11198	1418.11492	1387.37673	1387.3535	
16.08294	1418.11198	1418.11492	1387.37673	1387.3535	
16.09313	1418.11198	1418.11492	1387.37673	1387.3535	
16.1033	1418.11198	1418.11492	1387.37673	1387.3535	
16.11351	1418.11198	1418.11492	1387.37673	1387.3535	
16.12362	1418.11198	1418.11492	1387.37673	1387.3535	
16.13376	1418.11198	1418.11492	1387.37673	1387.3535	
16.14398	1418.11198	1418.11492	1387.37673	1387.3535	
16.15405	1418.11198	1418.11492	1387.37673	1387.3535	
16.16424	1418.11198	1418.11492	1387.37673	1387.3535	
16.1744	1418.11198	1418.11492	1387.37673	1387.3535	
16.18458	1418.11198	1418.11492	1387.37673	1387.3535	
16.19471	1418.11198	1418.11492	1387.37673	1387.3535	
16.20486	1418.11198	1418.11492	1387.37673	1387.3535	
16.21503	1418.11198	1418.11492	1387.37673	1387.3535	
16.22538	1418.11198	1418.11492	1387.37673	1387.3535	
16.23534	1418.11198	1418.11492	1387.37673	1387.3535	
16.24551	1418.11198	1418.11492	1387.37673	1387.3535	
16.25566	1418.11198	1418.11492	1387.37673	1387.3535	
16.26581	1418.11198	1418.11492	1387.37673	1387.3535	
16.27594	1418.11198	1418.11492	1387.37673	1387.3535	
16.2861	1418.11198	1418.11492	1387.37673	1387.3535	
16.29633	1418.11198	1418.11492	1387.37673	1387.3535	
16.30648	1418.11198	1418.11492	1387.37673	1387.3535	
16.31659	1418.11198	1418.11492	1387.37673	1387.3535	
16.32676	1418.11198	1418.11492	1387.37673	1387.3535	
16.33691	1418.11198	1418.11492	1387.37673	1387.3535	
16.34704	1418.11198	1418.11492	1387.37673	1387.3535	
16.35719	1418.11198	1418.11492	1387.37673	1387.3535	
16.36733	1418.11198	1418.11492	1387.37673	1387.3535	
16.37749	1418.11198	1418.11492	1387.37673	1387.3535	
16.38766	1418.11198	1418.11492	1387.37673	1387.3535	
16.39775	1418.11198	1418.11492	1387.37673	1387.3535	
16.4079	1418.11198	1418.11492	1387.37673	1387.3535	
16.41805	1418.11198	1418.11492	1387.37673	1387.3535	
16.42821	1418.11198	1418.11492	1387.37673	1387.3535	
16.43837	1418.11198	1418.11492	1387.37673	1387.3535	
16.44854	1418.11198	1418.11492	1387.37673	1387.3535	
16.45864	1418.11198	1418.11492	1387.37673	1387.3535	
16.4688	1418.11198	1418.11492	1387.37673	1387.3535	
16.47901	1418.11198	1418.11492	1387.37673	1387.3535	
16.48955	1418.11198	1418.11492	1387.37673	1387.3535	
16.49923	1418.11198	1418.11492	1387.37673	1387.3535	
16.50939	1418.11198	1418.11492	1387.37673	1387.3535	
16.51952	1418.11198	1418.11492	1387.37673	1387.3535	
16.53099	1418.11198	1418.11492	1387.37673	1387.3535	
16.54014	1418.11198	1418.11492	1387.37673	1387.3535	
16.5503	1418.11198	1418.11492	1387.37673	1387.3535	
16.56837	1418.11198	1418.11492	1387.37673	1387.3535	
16.57293	1418.11198	1418.11492	1387.37673	1387.3535	
16.5831	1418.11198	1418.11492	1387.37673	1387.3535	
16.59325	1418.11198	1418.11492	1387.37673	1387.3535	
16.6034	1418.11198	1418.11492	1387.37673	1387.3535	
16.61359	1418.11198	1418.11492	1387.37673	1387.3535	
16.62374	1418.11198	1418.11492	1387.37673	1387.3535	
16.63386	1418.11198	1418.11492	1387.37673	1387.3535	
16.64406	1418.11198	1418.11492	1387.37673	1387.3535	
16.65414	1418.11198	1418.11492	1387.37673	1387.3535	
16.6644	1418.11198	1418.11492	1387.37673	1387.3535	
16.68466	1418.11198	1418.11492	1387.37673	1387.3535	
16.69149	1418.11198	1418.11492	1387.37673	1387.3535	
