5.339767	
5.353198	
5.357557	
5.367682	
5.377868	
5.388017	
5.398302	
5.408357	
5.418436	
5.428613	
5.438845	
5.448924	
5.45907	
5.469228	
5.479406	
5.489533	
5.499658	
5.509836	
5.520001	
5.530185	
5.540326	
5.550478	
5.560608	
5.570722	
5.580907	
5.591117	
5.601232	
5.61137	
5.621572	
5.631696	
5.641855	
5.652008	
5.662162	
5.672397	
5.682498	
5.692636	
5.702869	
5.712945	
5.723096	
5.733311	
5.743421	
5.753554	
5.763686	
5.773839	
5.783959	
5.794103	
5.804257	
5.814407	
5.824612	
5.834746	
5.844932	
5.855052	
5.865131	
5.875382	
5.885479	
5.895582	
5.905855	
5.91595	
5.93443	
5.938809	
5.949206	
5.959183	
5.969285	
5.979437	
5.98962	
5.999714	
6.009889	
6.020045	
6.030241	
6.040472	
6.050582	
6.060737	
6.070963	
6.081035	
6.091194	
6.101362	
6.111495	
6.121643	
6.13178	
6.141947	
6.152086	
6.162269	
6.172406	
6.18255	
6.192689	
6.20284	
6.212971	
6.22318	
6.23333	
6.243437	
6.253582	
6.271854	
6.276317	
6.286397	
6.296537	
6.306784	
6.316938	
6.327144	
6.337249	
6.34736	
6.357576	
6.367743	
6.377852	
6.388015	
6.399457	
6.408613	
6.418758	
6.428879	
6.43905	
6.458967	
6.463754	
6.473537	
6.483661	
6.493781	
6.503943	
6.51409	
6.52424	
6.5344	
6.544612	
6.554774	
6.564875	
6.575082	
6.585157	
6.595264	
6.605491	
6.615604	
6.625755	
6.63589	
6.646039	
6.664089	
6.668476	
6.678806	
6.688765	
6.698911	
6.709059	
6.719277	
6.729378	
6.739519	
6.749684	
6.759832	
6.769989	
6.780125	
6.799386	
6.803793	
6.813921	
6.824053	
6.834213	
6.844377	
6.854515	
6.872538	
6.877018	
6.887101	
6.8972	
6.907385	
6.917579	
6.927656	
6.937839	
6.947997	
6.958225	
6.976239	
6.980572	
6.990701	
7.000857	
7.011032	
7.021178	
7.031368	
7.041451	
7.051665	
7.061837	
7.071968	
7.082165	
7.092305	
7.104776	1418.11632	1418.11492	1387.34616	1387.34477	
7.114838	1418.11798	1418.11492	1387.34782	1387.34477	
7.124998	1418.12028	1418.11492	1387.35012	1387.34477	
7.135112	1418.12318	1418.11492	1387.35303	1387.34477	
7.145523	1418.12683	1418.11492	1387.35668	1387.3535	
7.155389	1418.13085	1418.11492	1387.3607	1387.3535	
7.165611	1418.13566	1418.11492	1387.3655	1387.3535	
7.17571	1418.14102	1418.12365	1387.37086	1387.3535	
7.185814	1418.14699	1418.12365	1387.37684	1387.36222	
7.195998	1418.15364	1418.13238	1387.38348	1387.36222	
7.207419	1418.16192	1418.13238	1387.39176	1387.36222	
7.217585	1418.16986	1418.13238	1387.39971	1387.36222	
7.227727	1418.17841	1418.1411	1387.40825	1387.37095	
7.237858	1418.18756	1418.14983	1387.41741	1387.37968	
7.248026	1418.19737	1418.15856	1387.42722	1387.3884	
7.258198	1418.20781	1418.16728	1387.43765	1387.39713	
7.268382	1418.21887	1418.16728	1387.44872	1387.39713	
7.27851	1418.23049	1418.17601	1387.46034	1387.40586	
7.288637	1418.24273	1418.18474	1387.47257	1387.41458	
7.298819	1418.25566	1418.19346	1387.4855	1387.42331	
7.310261	1418.27101	1418.20219	1387.50086	1387.43204	
7.320496	1418.28534	1418.21092	1387.51519	1387.44949	
7.330556	1418.30001	1418.21964	1387.52986	1387.46694	
7.340725	1418.31548	1418.2371	1387.54532	1387.4844	
7.350879	1418.33154	1418.25455	1387.56138	1387.50185	
7.361055	1418.34826	1418.28073	1387.5781	1387.5193	
7.371169	1418.36548	1418.30691	1387.59533	1387.54548	
7.381314	1418.38339	1418.32436	1387.61323	1387.57166	
7.391507	1418.40199	1418.35927	1387.63184	1387.59784	
7.402106	1418.42279	1418.38545	1387.65264	1387.62402	
7.413363	1418.44411	1418.42036	1387.67395	1387.64148	
7.423381	1418.4643	1418.44654	1387.69414	1387.67638	
7.433412	1418.48512	1418.47272	1387.71496	1387.70256	
7.443564	1418.50682	1418.4989	1387.73666	1387.72874	
7.453991	1418.52977	1418.5338	1387.75962	1387.74619	
7.463872	1418.55209	1418.55126	1387.78194	1387.77237	
7.47402	1418.57564	1418.57744	1387.80548	1387.79855	
7.484163	1418.59979	1418.59489	1387.82964	1387.81601	
7.494304	1418.62456	1418.62107	1387.8544	1387.84219	
7.504511	1418.65012	1418.63852	1387.87996	1387.85964	
7.515941	1418.67957	1418.65598	1387.90941	1387.88582	
7.525976	1418.70598	1418.67343	1387.93583	1387.90327	
7.536153	1418.73339	1418.69088	1387.96324	1387.92073	
7.546279	1418.76126	1418.70834	1387.99111	1387.94691	
7.55671	1418.79066	1418.72579	1388.02051	1387.96436	
7.566814	1418.81973	1418.74324	1388.04958	1387.99054	
7.576969	1418.84957	1418.76942	1388.07942	1388.01672	
7.587126	1418.88003	1418.7956	1388.10987	1388.0429	
7.597266	1418.91105	1418.83051	1388.1409	1388.06908	
7.607447	1418.94283	1418.86542	1388.17268	1388.10399	
7.619035	1418.97988	1418.90905	1388.20973	1388.14762	
7.628776	1419.0115	1418.95268	1388.24134	1388.18253	
7.639037	1419.04547	1418.98759	1388.27531	1388.22616	
7.649084	1419.07933	1419.03995	1388.30917	1388.26979	
7.659199	1419.11404	1419.08358	1388.34389	1388.31343	
7.669434	1419.1498	1419.12721	1388.37965	1388.35706	
7.679564	1419.1858	1419.17957	1388.41565	1388.40069	
7.689711	1419.22247	1419.22321	1388.45232	1388.44433	
7.699863	1419.25978	1419.26684	1388.48963	1388.49669	
7.709994	1419.29764	1419.30175	1388.52749	1388.54032	
7.721373	1419.34099	1419.34538	1388.57084	1388.58395	
7.731537	1419.38027	1419.38901	1388.61012	1388.61886	
7.741712	1419.42022	1419.42392	1388.65007	1388.65377	
7.751775	1419.46034	1419.45883	1388.69019	1388.6974	
7.761911	1419.50137	1419.49373	1388.73121	1388.73231	
7.772164	1419.54351	1419.51991	1388.77335	1388.76721	
7.782289	1419.58573	1419.55482	1388.81557	1388.79339	
7.792377	1419.62841	1419.58973	1388.85826	1388.8283	
7.802567	1419.67214	1419.62463	1388.90199	1388.86321	
7.812675	1419.71615	1419.65954	1388.946	1388.89811	
7.824047	1419.76646	1419.70317	1388.9963	1388.94175	
7.83421	1419.812	1419.74681	1389.04184	1388.97665	
7.844324	1419.85794	1419.79044	1389.08778	1389.02029	
7.854491	1419.90473	1419.8428	1389.13458	1389.06392	
7.872955	1419.99225	1419.89516	1389.22209	1389.10755	
7.877593	1420.01417	1419.95625	1389.24401	1389.17736	
7.887701	1420.06271	1420.01733	1389.29255	1389.22972	
7.897852	1420.11207	1420.06969	1389.34191	1389.28208	
7.908161	1420.16286	1420.13078	1389.3927	1389.3519	
7.918328	1420.21355	1420.19187	1389.44339	1389.41298	
7.928583	1420.26537	1420.24423	1389.49522	1389.47407	
7.938687	1420.31693	1420.31404	1389.54677	1389.53516	
7.948815	1420.36929	1420.3664	1389.59914	1389.59624	
7.959038	1420.42277	1420.42749	1389.65261	1389.65733	
7.969179	1420.47643	1420.48857	1389.70627	1389.70969	
7.979295	1420.53055	1420.54093	1389.7604	1389.77078	
7.98947	1420.58563	1420.59329	1389.81548	1389.82314	
7.999607	1420.64113	1420.64565	1389.87098	1389.8755	
8.009751	1420.69727	1420.69801	1389.92712	1389.93658	
8.019938	1420.75428	1420.7591	1389.98412	1389.98022	
8.030151	1420.81209	1420.80273	1390.04193	1390.03258	
8.040262	1420.8699	1420.85509	1390.09974	1390.08494	
8.050483	1420.92898	1420.90745	1390.15882	1390.12857	
8.060634	1420.98824	1420.96854	1390.21809	1390.18093	
8.070745	1421.04789	1421.0209	1390.27773	1390.22456	
8.080954	1421.10877	1421.08198	1390.33862	1390.28565	
8.091084	1421.16977	1421.13434	1390.39961	1390.33801	
8.101221	1421.23145	1421.1867	1390.4613	1390.3991	
8.111459	1421.29438	1421.24779	1390.52423	1390.46018	
8.121523	1421.35683	1421.30888	1390.58668	1390.52127	
8.132043	1421.42279	1421.36996	1390.65264	1390.58235	
8.142216	1421.48718	1421.43978	1390.71703	1390.65217	
8.152353	1421.55194	1421.50086	1390.78179	1390.72198	
8.162484	1421.6173	1421.57068	1390.84715	1390.79179	
8.172688	1421.68379	1421.64922	1390.91364	1390.87033	
8.182825	1421.75039	1421.72776	1390.98024	1390.94887	
8.192942	1421.8175	1421.79757	1391.04734	1391.01869	
8.203106	1421.88556	1421.86738	1391.1154	1391.09723	
8.213277	1421.95429	1421.94592	1391.18413	1391.16704	
8.223788	1422.026	1422.01573	1391.25585	1391.24558	
8.234819	1422.10197	1422.09427	1391.33181	1391.33285	
8.245042	1422.17299	1422.16409	1391.40284	1391.40266	
8.255246	1422.24448	1422.2339	1391.47433	1391.47247	
8.265307	1422.3156	1422.30371	1391.54545	1391.54229	
8.275555	1422.38869	1422.37353	1391.61854	1391.6121	
8.285663	1422.46133	1422.44334	1391.69117	1391.68191	
8.295827	1422.53503	1422.50443	1391.76488	1391.743	
8.305945	1422.60903	1422.57424	1391.83887	1391.81281	
8.316078	1422.68374	1422.64405	1391.91358	1391.8739	
8.326707	1422.7628	1422.70514	1391.99265	1391.94371	
8.337594	1422.84449	1422.78368	1392.07434	1392.01352	
8.347888	1422.92237	1422.86222	1392.15222	1392.08334	
8.357984	1422.99932	1422.93203	1392.22916	1392.16188	
8.368074	1423.07688	1423.00185	1392.30672	1392.23169	
8.378258	1423.15577	1423.08911	1392.38562	1392.31896	
8.388416	1423.23504	1423.16765	1392.46489	1392.38877	
8.400717	1423.33212	1423.24619	1392.56197	1392.47604	
8.408874	1423.39671	1423.33346	1392.62655	1392.5633	
8.418987	1423.47751	1423.42072	1392.70736	1392.65057	
8.429151	1423.55937	1423.50799	1392.78922	1392.73784	
8.440221	1423.64926	1423.61271	1392.87911	1392.84256	
8.460864	1423.82006	1423.79597	1393.04991	1393.03454	
8.465463	1423.85798	1423.83088	1393.08783	1393.07818	
8.475566	1423.94215	1423.92687	1393.17199	1393.16544	
8.485794	1424.02797	1424.01414	1393.25782	1393.26144	
8.495883	1424.11322	1424.1014	1393.34306	1393.3487	
8.506042	1424.1997	1424.18867	1393.42954	1393.43597	
8.516257	1424.2873	1424.26721	1393.51714	1393.52323	
8.526338	1424.37434	1424.35448	1393.60418	1393.6105	
8.538713	1424.4823	1424.44174	1393.71214	1393.69777	
8.547031	1424.55505	1424.52028	1393.78489	1393.77631	
8.557133	1424.64406	1424.60755	1393.87391	1393.85485	
8.567554	1424.73666	1424.68609	1393.9665	1393.93339	
8.577439	1424.82501	1424.77335	1394.05486	1394.01193	
8.587638	1424.91685	1424.86062	1394.14669	1394.09919	
8.597781	1425.00876	1424.94789	1394.23861	1394.17773	
8.607929	1425.10134	1425.03515	1394.33119	1394.265	
8.618065	1425.19443	1425.12242	1394.42428	1394.34354	
8.628205	1425.28819	1425.21841	1394.51804	1394.43953	
8.63839	1425.38298	1425.30568	1394.61283	1394.5268	
8.648614	1425.47887	1425.4104	1394.70871	1394.62279	
8.658752	1425.57436	1425.50639	1394.80421	1394.72751	
8.668897	1425.67065	1425.60239	1394.90049	1394.83223	
8.67911	1425.7682	1425.70711	1394.99805	1394.93695	
8.689218	1425.86536	1425.81183	1395.0952	1395.04167	
8.699357	1425.96341	1425.91655	1395.19325	1395.14639	
8.709537	1426.06251	1426.02127	1395.29235	1395.25111	
8.719705	1426.16208	1426.12599	1395.39192	1395.35583	
8.729818	1426.26174	1426.2307	1395.49159	1395.46928	
8.739998	1426.36272	1426.33542	1395.59257	1395.574	
8.75043	1426.46686	1426.44887	1395.69671	1395.68744	
8.760339	1426.56629	1426.56232	1395.79613	1395.79216	
8.778482	1426.75086	1426.74558	1395.9807	1395.98415	
8.783118	1426.79791	1426.78921	1396.02776	1396.03651	
8.793233	1426.90153	1426.89393	1396.13137	1396.14123	
8.803364	1427.00579	1426.99865	1396.23564	1396.23722	
8.813512	1427.11088	1427.10337	1396.34072	1396.34194	
8.823668	1427.21667	1427.20809	1396.44651	1396.43793	
8.833777	1427.32259	1427.30408	1396.55243	1396.53393	
8.84717	1427.46426	1427.4088	1396.6941	1396.62992	
8.854644	1427.5434	1427.5048	1396.77325	1396.72591	
8.864257	1427.64587	1427.60951	1396.87571	1396.82191	
8.874441	1427.75507	1427.71423	1396.98492	1396.92663	
8.884639	1427.86535	1427.82768	1397.09519	1397.03135	
8.895287	1427.98056	1427.9324	1397.2104	1397.13607	
8.905071	1428.08727	1428.04585	1397.31712	1397.24079	
8.915074	1428.19695	1428.15929	1397.42679	1397.34551	
8.925152	1428.30809	1428.27274	1397.53793	1397.45895	
8.935344	1428.4211	1428.37746	1397.65095	1397.5724	
8.945502	1428.53439	1428.49963	1397.76424	1397.69457	
8.955681	1428.64854	1428.60435	1397.87838	1397.80802	
8.965891	1428.76358	1428.7178	1397.99343	1397.93019	
8.975989	1428.87801	1428.83125	1398.10786	1398.04364	
8.986168	1428.99397	1428.94469	1398.22381	1398.17454	
8.996735	1429.11504	1429.06686	1398.34489	1398.29671	
9.006798	1429.23091	1429.18031	1398.46076	1398.41888	
9.01693	1429.34821	1429.29376	1398.57806	1398.54106	
9.027088	1429.46645	1429.41593	1398.6963	1398.66323	
9.037224	1429.58503	1429.52938	1398.81487	1398.7854	
9.04745	1429.70532	1429.65155	1398.93517	1398.90758	
9.057674	1429.82628	1429.77372	1399.05613	1399.02975	
9.067769	1429.94619	1429.8959	1399.17604	1399.15192	
9.077948	1430.06773	1430.01807	1399.29758	1399.27409	
9.088075	1430.18931	1430.14024	1399.41915	1399.39627	
9.098234	1430.31121	1430.26242	1399.54106	1399.50971	
9.108404	1430.43327	1430.38459	1399.66311	1399.63189	
9.118575	1430.55531	1430.50676	1399.78515	1399.75406	
9.128829	1430.67835	1430.63766	1399.9082	1399.87623	
9.138892	1430.79912	1430.75983	1400.02897	1399.99841	
9.149092	1430.92151	1430.88201	1400.15136	1400.11185	
9.159446	1431.04579	1431.01291	1400.27564	1400.23403	
9.169573	1431.16729	1431.13508	1400.39714	1400.3562	
9.1797	1431.28881	1431.25725	1400.51865	1400.47837	
9.189911	1431.41137	1431.37943	1400.64122	1400.59182	
9.20001	1431.5325	1431.5016	1400.76235	1400.72272	
9.210196	1431.65477	1431.62377	1400.88462	1400.84489	
9.220339	1431.77645	1431.74595	1401.0063	1400.96706	
9.230494	1431.89833	1431.86812	1401.12818	1401.08051	
9.240727	1432.02113	1431.99029	1401.25098	1401.21141	
9.250778	1432.14173	1432.10374	1401.37158	1401.33358	
9.262098	1432.27829	1432.23464	1401.50814	1401.46448	
9.272227	1432.39913	1432.35681	1401.62898	1401.59538	
9.282359	1432.5207	1432.47898	1401.75055	1401.70883	
9.292533	1432.64329	1432.60116	1401.87314	1401.83973	
9.302732	1432.76524	1432.72333	1401.99508	1401.95317	
9.312882	1432.88699	1432.85423	1402.11684	1402.08407	
9.322973	1433.00807	1432.9764	1402.23792	1402.20625	
9.333116	1433.1298	1433.1073	1402.35964	1402.32842	
9.343358	1433.25271	1433.22948	1402.48256	1402.45059	
9.353761	1433.37759	1433.35165	1402.60743	1402.57277	
9.364782	1433.50981	1433.49127	1402.73966	1402.70367	
9.374882	1433.63099	1433.62217	1402.86084	1402.82584	
9.385004	1433.75242	1433.75307	1402.98226	1402.94801	
9.395126	1433.87394	1433.87525	1403.10379	1403.07019	
9.414528	1434.10679	1434.11087	1403.33664	1403.30581	
9.41907	1434.16125	1434.17195	1403.39109	1403.35817	
9.429223	1434.28308	1434.2854	1403.51293	1403.48034	
9.43946	1434.40593	1434.40757	1403.63577	1403.60251	
9.449526	1434.52671	1434.52102	1403.75655	1403.72468	
9.459682	1434.64863	1434.64319	1403.87847	1403.84686	
9.470329	1434.77644	1434.75664	1404.00628	1403.96903	
9.480043	1434.89291	1434.87008	1404.12276	1404.0912	
9.490205	1435.01488	1434.99226	1404.24472	1404.21338	
9.500457	1435.13795	1435.09698	1404.3678	1404.32682	
9.510527	1435.25874	1435.21915	1404.48859	1404.449	
9.520732	1435.38119	1435.34132	1404.61104	1404.57117	
9.530826	1435.50232	1435.45477	1404.73216	1404.69334	
9.540975	1435.62408	1435.56822	1404.85393	1404.80679	
9.551146	1435.74616	1435.69039	1404.976	1404.92023	
9.561301	1435.86802	1435.81256	1405.09786	1405.05113	
9.571503	1435.99047	1435.93474	1405.22031	1405.16458	
9.58158	1436.11138	1436.05691	1405.34122	1405.28675	
9.591814	1436.2342	1436.17908	1405.46404	1405.40893	
9.601958	1436.35593	1436.30125	1405.58577	1405.53983	
9.612107	1436.48037	1436.43215	1405.71021	1405.662	
9.622286	1436.59984	1436.56305	1405.82968	1405.7929	
9.632459	1436.72193	1436.68523	1405.95177	1405.91507	
9.642577	1436.84334	1436.8074	1406.07319	1406.03725	
9.652724	1436.96547	1436.9383	1406.19531	1406.16815	
9.662852	1437.08671	1437.0692	1406.31656	1406.29032	
9.673071	1437.20931	1437.19137	1406.43915	1406.42122	
9.683604	1437.33569	1437.31355	1406.56554	1406.54339	
9.69376	1437.45755	1437.44445	1406.6874	1406.66556	
9.70399	1437.5803	1437.55789	1406.81014	1406.78774	
9.71404	1437.70091	1437.68006	1406.93076	1406.90991	
9.724162	1437.82235	1437.80224	1407.0522	1407.03208	
9.734321	1437.94425	1437.92441	1407.17409	1407.15426	
9.744464	1438.06597	1438.03786	1407.29582	1407.2677	
9.754646	1438.18816	1438.16003	1407.418	1407.38988	
9.765202	1438.31484	1438.27348	1407.54469	1407.50332	
9.775636	1438.44007	1438.39565	1407.66992	1407.63422	
9.785666	1438.56039	1438.51782	1407.79023	1407.74767	
9.795848	1438.68262	1438.64	1407.91246	1407.86984	
9.805975	1438.80412	1438.76217	1408.03396	1407.99201	
9.824518	1439.02665	1438.98906	1408.25649	1408.20145	
9.829096	1439.08159	1439.04142	1408.31144	1408.26254	
9.839318	1439.2042	1439.16359	1408.43404	1408.37599	
9.8494	1439.32519	1439.28577	1408.55504	1408.50689	
9.859505	1439.44647	1439.40794	1408.67631	1408.62033	
9.869721	1439.56908	1439.53884	1408.79893	1408.75123	
9.879944	1439.69184	1439.66974	1408.92169	1408.87341	
9.89006	1439.81313	1439.79191	1409.04297	1408.99558	
9.900193	1439.93472	1439.91409	1409.16457	1409.12648	
9.910559	1440.05914	1440.04499	1409.28898	1409.24865	
9.920748	1440.18143	1440.17589	1409.41128	1409.37955	
9.931005	1440.30451	1440.29806	1409.53436	1409.51045	
9.941175	1440.42652	1440.42896	1409.65636	1409.63262	
9.951403	1440.54922	1440.55113	1409.77906	1409.7548	
9.961471	1440.67005	1440.6733	1409.89989	1409.87697	
9.971588	1440.79144	1440.79548	1410.02128	1409.99914	
9.981921	1440.91548	1440.91765	1410.14533	1410.12132	
9.992053	1441.0371	1441.0311	1410.26695	1410.24349	
10.00209	1441.15817	1441.15327	1410.38802	1410.36566	
10.01231	1441.28005	1441.26672	1410.5099	1410.48783	
10.02304	1441.40896	1441.38016	1410.6388	1410.60128	
10.03266	1441.52425	1441.49361	1410.7541	1410.72345	
10.04275	1441.64548	1441.60706	1410.87532	1410.84563	
10.05291	1441.76731	1441.7205	1410.99716	1410.95907	
10.06307	1441.88927	1441.84268	1411.11912	1411.07252	
10.07317	1442.01041	1441.95612	1411.24026	1411.18597	
10.08376	1442.13759	1442.07829	1411.36743	1411.30814	
10.09397	1442.26005	1442.20047	1411.48989	1411.43031	
10.10406	1442.38116	1442.32264	1411.61101	1411.55249	
10.11419	1442.50267	1442.44481	1411.73252	1411.67466	
10.12435	1442.62462	1442.56699	1411.85446	1411.79683	
10.13453	1442.74681	1442.68916	1411.97666	1411.919	
10.14473	1442.86911	1442.82006	1412.09895	1412.04118	
10.15483	1442.99041	1442.94223	1412.22026	1412.17208	
10.16499	1443.11229	1443.07313	1412.34213	1412.29425	
10.17545	1443.23783	1443.19531	1412.46768	1412.42515	
10.18657	1443.37122	1443.33493	1412.60107	1412.56478	
10.19712	1443.49787	1443.46583	1412.72772	1412.7044	
10.20733	1443.62041	1443.59673	1412.85026	1412.82658	
10.21736	1443.74074	1443.7189	1412.97058	1412.94875	
10.22758	1443.86334	1443.84108	1413.09319	1413.07965	
10.23776	1443.98556	1443.97198	1413.21541	1413.20182	
10.24789	1444.10703	1444.08542	1413.33687	1413.324	
10.25806	1444.22917	1444.2076	1413.45902	1413.44617	
10.26819	1444.35069	1444.32977	1413.58053	1413.56834	
10.27835	1444.47264	1444.45194	1413.70249	1413.68179	
10.28929	1444.6039	1444.57412	1413.83374	1413.81269	
10.29944	1444.72569	1444.69629	1413.95553	1413.92613	
10.30959	1444.8475	1444.81846	1414.07734	1414.03958	
10.31978	1444.96969	1444.94063	1414.19954	1414.16175	
10.32987	1445.09087	1445.05408	1414.32072	1414.2752	
10.34011	1445.21375	1445.16753	1414.4436	1414.38865	
10.35026	1445.33553	1445.2897	1414.56537	1414.51082	
10.36042	1445.45746	1445.41187	1414.6873	1414.62427	
10.37057	1445.57921	1445.53405	1414.80906	1414.75517	
10.38068	1445.70093	1445.65622	1414.93077	1414.86861	
10.39197	1445.83606	1445.79585	1415.0659	1415.00824	
10.40279	1445.96952	1445.91802	1415.19937	1415.13041	
10.41226	1446.07949	1446.04019	1415.30934	1415.25258	
10.42241	1446.20051	1446.17982	1415.43035	1415.38348	
10.43265	1446.32175	1446.30199	1415.5516	1415.50566	
10.44292	1446.4463	1446.42416	1415.67615	1415.63656	
10.46136	1446.6577	1446.56379	1415.88755	1415.76746	
10.46598	1446.71155	1446.72087	1415.94139	1415.92454	
10.48401	1446.91918	1446.94776	1416.14902	1416.15143	
10.49044	1446.99332	1447.00885	1416.22317	1416.21251	
10.49878	1447.08885	1447.13975	1416.3187	1416.34341	
10.50892	1447.20431	1447.26192	1416.43415	1416.47431	
10.51907	1447.3193	1447.3841	1416.54915	1416.59649	
10.52925	1447.43405	1447.49754	1416.6639	1416.71866	
10.53945	1447.54834	1447.60226	1416.77818	1416.83211	
10.54962	1447.66169	1447.70698	1416.89154	1416.93683	
10.55979	1447.77448	1447.80297	1417.00432	1417.05027	
10.56992	1447.88618	1447.90769	1417.11602	1417.14627	
10.58002	1447.99699	1447.99496	1417.22683	1417.24226	
10.59025	1448.10849	1448.09095	1417.33834	1417.34698	
10.60043	1448.21893	1448.18695	1417.44878	1417.43425	
10.61056	1448.3281	1448.27421	1417.55794	1417.52151	
10.62069	1448.43716	1448.37893	1417.667	1417.62623	
10.63086	1448.54522	1448.4662	1417.77507	1417.7135	
10.64106	1448.65333	1448.57092	1417.88317	1417.80949	
10.65124	1448.76065	1448.67564	1417.99049	1417.91421	
10.66137	1448.86677	1448.78036	1418.09662	1418.0102	
10.67157	1448.97313	1448.88508	1418.20298	1418.11492	
10.68166	1449.0776	1448.9898	1418.30745	1418.22837	
10.69184	1449.18247	1449.10324	1418.41231	1418.34182	
10.70217	1449.28828	1449.21669	1418.51813	1418.45526	
10.71223	1449.39057	1449.33014	1418.62042	1418.56871	
10.72236	1449.49305	1449.44358	1418.7229	1418.68216	
10.7325	1449.59506	1449.56576	1418.8249	1418.80433	
10.74263	1449.69628	1449.6792	1418.92612	1418.91778	
10.76075	1449.87505	1449.87992	1419.1049	1419.11849	
10.76532	1449.92018	1449.93228	1419.15002	1419.17085	
10.77554	1450.02025	1450.04572	1419.2501	1419.27557	
10.78563	1450.1185	1450.15044	1419.34834	1419.38029	
10.79839	1450.2418	1450.25516	1419.47164	1419.47628	
10.80605	1450.31552	1450.35116	1419.54536	1419.581	
10.81621	1450.41257	1450.44715	1419.64242	1419.67699	
10.82633	1450.50864	1450.54314	1419.73849	1419.76426	
10.83646	1450.60419	1450.63041	1419.83404	1419.86025	
10.84678	1450.70096	1450.71767	1419.9308	1419.93879	
10.85704	1450.79656	1450.79621	1420.02641	1420.02606	
10.86714	1450.88995	1450.87475	1420.1198	1420.1046	
10.87733	1450.98363	1450.96202	1420.21348	1420.19187	
10.8875	1451.07653	1451.04056	1420.30637	1420.27041	
10.89763	1451.1684	1451.1191	1420.39824	1420.34895	
10.90789	1451.26087	1451.20637	1420.49071	1420.43621	
10.91805	1451.35173	1451.29363	1420.58158	1420.52348	
10.92813	1451.44134	1451.3809	1420.67119	1420.61074	
10.93826	1451.53079	1451.46817	1420.76063	1420.69801	
10.94846	1451.62019	1451.55543	1420.85003	1420.78528	
10.95862	1451.70867	1451.66015	1420.93851	1420.88127	
10.96884	1451.79698	1451.74742	1421.02683	1420.97726	
10.97895	1451.88379	1451.85214	1421.11363	1421.07326	
10.98906	1451.97002	1451.94813	1421.19986	1421.16925	
10.99924	1452.0562	1452.04412	1421.28605	1421.26524	
11.00945	1452.14201	1452.14884	1421.37186	1421.36124	
11.01959	1452.22657	1452.24484	1421.45642	1421.45723	
11.02974	1452.31072	1452.34083	1421.54057	1421.5445	
11.03989	1452.39414	1452.4281	1421.62399	1421.64049	
11.05003	1452.47696	1452.51536	1421.7068	1421.72776	
11.06021	1452.55941	1452.60263	1421.78926	1421.81502	
11.07039	1452.64125	1452.6899	1421.8711	1421.90229	
11.08056	1452.72244	1452.77716	1421.95229	1421.98083	
11.0907	1452.80273	1452.84698	1422.03258	1422.05937	
11.10087	1452.88297	1452.92552	1422.11282	1422.12918	
11.11107	1452.96229	1453.00406	1422.19213	1422.19899	
11.12124	1453.04099	1453.06514	1422.27084	1422.26881	
11.13139	1453.11886	1453.13496	1422.34871	1422.33862	
11.14154	1453.1962	1453.19604	1422.42605	1422.40843	
11.1517	1453.27297	1453.26585	1422.50281	1422.47825	
11.16199	1453.35011	1453.33567	1422.57995	1422.54806	
11.1722	1453.42607	1453.39675	1422.65591	1422.61787	
11.18235	1453.50088	1453.45784	1422.73072	1422.67896	
11.19247	1453.57495	1453.52765	1422.80479	1422.74877	
11.20263	1453.64871	1453.59747	1422.87856	1422.81859	
11.21318	1453.72453	1453.66728	1422.95437	1422.89713	
11.22339	1453.79738	1453.73709	1423.02723	1422.96694	
11.23353	1453.86904	1453.81563	1423.09889	1423.04548	
11.24362	1453.93979	1453.89417	1423.16963	1423.12402	
11.25396	1454.01164	1453.96399	1423.24149	1423.20256	
11.26394	1454.08046	1454.05125	1423.31031	1423.2811	
11.2741	1454.14985	1454.12979	1423.37969	1423.35964	
11.28424	1454.21849	1454.20833	1423.44834	1423.43818	
11.29435	1454.28634	1454.2956	1423.51618	1423.51672	
11.30452	1454.35402	1454.37414	1423.58387	1423.58653	
11.3158	1454.4282	1454.45268	1423.65805	1423.66507	
11.32611	1454.49543	1454.53122	1423.72527	1423.73488	
11.33623	1454.56083	1454.60103	1423.79068	1423.8047	
11.34627	1454.62507	1454.66212	1423.85491	1423.87451	
11.35672	1454.69135	1454.73193	1423.9212	1423.94432	
11.3669	1454.75528	1454.79302	1423.98512	1424.01414	
11.3771	1454.81873	1454.84538	1424.04857	1424.07522	
11.38729	1454.88149	1454.89774	1424.11134	1424.12758	
11.39738	1454.94303	1454.9501	1424.17288	1424.18867	
11.40977	1455.01767	1455.00246	1424.24751	1424.24103	
11.41862	1455.07052	1455.05482	1424.30036	1424.29339	
11.42876	1455.13047	1455.09845	1424.36032	1424.35448	
11.43887	1455.18969	1455.15081	1424.41954	1424.39811	
11.4491	1455.24893	1455.20317	1424.47877	1424.4592	
11.45917	1455.30671	1455.25553	1424.53655	1424.50283	
11.46936	1455.36452	1455.30789	1424.59437	1424.56392	
11.4796	1455.422	1455.36898	1424.65184	1424.61628	
11.48971	1455.47812	1455.43006	1424.70797	1424.67736	
11.49985	1455.5338	1455.49115	1424.76365	1424.72972	
11.51001	1455.58902	1455.55224	1424.81887	1424.79081	
11.52135	1455.64986	1455.62205	1424.87971	1424.85189	
11.5315	1455.70371	1455.68314	1424.93356	1424.92171	
11.54163	1455.75688	1455.74422	1424.98672	1424.97407	
11.55182	1455.80969	1455.81404	1425.03954	1425.03515	
11.56188	1455.86128	1455.8664	1425.09113	1425.09624	
11.57209	1455.91325	1455.92748	1425.1431	1425.1486	
11.58228	1455.96404	1455.98857	1425.19389	1425.20096	
11.59244	1456.01429	1456.0322	1425.24414	1425.25332	
11.60253	1456.0636	1456.08456	1425.29344	1425.30568	
11.61266	1456.11254	1456.12819	1425.34239	1425.35804	
11.62398	1456.16638	1456.18055	1425.39623	1425.4104	
11.63415	1456.21417	1456.23291	1425.44402	1425.45403	
11.64426	1456.26112	1456.26782	1425.49096	1425.49767	
11.65442	1456.30766	1456.31145	1425.53751	1425.5413	
11.6648	1456.3546	1456.34636	1425.58445	1425.58493	
11.67478	1456.39911	1456.38999	1425.62895	1425.61984	
11.6849	1456.44366	1456.4249	1425.67351	1425.65475	
11.69519	1456.48837	1456.45981	1425.71821	1425.68965	
11.70517	1456.53108	1456.50344	1425.76093	1425.73329	
11.7155	1456.57474	1456.53835	1425.80458	1425.76819	
11.72674	1456.62139	1456.58198	1425.85123	1425.82055	
11.74482	1456.69421	1456.66052	1425.92405	1425.89037	
11.74936	1456.71256	1456.67797	1425.9424	1425.90782	
11.75956	1456.75297	1456.72161	1425.98282	1425.95145	
11.7697	1456.79262	1456.76524	1426.02246	1425.99509	
11.77983	1456.83156	1456.80887	1426.0614	1426.03872	
11.79001	1456.8701	1456.85251	1426.09995	1426.08235	
11.80019	1456.90804	1456.89614	1426.13789	1426.12599	
11.81028	1456.94504	1456.93977	1426.17489	1426.16962	
11.82048	1456.98184	1456.98341	1426.21168	1426.21325	
11.8307	1457.01812	1457.02704	1426.24796	1426.24816	
11.84089	1457.05368	1457.07067	1426.28352	1426.29179	
11.851	1457.08834	1457.10558	1426.31819	1426.33542	
11.86114	1457.12253	1457.14049	1426.35238	1426.37033	
11.87128	1457.15609	1457.17539	1426.38594	1426.40524	
11.88147	1457.18927	1457.2103	1426.41911	1426.44014	
11.89162	1457.22167	1457.23648	1426.45151	1426.46632	
11.90178	1457.25352	1457.26266	1426.48337	1426.4925	
11.91206	1457.28512	1457.29757	1426.51496	1426.52741	
11.92205	1457.31525	1457.32375	1426.5451	1426.54486	
11.93232	1457.34562	1457.34993	1426.57546	1426.57104	
11.94248	1457.37506	1457.36738	1426.60491	1426.59722	
11.95262	1457.40388	1457.39356	1426.63372	1426.61468	
11.96274	1457.432	1457.41974	1426.66184	1426.63213	
11.97286	1457.45964	1457.44592	1426.68949	1426.65831	
11.98308	1457.48676	1457.46337	1426.71661	1426.67576	
11.9932	1457.51313	1457.48955	1426.74298	1426.70194	
12.00337	1457.53904	1457.50701	1426.76888	1426.7194	
12.01353	1457.56432	1457.53318	1426.79416	1426.74558	
12.02388	1457.58945	1457.55936	1426.8193	1426.77176	
12.03471	1457.61507	1457.58554	1426.84491	1426.80666	
12.04485	1457.63846	1457.61172	1426.8683	1426.83284	
12.055	1457.66131	1457.6379	1426.89115	1426.85902	
12.06514	1457.68352	1457.66408	1426.91336	1426.89393	
12.07554	1457.7057	1457.69899	1426.93554	1426.92011	
12.08542	1457.72623	1457.72517	1426.95607	1426.94629	
12.09567	1457.74689	1457.75135	1426.97673	1426.97247	
12.10572	1457.76661	1457.7688	1426.99645	1426.99865	
12.11583	1457.78584	1457.80371	1427.01569	1427.02483	
12.12609	1457.80478	1457.82116	1427.03462	1427.05101	
12.13748	1457.82501	1457.84734	1427.05486	1427.06846	
12.1476	1457.84247	1457.87352	1427.07231	1427.08592	
12.15779	1457.85944	1457.89098	1427.08929	1427.1121	
12.16794	1457.87578	1457.90843	1427.10562	1427.12082	
12.17811	1457.89156	1457.91716	1427.12141	1427.13828	
12.18827	1457.90676	1457.92588	1427.1366	1427.15573	
12.19846	1457.92141	1457.93461	1427.15126	1427.15573	
12.2086	1457.93543	1457.94334	1427.16527	1427.17318	
12.21874	1457.94888	1457.94334	1427.17873	1427.17318	
12.22898	1457.96188	1457.95206	1427.19172	1427.18191	
12.24057	1457.97582	1457.96079	1427.20567	1427.19064	
12.25023	1457.98697	1457.96079	1427.21682	1427.19064	
12.26043	1457.99817	1457.96952	1427.22801	1427.19064	
12.2706	1458.00877	1457.96952	1427.23862	1427.19064	
12.28072	1458.01878	1457.97824	1427.24862	1427.19064	
12.2909	1458.02829	1457.97824	1427.25814	1427.19064	
12.30108	1458.03725	1457.98697	1427.26709	1427.19064	
12.31124	1458.04564	1457.9957	1427.27549	1427.19064	
12.32142	1458.05351	1458.00442	1427.28335	1427.19936	
12.3315	1458.06077	1458.01315	1427.29062	1427.20809	
12.34336	1458.06855	1458.02188	1427.2984	1427.22554	
12.353	1458.07445	1458.03933	1427.3043	1427.243	
12.36307	1458.08011	1458.04806	1427.30995	1427.26045	
12.37322	1458.0853	1458.06551	1427.31514	1427.28663	
12.38377	1458.09015	1458.07424	1427.31999	1427.30408	
12.39353	1458.0942	1458.08296	1427.32405	1427.32154	
12.40368	1458.09794	1458.10042	1427.32778	1427.33899	
12.41403	1458.10127	1458.11787	1427.33111	1427.35644	
12.42416	1458.10409	1458.11787	1427.33394	1427.36517	
12.4343	1458.1065	1458.13532	1427.33634	1427.3739	
12.45733	1458.1093	1458.13532	1427.33914	1427.38262	
12.46195	1458.10999	1458.14405	1427.33983	1427.38262	
12.4721	1458.11492	1458.14405	1427.34477	1427.3739	
12.48236	1458.11492	1458.13532	1427.34477	1427.36517	
12.49243	1458.11492	1458.13532	1427.34477	1427.36517	
12.50252	1458.11492	1458.13532	1427.34477	1427.36517	
12.51273	1458.11492	1458.13532	1427.34477	1427.35644	
12.52287	1458.11492	1458.13532	1427.34477	1427.34772	
12.53302	1458.11492	1458.1266	1427.34477	1427.34772	
12.54476	1458.11492	1458.1266	1427.34477	1427.33899	
12.55337	1458.11492	1458.11787	1427.34477	1427.33899	
12.56352	1458.11492	1458.11787	1427.34477	1427.33026	
12.57366	1458.11492	1458.11787	1427.34477	1427.33026	
12.58383	1458.11492	1458.11787	1427.34477	1427.33026	
12.59399	1458.11492	1458.1266	1427.34477	1427.33026	
12.60408	1458.11492	1458.1266	1427.34477	1427.33026	
12.61427	1458.11492	1458.1266	1427.34477	1427.33026	
12.62439	1458.11492	1458.1266	1427.34477	1427.33026	
12.63461	1458.11492	1458.1266	1427.34477	1427.33026	
12.65302	1458.11492	1458.1266	1427.34477	1427.33026	
12.65764	1458.11492	1458.1266	1427.34477	1427.33899	
12.66781	1458.11492	1458.1266	1427.34477	1427.33899	
12.67796	1458.11492	1458.1266	1427.34477	1427.33899	
12.68814	1458.11492	1458.1266	1427.34477	1427.33899	
12.6983	1458.11492	1458.1266	1427.34477	1427.33899	
12.70844	1458.11492	1458.1266	1427.34477	1427.33899	
12.71862	1458.11492	1458.1266	1427.34477	1427.33899	
12.72878	1458.11492	1458.1266	1427.34477	1427.33899	
12.73896	1458.11492	1458.1266	1427.34477	1427.33899	
12.74907	1458.11492	1458.1266	1427.34477	1427.33899	
12.75925	1458.11492	1458.1266	1427.34477	1427.33899	
12.76939	1458.11492	1458.1266	1427.34477	1427.33899	
12.77951	1458.11492	1458.1266	1427.34477	1427.33899	
12.78965	1458.11492	1458.1266	1427.34477	1427.33899	
12.79989	1458.11492	1458.1266	1427.34477	1427.33899	
12.80998	1458.11492	1458.1266	1427.34477	1427.33899	
12.82013	1458.11492	1458.1266	1427.34477	1427.33899	
12.83036	1458.11492	1458.1266	1427.34477	1427.33899	
12.84049	1458.11492	1458.1266	1427.34477	1427.33899	
12.85065	1458.11492	1458.1266	1427.34477	1427.33899	
12.86078	1458.11492	1458.1266	1427.34477	1427.33899	
12.87096	1458.11492	1458.1266	1427.34477	1427.33899	
12.88117	1458.11492	1458.1266	1427.34477	1427.33899	
12.89126	1458.11492	1458.1266	1427.34477	1427.33899	
12.9014	1458.11492	1458.1266	1427.34477	1427.33899	
12.91183	1458.11492	1458.1266	1427.34477	1427.33899	
12.92174	1458.11492	1458.1266	1427.34477	1427.33899	
12.93184	1458.11492	1458.1266	1427.34477	1427.33899	
12.94203	1458.11492	1458.1266	1427.34477	1427.33899	
12.95224	1458.11492	1458.1266	1427.34477	1427.33899	
12.96236	1458.11492	1458.1266	1427.34477	1427.33899	
12.97252	1458.11492	1458.1266	1427.34477	1427.33899	
12.98267	1458.11492	1458.1266	1427.34477	1427.33899	
12.99283	1458.11492	1458.1266	1427.34477	1427.33899	
13.00293	1458.11492	1458.1266	1427.34477	1427.33899	
13.0131	1458.11492	1458.1266	1427.34477	1427.33899	
13.02333	1458.11492	1458.1266	1427.34477	1427.33899	
13.03343	1458.11492	1458.1266	1427.34477	1427.33899	
13.04358	1458.11492	1458.1266	1427.34477	1427.33899	
13.05374	1458.11492	1458.1266	1427.34477	1427.33899	
13.06393	1458.11492	1458.1266	1427.34477	1427.33899	
13.07404	1458.11492	1458.1266	1427.34477	1427.33899	
13.0842	1458.11492	1458.1266	1427.34477	1427.33899	
13.09439	1458.11492	1458.1266	1427.34477	1427.33899	
13.10449	1458.11492	1458.1266	1427.34477	1427.33899	
13.12254	1458.11492	1458.1266	1427.34477	1427.33899	
13.12712	1458.11492	1458.1266	1427.34477	1427.33899	
13.1373	1458.11492	1458.1266	1427.34477	1427.33899	
13.14747	1458.11492	1458.1266	1427.34477	1427.33899	
13.15765	1458.11492	1458.1266	1427.34477	1427.33899	
13.16785	1458.11492	1458.1266	1427.34477	1427.33899	
13.17796	1458.11492	1458.1266	1427.34477	1427.33899	
13.18813	1458.11492	1458.1266	1427.34477	1427.33899	
13.19833	1458.11492	1458.1266	1427.34477	1427.33899	
13.20846	1458.11492	1458.1266	1427.34477	1427.33899	
13.21863	1458.11492	1458.1266	1427.34477	1427.33899	
13.22879	1458.11492	1458.1266	1427.34477	1427.33899	
13.23898	1458.11492	1458.1266	1427.34477	1427.33899	
13.24921	1458.11492	1458.1266	1427.34477	1427.33899	
13.25945	1458.11492	1458.1266	1427.34477	1427.33899	
13.26948	1458.11492	1458.1266	1427.34477	1427.33899	
13.27972	1458.11492	1458.1266	1427.34477	1427.33899	
13.2898	1458.11492	1458.1266	1427.34477	1427.33899	
13.2999	1458.11492	1458.1266	1427.34477	1427.33899	
13.3101	1458.11492	1458.1266	1427.34477	1427.33899	
13.32028	1458.11492	1458.1266	1427.34477	1427.33899	
13.33043	1458.11492	1458.1266	1427.34477	1427.33899	
13.34058	1458.11492	1458.1266	1427.34477	1427.33899	
13.35076	1458.11492	1458.1266	1427.34477	1427.33899	
13.36092	1458.11492	1458.1266	1427.34477	1427.33899	
13.37107	1458.11492	1458.1266	1427.34477	1427.33899	
13.38122	1458.11492	1458.1266	1427.34477	1427.33899	
13.39138	1458.11492	1458.1266	1427.34477	1427.33899	
13.40151	1458.11492	1458.1266	1427.34477	1427.33899	
13.42183	1458.11492	1458.1266	1427.34477	1427.33899	
13.42658	1458.11492	1458.1266	1427.34477	1427.33899	
13.43668	1458.11492	1458.1266	1427.34477	1427.33899	
13.4469	1458.11492	1458.1266	1427.34477	1427.33899	
13.45707	1458.11492	1458.1266	1427.34477	1427.33899	
13.46723	1458.11492	1458.1266	1427.34477	1427.33899	
13.4774	1458.11492	1458.1266	1427.34477	1427.33899	
13.48761	1458.11492	1458.1266	1427.34477	1427.33899	
13.49768	1458.11492	1458.1266	1427.34477	1427.33899	
13.50786	1458.11492	1458.1266	1427.34477	1427.33899	
13.51802	1458.11492	1458.1266	1427.34477	1427.33899	
13.52822	1458.11492	1458.1266	1427.34477	1427.33899	
13.53835	1458.11492	1458.1266	1427.34477	1427.33899	
13.54852	1458.11492	1458.1266	1427.34477	1427.33899	
13.5587	1458.11492	1458.1266	1427.34477	1427.33899	
13.56885	1458.11492	1458.1266	1427.34477	1427.33899	
13.57903	1458.11492	1458.1266	1427.34477	1427.33899	
13.58918	1458.11492	1458.1266	1427.34477	1427.33899	
13.59935	1458.11492	1458.1266	1427.34477	1427.33899	
13.6095	1458.11492	1458.1266	1427.34477	1427.33899	
13.61965	1458.11492	1458.1266	1427.34477	1427.33899	
13.62983	1458.11492	1458.1266	1427.34477	1427.33899	
13.64006	1458.11492	1458.1266	1427.34477	1427.33899	
13.65012	1458.11492	1458.1266	1427.34477	1427.33899	
13.66029	1458.11492	1458.1266	1427.34477	1427.33899	
13.67049	1458.11492	1458.1266	1427.34477	1427.33899	
13.68065	1458.11492	1458.1266	1427.34477	1427.33899	
13.69076	1458.11492	1458.1266	1427.34477	1427.33899	
13.70092	1458.11492	1458.1266	1427.34477	1427.33899	
13.7111	1458.11492	1458.1266	1427.34477	1427.33899	
13.72131	1458.11492	1458.1266	1427.34477	1427.33899	
13.73145	1458.11492	1458.1266	1427.34477	1427.33899	
13.74159	1458.11492	1458.1266	1427.34477	1427.33899	
13.75179	1458.11492	1458.1266	1427.34477	1427.33899	
13.76198	1458.11492	1458.1266	1427.34477	1427.33899	
13.77217	1458.11492	1458.1266	1427.34477	1427.33899	
13.78239	1458.11492	1458.1266	1427.34477	1427.33899	
13.79241	1458.11492	1458.1266	1427.34477	1427.33899	
13.80261	1458.11492	1458.1266	1427.34477	1427.33899	
13.81275	1458.11492	1458.1266	1427.34477	1427.33899	
13.82291	1458.11492	1458.1266	1427.34477	1427.33899	
13.83307	1458.11492	1458.1266	1427.34477	1427.33899	
13.84319	1458.11492	1458.1266	1427.34477	1427.33899	
13.85376	1458.11492	1458.1266	1427.34477	1427.33899	
13.86351	1458.11492	1458.1266	1427.34477	1427.33899	
13.87365	1458.11492	1458.1266	1427.34477	1427.33899	
13.88399	1458.11492	1458.1266	1427.34477	1427.33899	
13.89414	1458.11492	1458.1266	1427.34477	1427.33899	
13.90428	1458.11492	1458.1266	1427.34477	1427.33899	
13.9147	1458.11492	1458.1266	1427.34477	1427.33899	
13.92465	1458.11492	1458.1266	1427.34477	1427.33899	
13.93491	1458.11492	1458.1266	1427.34477	1427.33899	
13.9449	1458.11492	1458.1266	1427.34477	1427.33899	
13.95505	1458.11492	1458.1266	1427.34477	1427.33899	
13.96522	1458.11492	1458.1266	1427.34477	1427.33899	
13.97535	1458.11492	1458.1266	1427.34477	1427.33899	
13.98548	1458.11492	1458.1266	1427.34477	1427.33899	
13.99562	1458.11492	1458.1266	1427.34477	1427.33899	
14.0058	1458.11492	1458.1266	1427.34477	1427.33899	
14.01598	1458.11492	1458.1266	1427.34477	1427.33899	
14.02611	1458.11492	1458.1266	1427.34477	1427.33899	
14.03628	1458.11492	1458.1266	1427.34477	1427.33899	
14.04644	1458.11492	1458.1266	1427.34477	1427.33899	
14.05658	1458.11492	1458.1266	1427.34477	1427.33899	
14.06672	1458.11492	1458.1266	1427.34477	1427.33899	
14.07689	1458.11492	1458.1266	1427.34477	1427.33899	
14.08708	1458.11492	1458.1266	1427.34477	1427.33899	
14.09735	1458.11492	1458.1266	1427.34477	1427.33899	
14.10742	1458.11492	1458.1266	1427.34477	1427.33899	
14.11759	1458.11492	1458.1266	1427.34477	1427.33899	
14.12784	1458.11492	1458.1266	1427.34477	1427.33899	
14.1379	1458.11492	1458.1266	1427.34477	1427.33899	
14.14807	1458.11492	1458.1266	1427.34477	1427.33899	
14.15824	1458.11492	1458.1266	1427.34477	1427.33899	
14.1684	1458.11492	1458.1266	1427.34477	1427.33899	
14.17857	1458.11492	1458.1266	1427.34477	1427.33899	
14.18872	1458.11492	1458.1266	1427.34477	1427.33899	
14.19909	1458.11492	1458.1266	1427.34477	1427.33899	
14.20906	1458.11492	1458.1266	1427.34477	1427.33899	
14.23228	1458.11492	1458.1266	1427.34477	1427.33899	
14.23709	1458.11492	1458.1266	1427.34477	1427.33899	
14.24762	1458.11492	1458.1266	1427.34477	1427.33899	
