8.922456	
8.927103	
8.937207	
8.947326	
8.957478	
8.967647	
8.977798	
8.988027	
8.99811	
9.008301	
9.0184	
9.028558	
9.038698	
9.048846	
9.059036	
9.069153	
9.079308	
9.089453	
9.099666	
9.109818	
9.119995	
9.130132	
9.140304	
9.150399	
9.16993	
9.174324	
9.184473	
9.194698	
9.204826	
9.214962	
9.225131	
9.235286	
9.245442	
9.255592	
9.265747	
9.275916	
9.288243	
9.296167	
9.306301	
9.316472	
9.326647	
9.336786	
9.346955	
9.357119	
9.367244	
9.377405	
9.387587	
9.397808	
9.407946	
9.418106	
9.428297	
9.43842	
9.448556	
9.458711	
9.468808	
9.479012	
9.489139	
9.499264	
9.509452	
9.519553	
9.52976	
9.539924	
9.550063	
9.560201	
9.570354	
9.580554	
9.59066	
9.600815	
9.610974	
9.621081	
9.631225	
9.641386	
9.651528	
9.661712	
9.671806	
9.681962	
9.692126	
9.702392	
9.712366	
9.722523	
9.732682	
9.742867	
9.753055	
9.763174	
9.77327	
9.783739	
9.793551	
9.803711	
9.813871	
9.823983	
9.834169	
9.844374	
9.854473	
9.86464	
9.874781	
9.884903	
9.895064	
9.905222	
9.915373	
9.925525	
9.93568	
9.945842	
9.955985	
9.966153	
9.976314	
9.986461	
9.996665	
10.00807	
10.01692	
10.02713	
10.03721	
10.04736	
10.05757	
10.06772	
10.07789	
10.08804	
10.09816	
10.10839	
10.11849	
10.12862	
10.13882	
10.15015	
10.15914	
10.16926	
10.17938	
10.18952	
10.19969	
10.20983	
10.21999	
10.23012	
10.24023	
10.25041	
10.26064	
10.27077	
10.28086	
10.29683	1578.14646	1578.14416	1547.35013	1547.34783	
10.3097	1578.14918	1578.14416	1547.35285	1547.34783	
10.31423	1578.15015	1578.14416	1547.35382	1547.34783	
10.32449	1578.15315	1578.14416	1547.35682	1547.34783	
10.33457	1578.15671	1578.14416	1547.36037	1547.34783	
10.34508	1578.16109	1578.14416	1547.36475	1547.34783	
10.35519	1578.1659	1578.14416	1547.36957	1547.35655	
10.36534	1578.17136	1578.15289	1547.37502	1547.35655	
10.37549	1578.17743	1578.15289	1547.3811	1547.35655	
10.38561	1578.1841	1578.16162	1547.38776	1547.35655	
10.39578	1578.19142	1578.16162	1547.39509	1547.35655	
10.40605	1578.19945	1578.17034	1547.40312	1547.35655	
10.41617	1578.20798	1578.17907	1547.41164	1547.35655	
10.4263	1578.21712	1578.17907	1547.42078	1547.35655	
10.43652	1578.22699	1578.19652	1547.43065	1547.36528	
10.44664	1578.23736	1578.20525	1547.44102	1547.37401	
10.45676	1578.24834	1578.21398	1547.452	1547.37401	
10.46697	1578.26005	1578.23143	1547.46372	1547.39146	
10.47713	1578.27234	1578.24888	1547.47601	1547.40891	
10.48726	1578.28519	1578.26634	1547.48885	1547.41764	
10.49741	1578.29868	1578.27506	1547.50234	1547.43509	
10.50791	1578.31333	1578.29252	1547.517	1547.45255	
10.51787	1578.32778	1578.30997	1547.53145	1547.47873	
10.52801	1578.34313	1578.32742	1547.54679	1547.50491	
10.53811	1578.35902	1578.33615	1547.56268	1547.52236	
10.54835	1578.37578	1578.3536	1547.57944	1547.54854	
10.55844	1578.39288	1578.37106	1547.59654	1547.57472	
10.56858	1578.4107	1578.39724	1547.61436	1547.6009	
10.57876	1578.4292	1578.41469	1547.63287	1547.61835	
10.58894	1578.44833	1578.44087	1547.652	1547.64453	
10.59904	1578.46791	1578.45832	1547.67158	1547.67071	
10.60954	1578.48896	1578.47578	1547.69263	1547.68817	
10.61945	1578.50938	1578.49323	1547.71305	1547.71435	
10.62958	1578.53089	1578.51941	1547.73455	1547.72307	
10.63976	1578.5531	1578.54559	1547.75677	1547.74053	
10.64987	1578.5758	1578.56304	1547.77947	1547.75798	
10.66005	1578.59929	1578.5805	1547.80296	1547.77543	
10.6702	1578.6233	1578.59795	1547.82696	1547.79289	
10.68036	1578.64797	1578.62413	1547.85164	1547.80161	
10.69055	1578.67333	1578.64158	1547.877	1547.81907	
10.70096	1578.69989	1578.66776	1547.90356	1547.83652	
10.71194	1578.72867	1578.69394	1547.93233	1547.8627	
10.72175	1578.7549	1578.72012	1547.95857	1547.88015	
10.73189	1578.78264	1578.73757	1547.98631	1547.90633	
10.74199	1578.81087	1578.77248	1548.01454	1547.94124	
10.7523	1578.8404	1578.79866	1548.04407	1547.97615	
10.76228	1578.8695	1578.82484	1548.07317	1548.01105	
10.77247	1578.89986	1578.85975	1548.10353	1548.05469	
10.78261	1578.93071	1578.89465	1548.13438	1548.08959	
10.79272	1578.96205	1578.92956	1548.16571	1548.13323	
10.80287	1578.99418	1578.96447	1548.19785	1548.17686	
10.8143	1579.03117	1578.99937	1548.23484	1548.22049	
10.82435	1579.06421	1579.04301	1548.26787	1548.26413	
10.84239	1579.12597	1579.10409	1548.32963	1548.33394	
10.8469	1579.14134	1579.12155	1548.34501	1548.35139	
10.85711	1579.17694	1579.15645	1548.38061	1548.3863	
10.8673	1579.21313	1579.20009	1548.41679	1548.42121	
10.87743	1579.2497	1579.23499	1548.45337	1548.45611	
10.88761	1579.28707	1579.2699	1548.49074	1548.49102	
10.89776	1579.32494	1579.31353	1548.5286	1548.52593	
10.9079	1579.36339	1579.34844	1548.56705	1548.56083	
10.91816	1579.40298	1579.38335	1548.60665	1548.58701	
10.92824	1579.44238	1579.41825	1548.64604	1548.62192	
10.93841	1579.48285	1579.44443	1548.68652	1548.6481	
10.9486	1579.52396	1579.47934	1548.72762	1548.68301	
10.95866	1579.5652	1579.51425	1548.76886	1548.71791	
10.96887	1579.60765	1579.54915	1548.81132	1548.75282	
10.97904	1579.65058	1579.59279	1548.85425	1548.78772	
10.98917	1579.69395	1579.62769	1548.89761	1548.83136	
10.99936	1579.73815	1579.6626	1548.94181	1548.87499	
11.00947	1579.78265	1579.71496	1548.98631	1548.91862	
11.02005	1579.82996	1579.75859	1549.03362	1548.97098	
11.02996	1579.87478	1579.81095	1549.07844	1549.01462	
11.04009	1579.92123	1579.86331	1549.12489	1549.0757	
11.05027	1579.96855	1579.90695	1549.17221	1549.12806	
11.06044	1580.01639	1579.96803	1549.22005	1549.18915	
11.07058	1580.06477	1580.02912	1549.26844	1549.24151	
11.0807	1580.11364	1580.08148	1549.3173	1549.29387	
11.09092	1580.16359	1580.14256	1549.36726	1549.35496	
11.10105	1580.21379	1580.19492	1549.41746	1549.41604	
11.11113	1580.26432	1580.25601	1549.46798	1549.4684	
11.12243	1580.32176	1580.3171	1549.52543	1549.53822	
11.13238	1580.37289	1580.36946	1549.57656	1549.58185	
11.14243	1580.42512	1580.42182	1549.62878	1549.64294	
11.15402	1580.48776	1580.47418	1549.69142	1549.68657	
11.16274	1580.53264	1580.51781	1549.7363	1549.73893	
11.17287	1580.58716	1580.57017	1549.79083	1549.79129	
11.19088	1580.68646	1580.62253	1549.89012	1549.84365	
11.19546	1580.71166	1580.67489	1549.91533	1549.90474	
11.20575	1580.76909	1580.72725	1549.97275	1549.9571	
11.21578	1580.82563	1580.77961	1550.0293	1550.00073	
11.22603	1580.88415	1580.82324	1550.08781	1550.06182	
11.23614	1580.94231	1580.88433	1550.14597	1550.11418	
11.24626	1581.00127	1580.93669	1550.20494	1550.16654	
11.25641	1581.06096	1580.98905	1550.26462	1550.22762	
11.26658	1581.12148	1581.05014	1550.32515	1550.27998	
11.27679	1581.18279	1581.11122	1550.38645	1550.34107	
11.28689	1581.24401	1581.17231	1550.44768	1550.40215	
11.29706	1581.30638	1581.2334	1550.51004	1550.46324	
11.30741	1581.37042	1581.30321	1550.57409	1550.53305	
11.31732	1581.43239	1581.37302	1550.63605	1550.59414	
11.32761	1581.49735	1581.44284	1550.70102	1550.66395	
11.33772	1581.56198	1581.51265	1550.76565	1550.72504	
11.34789	1581.62711	1581.58246	1550.83078	1550.79485	
11.35806	1581.69319	1581.65227	1550.89686	1550.86467	
11.36816	1581.75936	1581.72209	1550.96302	1550.93448	
11.37835	1581.82677	1581.7919	1551.03044	1551.01302	
11.38855	1581.89491	1581.86171	1551.09858	1551.08283	
11.39867	1581.96306	1581.93153	1551.16673	1551.15265	
11.40883	1582.0321	1582.00134	1551.23577	1551.22246	
11.41904	1582.10219	1582.06243	1551.30586	1551.29227	
11.43041	1582.18104	1582.14097	1551.3847	1551.37081	
11.4403	1582.2501	1582.21078	1551.45376	1551.44063	
11.45044	1582.32152	1582.28059	1551.52519	1551.51044	
11.46057	1582.39357	1582.35041	1551.59723	1551.57153	
11.47089	1582.46813	1582.42022	1551.6718	1551.64134	
11.4809	1582.53994	1582.49003	1551.74361	1551.71115	
11.49108	1582.61414	1582.55985	1551.8178	1551.78096	
11.50114	1582.68818	1582.62966	1551.89184	1551.85078	
11.51134	1582.76374	1582.7082	1551.9674	1551.92932	
11.52148	1582.8396	1582.78674	1552.04327	1551.99913	
11.5332	1582.92807	1582.87401	1552.13174	1552.0864	
11.54299	1583.00241	1582.94382	1552.20608	1552.15621	
11.55318	1583.08054	1583.02236	1552.2842	1552.23475	
11.56328	1583.15856	1583.10962	1552.36223	1552.31329	
11.57381	1583.24058	1583.18816	1552.44424	1552.40056	
11.58372	1583.31836	1583.27543	1552.52203	1552.4791	
11.5937	1583.39721	1583.35397	1552.60088	1552.56636	
11.60382	1583.47791	1583.43251	1552.68157	1552.6449	
11.61406	1583.56014	1583.5285	1552.76381	1552.73217	
11.62425	1583.64258	1583.60704	1552.84624	1552.81944	
11.63585	1583.73736	1583.70304	1552.94103	1552.91543	
11.64571	1583.81829	1583.7903	1553.02196	1553.0027	
11.65588	1583.90251	1583.87757	1553.10617	1553.08996	
11.66599	1583.98689	1583.95611	1553.19056	1553.1685	
11.67643	1584.07459	1584.04338	1553.27825	1553.26449	
11.68646	1584.15948	1584.13064	1553.36315	1553.34303	
11.69665	1584.2464	1584.21791	1553.45006	1553.4303	
11.70679	1584.33344	1584.30518	1553.53711	1553.51757	
11.71692	1584.42106	1584.39244	1553.62472	1553.60483	
11.72709	1584.50959	1584.47971	1553.71326	1553.6921	
11.73824	1584.60749	1584.56697	1553.81116	1553.77937	
11.74848	1584.69794	1584.65424	1553.90161	1553.86663	
11.75856	1584.78761	1584.74151	1553.99127	1553.9539	
11.7687	1584.87845	1584.8375	1554.08211	1554.04117	
11.77881	1584.96967	1584.93349	1554.17334	1554.12843	
11.789	1585.06214	1585.02076	1554.2658	1554.2157	
11.79916	1585.15502	1585.11675	1554.35869	1554.31169	
11.8093	1585.24834	1585.21275	1554.452	1554.39896	
11.81947	1585.34254	1585.30001	1554.5462	1554.49495	
11.82984	1585.43925	1585.39601	1554.64292	1554.59094	
11.84089	1585.54299	1585.50073	1554.74666	1554.69566	
11.85106	1585.63915	1585.59672	1554.84281	1554.79166	
11.86118	1585.73535	1585.69271	1554.93902	1554.89638	
11.8713	1585.83229	1585.78871	1555.03596	1554.99237	
11.88139	1585.92953	1585.87597	1555.1332	1555.09709	
11.89159	1586.02836	1585.98069	1555.23203	1555.19308	
11.90175	1586.1275	1586.07668	1555.33117	1555.2978	
11.9119	1586.22709	1586.17268	1555.43076	1555.40252	
11.92202	1586.3271	1586.26867	1555.53076	1555.50724	
11.93236	1586.42987	1586.36466	1555.63354	1555.61196	
11.94424	1586.54897	1586.48684	1555.75264	1555.72541	
11.95404	1586.64758	1586.59156	1555.85125	1555.83013	
11.96423	1586.75074	1586.69628	1555.95441	1555.92612	
11.97432	1586.85357	1586.801	1556.05724	1556.03084	
11.9928	1587.04445	1586.99298	1556.24811	1556.2141	
11.9974	1587.09189	1587.04534	1556.29555	1556.26646	
12.00753	1587.19715	1587.15006	1556.40082	1556.37118	
12.0177	1587.3034	1587.25478	1556.50707	1556.4759	
12.02783	1587.40992	1587.3595	1556.61359	1556.58062	
12.03809	1587.51842	1587.46422	1556.72208	1556.69407	
12.04824	1587.6264	1587.56894	1556.83007	1556.79879	
12.05871	1587.73841	1587.67366	1556.94208	1556.90351	
12.06862	1587.84493	1587.77838	1557.0486	1557.00823	
12.0787	1587.95401	1587.89183	1557.15767	1557.12167	
12.08883	1588.06416	1588.00527	1557.26782	1557.23512	
12.09904	1588.17584	1588.10999	1557.37951	1557.33984	
12.10919	1588.28754	1588.22344	1557.49121	1557.45328	
12.11933	1588.39971	1588.33689	1557.60338	1557.56673	
12.12949	1588.51261	1588.45033	1557.71628	1557.67145	
12.1396	1588.62578	1588.56378	1557.82945	1557.79362	
12.1501	1588.74389	1588.68595	1557.94755	1557.90707	
12.16005	1588.85626	1588.7994	1558.05993	1558.02052	
12.1702	1588.97169	1588.91284	1558.17535	1558.13396	
12.18039	1589.08816	1589.03502	1558.29182	1558.24741	
12.19045	1589.20781	1589.14846	1558.41148	1558.36958	
12.20066	1589.32166	1589.26191	1558.52532	1558.4743	
12.21079	1589.43924	1589.38408	1558.64291	1558.59648	
12.22095	1589.55781	1589.50626	1558.76148	1558.71865	
12.23112	1589.67711	1589.62843	1558.88078	1558.84082	
12.2412	1589.79604	1589.7506	1558.9997	1558.96299	
12.25247	1589.92982	1589.87278	1559.13349	1559.08517	
12.26227	1590.04646	1589.99495	1559.25013	1559.20734	
12.2724	1590.16779	1590.11712	1559.37146	1559.32951	
12.28253	1590.28937	1590.23929	1559.49303	1559.45169	
12.29434	1590.43125	1590.36147	1559.63492	1559.58259	
12.30279	1590.53257	1590.48364	1559.73624	1559.70476	
12.31323	1590.65784	1590.61454	1559.8615	1559.82693	
12.32323	1590.7778	1590.73671	1559.98147	1559.94911	
12.33322	1590.89773	1590.86761	1560.1014	1560.08001	
12.34372	1591.02379	1590.98979	1560.22746	1560.20218	
12.35508	1591.16006	1591.12941	1560.36373	1560.3418	
12.36514	1591.28077	1591.26031	1560.48444	1560.46398	
12.37529	1591.40255	1591.38249	1560.60621	1560.59488	
12.38543	1591.5242	1591.51339	1560.72787	1560.70832	
12.39565	1591.64688	1591.63556	1560.85054	1560.83922	
12.40579	1591.76853	1591.75773	1560.9722	1560.95267	
12.41594	1591.89027	1591.8799	1561.09394	1561.07484	
12.42608	1592.01199	1591.99335	1561.21566	1561.19702	
12.43623	1592.13378	1592.1068	1561.33744	1561.31046	
12.4464	1592.25587	1592.22897	1561.45953	1561.43264	
12.45784	1592.39318	1592.35114	1561.59685	1561.56354	
12.4678	1592.51257	1592.46459	1561.71624	1561.68571	
12.47801	1592.63517	1592.57804	1561.83884	1561.79915	
12.4881	1592.75621	1592.70021	1561.95987	1561.92133	
12.49823	1592.87785	1592.81366	1562.08152	1562.03477	
12.5085	1593.00102	1592.93583	1562.20468	1562.15695	
12.51856	1593.12176	1593.04927	1562.32543	1562.27912	
12.52872	1593.24361	1593.17145	1562.44728	1562.40129	
12.53887	1593.36553	1593.29362	1562.5692	1562.52347	
12.549	1593.48709	1593.41579	1562.69076	1562.64564	
12.56041	1593.62399	1593.55542	1562.82765	1562.78527	
12.57054	1593.74557	1593.68632	1562.94924	1562.90744	
12.5807	1593.86737	1593.80849	1563.07104	1563.03834	
12.59084	1593.98912	1593.93939	1563.19279	1563.16051	
12.601	1594.11116	1594.06157	1563.31483	1563.29141	
12.6112	1594.23344	1594.18374	1563.43711	1563.41358	
12.62129	1594.3545	1594.31464	1563.55816	1563.53576	
12.63146	1594.47654	1594.44554	1563.6802	1563.66666	
12.64154	1594.59757	1594.56771	1563.80124	1563.78883	
12.65213	1594.72472	1594.68988	1563.92839	1563.911	
12.66352	1594.86141	1594.82951	1564.06508	1564.05063	
12.67321	1594.97757	1594.95168	1564.18124	1564.16408	
12.68337	1595.09942	1595.07386	1564.30309	1564.29498	
12.69346	1595.22056	1595.19603	1564.42423	1564.40842	
12.70387	1595.34552	1595.30948	1564.54918	1564.53059	
12.71381	1595.46482	1595.43165	1564.66849	1564.65277	
12.72394	1595.58627	1595.5451	1564.78994	1564.76621	
12.73416	1595.709	1595.66727	1564.91266	1564.88839	
12.74422	1595.82966	1595.78944	1565.03332	1565.00183	
12.75443	1595.95224	1595.90289	1565.1559	1565.11528	
12.76584	1596.08919	1596.03379	1565.29286	1565.24618	
12.776	1596.21107	1596.15596	1565.41473	1565.36835	
12.78613	1596.33266	1596.27813	1565.53633	1565.49053	
12.79627	1596.45427	1596.40031	1565.65794	1565.6127	
12.80646	1596.57655	1596.52248	1565.78022	1565.73487	
12.81662	1596.69853	1596.65338	1565.9022	1565.85705	
12.82677	1596.82039	1596.77555	1566.02406	1565.97922	
12.83697	1596.94273	1596.90645	1566.1464	1566.11012	
12.84704	1597.06357	1597.02863	1566.26724	1566.23229	
12.85726	1597.18615	1597.1508	1566.38982	1566.35446	
12.86859	1597.32221	1597.29042	1566.52587	1566.49409	
12.87866	1597.44297	1597.42132	1566.64664	1566.61626	
12.88877	1597.56429	1597.55222	1566.76796	1566.74716	
12.89894	1597.68638	1597.6744	1566.89005	1566.86934	
12.9091	1597.80824	1597.79657	1567.01191	1566.99151	
12.91926	1597.9302	1597.91874	1567.13386	1567.12241	
12.92941	1598.052	1598.04092	1567.25566	1567.23586	
12.93958	1598.17398	1598.16309	1567.37764	1567.36675	
12.94973	1598.29585	1598.27654	1567.49952	1567.4802	
12.95985	1598.41727	1598.38998	1567.62093	1567.60237	
12.9712	1598.55345	1598.52088	1567.75712	1567.73327	
12.98131	1598.67486	1598.63433	1567.87852	1567.85545	
12.99144	1598.79632	1598.74777	1567.99999	1567.96889	
13.00158	1598.91803	1598.86122	1568.12169	1568.09107	
13.01213	1599.04459	1598.98339	1568.24826	1568.21324	
13.02188	1599.16164	1599.10557	1568.3653	1568.32669	
13.03202	1599.28323	1599.21901	1568.4869	1568.44886	
13.04217	1599.40502	1599.34119	1568.60869	1568.56231	
13.05232	1599.52693	1599.46336	1568.7306	1568.68448	
13.06246	1599.64863	1599.58553	1568.8523	1568.80665	
13.07374	1599.78397	1599.72516	1568.98764	1568.94628	
13.08393	1599.90629	1599.84733	1569.10995	1569.06845	
13.09411	1600.02829	1599.97823	1569.23196	1569.19062	
13.10417	1600.14909	1600.1004	1569.35276	1569.3128	
13.11436	1600.27137	1600.22258	1569.47504	1569.43497	
13.12464	1600.39476	1600.34475	1569.59842	1569.56587	
13.13468	1600.51529	1600.46692	1569.71895	1569.68804	
13.14481	1600.63675	1600.5891	1569.84042	1569.81894	
13.16509	1600.88019	1600.84217	1570.08386	1570.06329	
13.17235	1600.96733	1600.90326	1570.17099	1570.11565	
13.1799	1601.0579	1601.02543	1570.26157	1570.23782	
13.19013	1601.18064	1601.1476	1570.3843	1570.36872	
13.20025	1601.3021	1601.26978	1570.50577	1570.48217	
13.2104	1601.42384	1601.39195	1570.62751	1570.61307	
13.22086	1601.55053	1601.51412	1570.75419	1570.72651	
13.23073	1601.66779	1601.63629	1570.87146	1570.85741	
13.24085	1601.78925	1601.75847	1570.99292	1570.97086	
13.25101	1601.9111	1601.88064	1571.11477	1571.09303	
13.26116	1602.0329	1602.00281	1571.23657	1571.21521	
13.27126	1602.15414	1602.12499	1571.3578	1571.33738	
13.28156	1602.27785	1602.24716	1571.48151	1571.45083	
13.29994	1602.49847	1602.36933	1571.70213	1571.573	
13.31252	1602.64935	1602.61368	1571.85302	1571.81734	
13.31708	1602.70399	1602.66604	1571.90766	1571.8697	
13.32722	1602.82573	1602.78821	1572.0294	1571.99188	
13.3374	1602.94787	1602.91039	1572.15153	1572.12278	
13.34756	1603.06979	1603.03256	1572.27345	1572.23622	
13.35773	1603.19186	1603.15473	1572.39553	1572.3584	
13.36784	1603.31313	1603.2769	1572.5168	1572.48057	
13.38065	1603.46695	1603.39908	1572.67062	1572.61147	
13.38822	1603.55777	1603.52998	1572.76143	1572.73364	
13.39838	1603.67961	1603.65215	1572.88328	1572.85582	
13.40853	1603.80133	1603.78305	1573.005	1572.97799	
13.41862	1603.92248	1603.90522	1573.12615	1573.10016	
13.42881	1604.04474	1604.0274	1573.2484	1573.22233	
13.43897	1604.16665	1604.1583	1573.37031	1573.34451	
13.44911	1604.28837	1604.28047	1573.49204	1573.47541	
13.45927	1604.41031	1604.40264	1573.61397	1573.58885	
13.46937	1604.53145	1604.51609	1573.73511	1573.71103	
13.48179	1604.68057	1604.63826	1573.88424	1573.8332	
13.48975	1604.77608	1604.75171	1573.97974	1573.95537	
13.49989	1604.89782	1604.86515	1574.10148	1574.07755	
13.5101	1605.02019	1604.98733	1574.22386	1574.19972	
13.52014	1605.14069	1605.10077	1574.34435	1574.31317	
13.53055	1605.26565	1605.21422	1574.46932	1574.43534	
13.54077	1605.38829	1605.33639	1574.59196	1574.55751	
13.55083	1605.50901	1605.45857	1574.71268	1574.67096	
13.56099	1605.63098	1605.57201	1574.83465	1574.79313	
13.5711	1605.75225	1605.68546	1574.95592	1574.9153	
13.58327	1605.89834	1605.80763	1575.10201	1575.03748	
13.59171	1605.99966	1605.9298	1575.20332	1575.15965	
13.60167	1606.11907	1606.05198	1575.32274	1575.28182	
13.61183	1606.24004	1606.18288	1575.4437	1575.404	
13.62195	1606.36	1606.31378	1575.56367	1575.5349	
13.63227	1606.48167	1606.43595	1575.68533	1575.64834	
13.64225	1606.59869	1606.56685	1575.80236	1575.77924	
13.6524	1606.71706	1606.68902	1575.92072	1575.90141	
13.66255	1606.8348	1606.8112	1576.03847	1576.03231	
13.67267	1606.95161	1606.9421	1576.15528	1576.14576	
13.68282	1607.06826	1607.06427	1576.27193	1576.26793	
13.70135	1607.27854	1607.18644	1576.4822	1576.39011	
13.70594	1607.33065	1607.32607	1576.53431	1576.53846	
13.71609	1607.44525	1607.44824	1576.64892	1576.66063	
13.72627	1607.55943	1607.57041	1576.7631	1576.77408	
13.73642	1607.67279	1607.67513	1576.87646	1576.89625	
13.74658	1607.78555	1607.78858	1576.98921	1577.0097	
13.75682	1607.89862	1607.90203	1577.10228	1577.11442	
13.76689	1608.00919	1608.00675	1577.21285	1577.21914	
13.77702	1608.11989	1608.11147	1577.32356	1577.32386	
13.78988	1608.25925	1608.21619	1577.46291	1577.42858	
13.79772	1608.34395	1608.32963	1577.54762	1577.5333	
13.80785	1608.45264	1608.42563	1577.65631	1577.63802	
13.81803	1608.56172	1608.53907	1577.76538	1577.73401	
13.82816	1608.66884	1608.64379	1577.8725	1577.83873	
13.83836	1608.77651	1608.74851	1577.98018	1577.94345	
13.84852	1608.8831	1608.85323	1578.08676	1578.03944	
13.85866	1608.98884	1608.95795	1578.1925	1578.14416	
13.86886	1609.09463	1609.06267	1578.2983	1578.24888	
13.87894	1609.19854	1609.17612	1578.4022	1578.36233	
13.89126	1609.32468	1609.28084	1578.52835	1578.46705	
13.89939	1609.40759	1609.38556	1578.61126	1578.57177	
13.90947	1609.50956	1609.49028	1578.71322	1578.68522	
13.91964	1609.612	1609.595	1578.81567	1578.78993	
13.92972	1609.71287	1609.69972	1578.91654	1578.89465	
13.93998	1609.81495	1609.80444	1579.01862	1578.99937	
13.95796	1609.99135	1609.99642	1579.19502	1579.19136	
13.96253	1610.03632	1610.04878	1579.23998	1579.23499	
13.97274	1610.13587	1610.1535	1579.33954	1579.33971	
13.98283	1610.23365	1610.25822	1579.43731	1579.44443	
13.99541	1610.35459	1610.36294	1579.55826	1579.54043	
14.0033	1610.43005	1610.46766	1579.63371	1579.63642	
14.01341	1610.5261	1610.55493	1579.72977	1579.73241	
14.02356	1610.62207	1610.65092	1579.82574	1579.83713	
14.03364	1610.71665	1610.74691	1579.92031	1579.9244	
14.04389	1610.81225	1610.82545	1580.01592	1580.02039	
14.05401	1610.90602	1610.90399	1580.10969	1580.10766	
14.06416	1610.99942	1610.99126	1580.20309	1580.19492	
14.07431	1611.09221	1611.0698	1580.29588	1580.29092	
14.08445	1611.18433	1611.14834	1580.388	1580.36946	
14.10311	1611.35136	1611.29669	1580.55502	1580.52654	
14.10774	1611.39273	1611.3316	1580.59639	1580.57017	
14.11791	1611.48313	1611.41887	1580.68679	1580.64871	
14.12809	1611.57297	1611.50613	1580.77664	1580.73598	
14.13817	1611.66157	1611.5934	1580.86523	1580.82324	
14.14838	1611.75013	1611.68939	1580.95379	1580.91051	
14.15853	1611.83779	1611.77666	1581.04145	1580.99778	
14.16868	1611.92493	1611.88138	1581.1286	1581.08504	
14.17884	1612.01152	1611.96864	1581.21519	1581.18104	
14.189	1612.09747	1612.07336	1581.30113	1581.2683	
14.20178	1612.20451	1612.16063	1581.40818	1581.3643	
14.20953	1612.26921	1612.25662	1581.47287	1581.45156	
14.21953	1612.35198	1612.35262	1581.55565	1581.54755	
14.22965	1612.43516	1612.43988	1581.63883	1581.63482	
14.2403	1612.52203	1612.53588	1581.7257	1581.73081	
14.25001	1612.60054	1612.61442	1581.80421	1581.82681	
14.26016	1612.68214	1612.70168	1581.88581	1581.90535	
14.27038	1612.7636	1612.78895	1581.96727	1581.99261	
14.28053	1612.844	1612.85876	1582.04766	1582.07115	
14.29072	1612.92585	1612.9373	1582.12952	1582.15842	
14.30454	1613.03134	1613.01584	1582.235	1582.23696	
14.31122	1613.08302	1613.07693	1582.28669	1582.30677	
14.32135	1613.16072	1613.14674	1582.36439	1582.37659	
14.33151	1613.23805	1613.22528	1582.44171	1582.4464	
14.34212	1613.31813	1613.29509	1582.5218	1582.51621	
14.35188	1613.39118	1613.36491	1582.59485	1582.5773	
14.36201	1613.46646	1613.42599	1582.67013	1582.64711	
14.37218	1613.54139	1613.49581	1582.74505	1582.7082	
14.38235	1613.61576	1613.57435	1582.81942	1582.77801	
14.39249	1613.68924	1613.64416	1582.89291	1582.84783	
14.40456	1613.77588	1613.71397	1582.97954	1582.91764	
14.41292	1613.83549	1613.79251	1583.03915	1582.98745	
14.423	1613.90665	1613.86233	1583.11031	1583.05726	
14.43323	1613.97836	1613.94087	1583.18203	1583.1358	
14.44328	1614.04818	1614.01068	1583.25184	1583.21434	
14.45369	1614.11984	1614.09795	1583.3235	1583.29288	
14.46354	1614.18705	1614.16776	1583.39071	1583.37142	
14.47368	1614.25564	1614.2463	1583.4593	1583.44996	
14.48384	1614.32383	1614.32484	1583.5275	1583.5285	
14.49393	1614.39083	1614.39465	1583.59449	1583.60704	
14.50411	1614.45795	1614.46446	1583.66161	1583.67686	
14.51434	1614.52472	1614.53428	1583.72838	1583.74667	
14.52449	1614.59025	1614.60409	1583.79391	1583.81648	
14.53464	1614.65524	1614.6739	1583.8589	1583.8863	
14.54471	1614.71916	1614.74372	1583.92283	1583.95611	
14.55511	1614.78448	1614.8048	1583.98815	1584.0172	
14.56528	1614.84777	1614.86589	1584.05144	1584.07828	
14.5754	1614.91015	1614.91825	1584.11381	1584.13064	
14.58562	1614.97252	1614.97061	1584.17618	1584.19173	
14.59572	1615.03351	1615.02297	1584.23718	1584.23536	
14.60593	1615.09459	1615.08406	1584.29826	1584.29645	
14.6163	1615.15599	1615.13642	1584.35965	1584.34008	
14.62626	1615.21451	1615.1975	1584.41818	1584.39244	
14.63644	1615.27338	1615.24986	1584.47704	1584.4448	
14.64653	1615.33132	1615.30222	1584.53499	1584.49716	
14.65692	1615.39031	1615.37204	1584.59398	1584.54952	
14.6671	1615.44753	1615.4244	1584.65119	1584.61061	
14.67728	1615.50412	1615.48548	1584.70778	1584.66297	
14.6874	1615.55975	1615.54657	1584.76341	1584.72405	
14.69753	1615.61485	1615.59893	1584.81852	1584.78514	
14.7077	1615.66957	1615.66002	1584.87323	1584.8375	
14.71795	1615.72412	1615.7211	1584.92779	1584.89859	
14.72806	1615.77723	1615.77346	1584.9809	1584.9684	
14.73825	1615.83037	1615.83455	1585.03403	1585.02949	
14.74841	1615.88242	1615.89563	1585.08608	1585.09057	
14.75854	1615.93389	1615.94799	1585.13756	1585.14293	
14.76876	1615.9852	1616.00035	1585.18887	1585.20402	
14.7789	1616.03544	1616.06144	1585.2391	1585.25638	
14.78909	1616.08537	1616.1138	1585.28904	1585.31747	
14.79921	1616.13433	1616.16616	1585.33799	1585.3611	
14.80931	1616.18261	1616.20979	1585.38627	1585.41346	
14.81984	1616.23229	1616.26215	1585.43595	1585.45709	
14.83054	1616.28207	1616.31451	1585.48573	1585.50073	
14.84066	1616.32854	1616.35815	1585.53221	1585.54436	
14.85081	1616.37456	1616.40178	1585.57823	1585.57927	
14.86102	1616.42029	1616.43669	1585.62395	1585.6229	
14.8711	1616.46476	1616.48032	1585.66843	1585.65781	
14.88123	1616.5089	1616.51523	1585.71256	1585.69271	
14.89147	1616.55285	1616.55013	1585.75652	1585.72762	
14.90155	1616.59557	1616.58504	1585.79924	1585.76253	
14.91213	1616.63973	1616.61995	1585.8434	1585.80616	
14.92247	1616.68227	1616.66358	1585.88594	1585.84106	
14.93309	1616.72525	1616.69849	1585.92892	1585.8847	
14.94318	1616.76552	1616.73339	1585.96918	1585.92833	
14.95326	1616.80517	1616.7683	1586.00883	1585.97196	
14.96383	1616.84608	1616.80321	1586.04974	1586.0156	
14.97358	1616.88327	1616.83811	1586.08693	1586.05923	
14.98371	1616.9213	1616.88175	1586.12496	1586.10286	
14.99386	1616.9588	1616.92538	1586.16246	1586.1465	
15.00398	1616.99558	1616.96901	1586.19925	1586.19013	
15.01418	1617.03209	1617.01265	1586.23575	1586.23376	
15.02524	1617.07089	1617.05628	1586.27456	1586.2774	
15.03539	1617.10593	1617.09991	1586.30959	1586.32103	
15.04552	1617.14027	1617.14355	1586.34394	1586.35594	
15.05562	1617.17396	1617.18718	1586.37763	1586.39957	
15.06583	1617.2074	1617.22208	1586.41106	1586.43448	
15.07602	1617.24016	1617.25699	1586.44383	1586.46066	
15.08619	1617.27226	1617.2919	1586.47593	1586.49556	
15.09632	1617.30363	1617.3268	1586.5073	1586.52174	
15.10646	1617.33445	1617.35298	1586.53811	1586.54792	
15.11669	1617.36491	1617.37916	1586.56857	1586.5741	
15.12792	1617.39759	1617.41407	1586.60126	1586.60028	
15.13805	1617.42652	1617.43152	1586.63019	1586.61774	
15.14817	1617.45481	1617.44898	1586.65848	1586.64392	
15.16786	1617.50709	1617.49261	1586.71076	1586.67882	
15.17248	1617.51942	1617.50134	1586.72309	1586.69628	
15.18258	1617.54566	1617.51879	1586.74932	1586.71373	
15.19273	1617.57142	1617.53624	1586.77509	1586.73991	
15.20287	1617.59657	1617.5537	1586.80024	1586.75736	
15.21323	1617.62165	1617.57115	1586.82531	1586.78354	
15.22628	1617.65218	1617.59733	1586.85585	1586.80972	
15.23398	1617.66995	1617.62351	1586.87362	1586.8359	
15.24368	1617.69175	1617.64096	1586.89542	1586.85336	
15.25385	1617.71399	1617.67587	1586.91765	1586.88826	
15.26396	1617.73554	1617.69332	1586.93921	1586.91444	
15.27415	1617.75666	1617.72823	1586.96032	1586.94062	
15.28427	1617.77706	1617.75441	1586.98072	1586.9668	
15.29451	1617.79709	1617.78059	1587.00075	1586.99298	
15.30471	1617.81645	1617.8155	1587.02011	1587.01916	
15.31483	1617.83509	1617.84168	1587.03876	1587.04534	
15.32513	1617.85344	1617.86786	1587.0571	1587.0628	
15.33537	1617.87112	1617.89404	1587.07479	1587.08898	
15.34547	1617.88796	1617.92022	1587.09163	1587.11516	
15.35565	1617.90437	1617.93767	1587.10803	1587.13261	
15.36574	1617.92005	1617.95512	1587.12372	1587.15006	
15.37593	1617.93532	1617.96385	1587.13899	1587.16752	
15.38612	1617.95001	1617.97258	1587.15367	1587.17624	
15.39627	1617.96405	1617.97258	1587.16772	1587.1937	
15.40649	1617.97764	1617.97258	1587.1813	1587.20242	
15.41659	1617.99049	1617.9813	1587.19415	1587.20242	
15.42675	1618.00285	1617.9813	1587.20652	1587.20242	
15.43704	1618.0148	1617.9813	1587.21846	1587.21115	
15.44713	1618.02594	1617.9813	1587.22961	1587.21115	
15.45724	1618.03657	1617.9813	1587.24023	1587.21115	
15.46741	1618.04669	1617.9813	1587.25036	1587.21115	
15.47757	1618.05626	1617.9813	1587.25993	1587.21115	
15.48772	1618.06527	1617.99003	1587.26894	1587.21115	
15.49785	1618.07372	1617.99003	1587.27738	1587.21115	
15.50802	1618.08166	1618.00748	1587.28533	1587.21115	
15.51817	1618.08905	1618.01621	1587.29271	1587.21988	
15.52833	1618.09591	1618.03366	1587.29958	1587.21988	
15.53855	1618.10229	1618.05112	1587.30596	1587.2286	
15.54878	1618.10815	1618.06857	1587.31181	1587.23733	
15.55887	1618.11342	1618.08602	1587.31709	1587.25478	
15.56901	1618.11823	1618.09475	1587.32189	1587.27223	
15.57914	1618.12254	1618.1122	1587.3262	1587.29841	
15.58939	1618.12641	1618.12966	1587.33008	1587.31587	
15.59951	1618.12978	1618.13838	1587.33345	1587.34205	
15.60966	1618.13271	1618.14711	1587.33638	1587.3595	
15.61982	1618.13522	1618.15584	1587.33889	1587.36823	
15.62993	1618.13732	1618.15584	1587.34098	1587.37695	
15.64113	1618.13915	1618.15584	1587.34282	1587.38568	
15.65127	1618.14416	1618.14711	1587.34783	1587.38568	
15.66144	1618.14416	1618.14711	1587.34783	1587.38568	
15.67155	1618.14416	1618.14711	1587.34783	1587.38568	
15.68212	1618.14416	1618.13838	1587.34783	1587.37695	
15.69189	1618.14416	1618.13838	1587.34783	1587.37695	
15.70202	1618.14416	1618.13838	1587.34783	1587.36823	
15.71235	1618.14416	1618.12966	1587.34783	1587.3595	
15.72232	1618.14416	1618.12966	1587.34783	1587.35077	
15.73244	1618.14416	1618.12966	1587.34783	1587.34205	
15.74314	1618.14416	1618.12966	1587.34783	1587.34205	
15.75354	1618.14416	1618.12966	1587.34783	1587.33332	
15.76338	1618.14416	1618.12966	1587.34783	1587.32459	
15.77367	1618.14416	1618.12966	1587.34783	1587.31587	
15.7839	1618.14416	1618.12966	1587.34783	1587.31587	
15.79383	1618.14416	1618.12966	1587.34783	1587.31587	
15.80401	1618.14416	1618.12966	1587.34783	1587.31587	
15.81415	1618.14416	1618.12966	1587.34783	1587.32459	
15.82424	1618.14416	1618.12966	1587.34783	1587.32459	
15.83465	1618.14416	1618.12966	1587.34783	1587.33332	
15.84464	1618.14416	1618.12966	1587.34783	1587.33332	
15.85475	1618.14416	1618.12966	1587.34783	1587.34205	
15.8649	1618.14416	1618.12966	1587.34783	1587.34205	
15.87505	1618.14416	1618.12966	1587.34783	1587.35077	
15.88527	1618.14416	1618.12966	1587.34783	1587.35077	
15.89538	1618.14416	1618.12966	1587.34783	1587.3595	
15.90558	1618.14416	1618.12966	1587.34783	1587.3595	
15.91573	1618.14416	1618.12966	1587.34783	1587.3595	
15.9259	1618.14416	1618.12966	1587.34783	1587.36823	
15.93604	1618.14416	1618.12966	1587.34783	1587.36823	
15.9462	1618.14416	1618.12966	1587.34783	1587.36823	
15.95633	1618.14416	1618.12966	1587.34783	1587.36823	
15.96657	1618.14416	1618.12966	1587.34783	1587.36823	
15.9767	1618.14416	1618.12966	1587.34783	1587.36823	
15.98685	1618.14416	1618.12966	1587.34783	1587.3595	
15.99704	1618.14416	1618.12966	1587.34783	1587.3595	
16.00719	1618.14416	1618.12966	1587.34783	1587.3595	
16.01735	1618.14416	1618.12966	1587.34783	1587.3595	
16.02759	1618.14416	1618.12966	1587.34783	1587.3595	
16.03769	1618.14416	1618.12966	1587.34783	1587.3595	
16.04779	1618.14416	1618.12966	1587.34783	1587.3595	
16.058	1618.14416	1618.12966	1587.34783	1587.3595	
16.06815	1618.14416	1618.12966	1587.34783	1587.3595	
16.07833	1618.14416	1618.12966	1587.34783	1587.3595	
16.08846	1618.14416	1618.12966	1587.34783	1587.3595	
16.09859	1618.14416	1618.12966	1587.34783	1587.3595	
16.10884	1618.14416	1618.12966	1587.34783	1587.3595	
16.11896	1618.14416	1618.12966	1587.34783	1587.3595	
16.12912	1618.14416	1618.12966	1587.34783	1587.3595	
16.13927	1618.14416	1618.12966	1587.34783	1587.3595	
16.14944	1618.14416	1618.12966	1587.34783	1587.3595	
16.15962	1618.14416	1618.12966	1587.34783	1587.3595	
16.16977	1618.14416	1618.12966	1587.34783	1587.3595	
16.17996	1618.14416	1618.12966	1587.34783	1587.3595	
16.19011	1618.14416	1618.12966	1587.34783	1587.3595	
16.20025	1618.14416	1618.12966	1587.34783	1587.3595	
16.2104	1618.14416	1618.12966	1587.34783	1587.3595	
16.22085	1618.14416	1618.12966	1587.34783	1587.3595	
16.23072	1618.14416	1618.12966	1587.34783	1587.3595	
16.24088	1618.14416	1618.12966	1587.34783	1587.3595	
16.25102	1618.14416	1618.12966	1587.34783	1587.3595	
16.26122	1618.14416	1618.12966	1587.34783	1587.3595	
16.27127	1618.14416	1618.12966	1587.34783	1587.3595	
16.28147	1618.14416	1618.12966	1587.34783	1587.3595	
16.29169	1618.14416	1618.12966	1587.34783	1587.3595	
16.30394	1618.14416	1618.12966	1587.34783	1587.3595	
16.3119	1618.14416	1618.12966	1587.34783	1587.3595	
16.32203	1618.14416	1618.12966	1587.34783	1587.3595	
16.3322	1618.14416	1618.12966	1587.34783	1587.3595	
16.34234	1618.14416	1618.12966	1587.34783	1587.3595	
16.3525	1618.14416	1618.12966	1587.34783	1587.3595	
16.36264	1618.14416	1618.12966	1587.34783	1587.3595	
16.37284	1618.14416	1618.12966	1587.34783	1587.3595	
16.38301	1618.14416	1618.12966	1587.34783	1587.3595	
16.39315	1618.14416	1618.12966	1587.34783	1587.3595	
16.40325	1618.14416	1618.12966	1587.34783	1587.3595	
16.41344	1618.14416	1618.12966	1587.34783	1587.3595	
16.42364	1618.14416	1618.12966	1587.34783	1587.3595	
16.43383	1618.14416	1618.12966	1587.34783	1587.3595	
16.44396	1618.14416	1618.12966	1587.34783	1587.3595	
16.45408	1618.14416	1618.12966	1587.34783	1587.3595	
16.46424	1618.14416	1618.12966	1587.34783	1587.3595	
16.47442	1618.14416	1618.12966	1587.34783	1587.3595	
16.4924	1618.14416	1618.12966	1587.34783	1587.3595	
16.49692	1618.14416	1618.12966	1587.34783	1587.3595	
16.50712	1618.14416	1618.12966	1587.34783	1587.3595	
16.51734	1618.14416	1618.12966	1587.34783	1587.3595	
16.52743	1618.14416	1618.12966	1587.34783	1587.3595	
16.53757	1618.14416	1618.12966	1587.34783	1587.3595	
16.54776	1618.14416	1618.12966	1587.34783	1587.3595	
16.55789	1618.14416	1618.12966	1587.34783	1587.3595	
16.56803	1618.14416	1618.12966	1587.34783	1587.3595	
16.57819	1618.14416	1618.12966	1587.34783	1587.3595	
16.58837	1618.14416	1618.12966	1587.34783	1587.3595	
16.59859	1618.14416	1618.12966	1587.34783	1587.3595	
16.60871	1618.14416	1618.12966	1587.34783	1587.3595	
16.61885	1618.14416	1618.12966	1587.34783	1587.3595	
16.62909	1618.14416	1618.12966	1587.34783	1587.3595	
16.6392	1618.14416	1618.12966	1587.34783	1587.3595	
16.66207	1618.14416	1618.12966	1587.34783	1587.3595	
16.66688	1618.14416	1618.12966	1587.34783	1587.3595	
