4.189708	
4.194565	
4.204697	
4.214834	
4.225012	
4.23516	
4.245303	
4.255509	
4.265659	
4.275739	
4.285908	
4.296087	
4.306271	
4.316381	
4.32653	
4.33676	
4.346826	
4.356972	
4.367117	
4.37731	
4.387429	
4.397573	
4.407732	
4.417826	
4.42803	
4.438191	
4.448312	
4.458475	
4.468802	
4.479014	
4.489149	
4.499246	
4.509358	
4.519548	
4.529664	
4.539816	
4.549944	
4.560681	
4.578125	
4.582528	
4.592713	
4.60283	
4.612982	
4.623131	
4.63331	
4.643445	
4.653597	
4.663761	
4.673922	
4.684091	
4.694241	
4.704399	
4.71453	
4.724648	
4.734828	
4.74503	
4.755142	
4.765248	
4.775457	
4.785571	
4.795743	
4.805872	
4.816043	
4.826231	
4.836331	
4.84647	
4.856709	
4.866779	
4.876932	
4.887076	
4.897261	
4.908856	
4.917576	
4.92775	
4.937999	
4.948017	
4.958162	
4.968347	
4.978419	
4.988532	
4.998794	
5.008958	
5.01901	
5.029265	
5.03929	
5.049448	
5.059581	
5.069701	
5.080168	
5.090099	
5.100241	
5.110295	
5.120897	
5.13061	
5.140749	
5.150895	
5.161048	
5.171195	
5.18132	
5.191514	
5.201665	
5.211797	
5.221902	
5.232092	
5.242247	
5.252386	
5.262549	
5.275155	1298.12497	1298.12354	1267.39845	1267.39702	
5.285272	1298.12665	1298.12354	1267.40013	1267.39702	
5.295419	1298.12896	1298.12354	1267.40244	1267.39702	
5.305534	1298.13188	1298.12354	1267.40536	1267.39702	
5.323737	1298.13956	1298.12354	1267.41304	1267.39702	
5.328315	1298.14143	1298.13226	1267.41491	1267.39702	
5.338502	1298.14638	1298.13226	1267.41986	1267.39702	
5.348621	1298.15191	1298.14099	1267.42539	1267.39702	
5.359225	1298.1584	1298.14099	1267.43188	1267.39702	
5.369019	1298.16495	1298.14099	1267.43843	1267.39702	
5.379177	1298.17237	1298.14972	1267.44585	1267.40574	
5.389255	1298.18033	1298.15844	1267.45381	1267.40574	
5.399508	1298.18908	1298.15844	1267.46255	1267.40574	
5.40955	1298.19823	1298.15844	1267.47171	1267.40574	
5.423268	1298.2125	1298.15844	1267.48597	1267.41447	
5.4304	1298.2194	1298.16717	1267.49287	1267.4232	
5.440507	1298.23049	1298.1759	1267.50397	1267.43192	
5.450634	1298.24223	1298.1759	1267.51571	1267.44938	
5.460742	1298.25456	1298.19335	1267.52803	1267.4581	
5.470994	1298.26769	1298.20208	1267.54117	1267.48428	
5.481276	1298.28151	1298.2108	1267.55499	1267.51046	
5.491304	1298.29556	1298.23698	1267.56904	1267.52792	
5.50144	1298.3104	1298.25444	1267.58388	1267.56282	
5.511659	1298.32599	1298.28062	1267.59947	1267.589	
5.522199	1298.34275	1298.3068	1267.61623	1267.61518	
5.532317	1298.35943	1298.33298	1267.63291	1267.63264	
5.542487	1298.37682	1298.35916	1267.6503	1267.66754	
5.552641	1298.3948	1298.38534	1267.66828	1267.685	
5.563132	1298.41486	1298.42024	1267.68834	1267.70245	
5.572943	1298.43263	1298.4377	1267.70611	1267.72863	
5.591267	1298.46978	1298.48133	1267.74326	1267.76354	
5.595822	1298.47894	1298.49006	1267.75242	1267.77226	
5.606028	1298.50029	1298.50751	1267.77376	1267.78972	
5.616136	1298.52203	1298.52496	1267.79551	1267.80717	
5.626401	1298.54477	1298.55114	1267.81825	1267.82462	
5.636469	1298.56765	1298.55987	1267.84113	1267.83335	
5.646642	1298.59141	1298.57732	1267.86489	1267.8508	
5.656896	1298.61599	1298.58605	1267.88947	1267.86826	
5.666903	1298.64056	1298.59478	1267.91404	1267.87698	
5.677091	1298.66622	1298.61223	1267.9397	1267.89444	
5.687348	1298.69277	1298.62968	1267.96625	1267.91189	
5.697443	1298.71932	1298.64714	1267.9928	1267.92934	
5.707569	1298.7468	1298.66459	1268.02028	1267.94679	
5.717758	1298.77481	1298.69077	1268.04829	1267.97297	
5.728104	1298.80406	1298.71695	1268.07754	1268.00788	
5.738067	1298.83276	1298.75186	1268.10624	1268.03406	
5.74821	1298.86262	1298.78676	1268.1361	1268.06897	
5.758381	1298.89329	1298.82167	1268.16676	1268.1126	
5.768458	1298.92409	1298.8653	1268.19756	1268.14751	
5.778582	1298.95575	1298.90894	1268.22923	1268.19114	
5.79703	1299.01594	1298.9962	1268.28942	1268.26968	
5.801692	1299.03106	1299.01366	1268.30454	1268.29586	
5.811794	1299.06465	1299.05729	1268.33813	1268.33077	
5.821883	1299.09883	1299.10092	1268.3723	1268.38313	
5.832303	1299.13478	1299.14456	1268.40826	1268.42676	
5.842494	1299.17055	1299.18819	1268.44402	1268.47039	
5.85261	1299.20667	1299.2231	1268.48015	1268.5053	
5.862761	1299.24353	1299.258	1268.51701	1268.54021	
5.872968	1299.28122	1299.29291	1268.5547	1268.57511	
5.88312	1299.31935	1299.32781	1268.59283	1268.61002	
5.893345	1299.35837	1299.36272	1268.63185	1268.64493	
5.903523	1299.39781	1299.3889	1268.67129	1268.67111	
5.913633	1299.43761	1299.41508	1268.71108	1268.70601	
5.923774	1299.47816	1299.44126	1268.75164	1268.73219	
5.933973	1299.51957	1299.46744	1268.79305	1268.7671	
5.944149	1299.56151	1299.50235	1268.83499	1268.79328	
5.954345	1299.6041	1299.53725	1268.87758	1268.82819	
5.96445	1299.64695	1299.57216	1268.92043	1268.86309	
5.974612	1299.69069	1299.60707	1268.96417	1268.90673	
5.98482	1299.73526	1299.6507	1269.00874	1268.94163	
6.003338	1299.8186	1299.73797	1269.09208	1269.0289	
6.007901	1299.83906	1299.75542	1269.11254	1269.04635	
6.018097	1299.88558	1299.81651	1269.15906	1269.09871	
6.028355	1299.93303	1299.86887	1269.20651	1269.15107	
6.038343	1299.97984	1299.92123	1269.25332	1269.20343	
6.048569	1300.02837	1299.98231	1269.30185	1269.26452	
6.058683	1300.07698	1300.0434	1269.35046	1269.32561	
6.068841	1300.12643	1300.10449	1269.39991	1269.37796	
6.078972	1300.17638	1300.16557	1269.44986	1269.43905	
6.089426	1300.22858	1300.21793	1269.50206	1269.50014	
6.099326	1300.27857	1300.27902	1269.55205	1269.5525	
6.109454	1300.33034	1300.34011	1269.60382	1269.62231	
6.119635	1300.38299	1300.39247	1269.65647	1269.67467	
6.12972	1300.43578	1300.44483	1269.70926	1269.72703	
6.139881	1300.48959	1300.49719	1269.76307	1269.77939	
6.150108	1300.54436	1300.54955	1269.81784	1269.83175	
6.160275	1300.59943	1300.59318	1269.87291	1269.87538	
6.170462	1300.65523	1300.63681	1269.92871	1269.92774	
6.18048	1300.7107	1300.68917	1269.98418	1269.97138	
6.190974	1300.76951	1300.7328	1270.04299	1270.01501	
6.201217	1300.82754	1300.77644	1270.10102	1270.06737	
6.210971	1300.88328	1300.8288	1270.15676	1270.111	
6.221074	1300.94169	1300.88116	1270.21517	1270.16336	
6.231215	1301.00095	1300.93352	1270.27443	1270.21572	
6.241432	1301.06129	1300.98588	1270.33477	1270.27681	
6.251657	1301.12228	1301.04696	1270.39576	1270.32917	
6.261733	1301.18297	1301.10805	1270.45645	1270.39026	
6.271881	1301.24474	1301.16914	1270.51821	1270.46007	
6.281996	1301.30691	1301.23022	1270.58039	1270.52116	
6.292261	1301.37064	1301.30004	1270.64412	1270.59097	
6.302578	1301.43543	1301.36985	1270.70891	1270.66078	
6.312644	1301.49908	1301.44839	1270.77256	1270.73932	
6.322766	1301.56376	1301.52693	1270.83724	1270.80913	
6.332883	1301.62903	1301.59674	1270.90251	1270.87895	
6.343116	1301.69571	1301.67528	1270.96919	1270.95749	
6.353307	1301.76278	1301.75382	1271.03626	1271.0273	
6.36343	1301.82988	1301.82364	1271.10336	1271.10584	
6.373592	1301.89793	1301.90218	1271.17141	1271.17565	
6.383747	1301.96656	1301.98072	1271.24004	1271.24547	
6.393885	1302.0357	1302.05053	1271.30918	1271.31528	
6.404642	1302.10979	1302.12034	1271.38327	1271.38509	
6.414526	1302.17837	1302.19015	1271.45184	1271.45491	
6.424646	1302.24923	1302.25997	1271.52271	1271.51599	
6.434779	1302.32078	1302.32978	1271.59426	1271.57708	
6.444914	1302.393	1302.39959	1271.66648	1271.64689	
6.45511	1302.46629	1302.46068	1271.73977	1271.70798	
6.465342	1302.54047	1302.52177	1271.81394	1271.77779	
6.475443	1302.61426	1302.58285	1271.88774	1271.84761	
6.485618	1302.68923	1302.64394	1271.96271	1271.90869	
6.495768	1302.76464	1302.70503	1272.03812	1271.97851	
6.507337	1302.85151	1302.77484	1272.12499	1272.05705	
6.517168	1302.92574	1302.84465	1272.19922	1272.13559	
6.527323	1303.00313	1302.91447	1272.27661	1272.2054	
6.537494	1303.08123	1302.98428	1272.35471	1272.28394	
6.547571	1303.16222	1303.06282	1272.4357	1272.3712	
6.55778	1303.23888	1303.15009	1272.51235	1272.44974	
6.570012	1303.33535	1303.22863	1272.60882	1272.53701	
6.578027	1303.39877	1303.32462	1272.67225	1272.62428	
6.588169	1303.47974	1303.41189	1272.75321	1272.71154	
6.598339	1303.56182	1303.50788	1272.83529	1272.79881	
6.609748	1303.65419	1303.6126	1272.92767	1272.90353	
6.619808	1303.73638	1303.70859	1273.00986	1272.99952	
6.629975	1303.82014	1303.80458	1273.09362	1273.08679	
6.648085	1303.97171	1303.90058	1273.24519	1273.17406	
6.653138	1304.01387	1304.01402	1273.28735	1273.2875	
6.663281	1304.09943	1304.11002	1273.37291	1273.3835	
6.673467	1304.18598	1304.19728	1273.45946	1273.47076	
6.683594	1304.27262	1304.28455	1273.5461	1273.56676	
6.693726	1304.35995	1304.37182	1273.63343	1273.65402	
6.703936	1304.44856	1304.45036	1273.72204	1273.74129	
6.71419	1304.53819	1304.5289	1273.81167	1273.81983	
6.724249	1304.6267	1304.60744	1273.90018	1273.90709	
6.734441	1304.71703	1304.68598	1273.99051	1273.98563	
6.744548	1304.80721	1304.75579	1274.08069	1274.06417	
6.754766	1304.89901	1304.83433	1274.17248	1274.14271	
6.764854	1304.99022	1304.91287	1274.2637	1274.22998	
6.775117	1305.08373	1304.99141	1274.35721	1274.29979	
6.785313	1305.17718	1305.06995	1274.45066	1274.38706	
6.795369	1305.26997	1305.15721	1274.54345	1274.47433	
6.805571	1305.36472	1305.25321	1274.6382	1274.56159	
6.815999	1305.4623	1305.3492	1274.73578	1274.64886	
6.826125	1305.55756	1305.45392	1274.83103	1274.74485	
6.836278	1305.65371	1305.54991	1274.92718	1274.84957	
6.846468	1305.75089	1305.65463	1275.02436	1274.94557	
6.856545	1305.84758	1305.76808	1275.12106	1275.05029	
6.866737	1305.94595	1305.8728	1275.21943	1275.155	
6.877038	1306.04607	1305.97752	1275.31955	1275.26845	
6.887052	1306.14397	1306.09097	1275.41745	1275.3819	
6.897255	1306.24439	1306.20441	1275.51786	1275.48662	
6.907379	1306.3446	1306.30913	1275.61808	1275.60879	
6.918048	1306.45096	1306.41385	1275.72444	1275.71351	
6.92786	1306.54923	1306.5273	1275.82271	1275.82696	
6.937965	1306.65111	1306.63202	1275.92459	1275.9404	
6.948133	1306.75427	1306.73674	1276.02775	1276.04512	
6.958246	1306.8575	1306.84146	1276.13098	1276.14112	
6.968424	1306.96198	1306.94618	1276.23546	1276.23711	
6.978625	1307.0673	1307.0509	1276.34078	1276.34183	
6.988816	1307.17316	1307.14689	1276.44664	1276.43782	
6.998892	1307.27846	1307.25161	1276.55194	1276.53381	
7.009532	1307.39036	1307.35633	1276.66384	1276.62981	
7.020639	1307.50791	1307.46978	1276.78139	1276.73453	
7.030632	1307.6142	1307.56577	1276.88768	1276.83925	
7.040607	1307.72086	1307.67049	1276.99434	1276.93524	
7.050717	1307.82963	1307.77521	1277.10311	1277.03996	
7.060999	1307.94094	1307.87993	1277.21442	1277.14468	
7.071058	1308.05035	1307.98465	1277.32383	1277.2494	
7.081256	1308.16193	1308.08937	1277.43541	1277.36285	
7.091365	1308.27318	1308.20281	1277.54665	1277.47629	
7.101469	1308.38495	1308.31626	1277.65843	1277.58101	
7.122129	1308.61687	1308.5257	1277.89035	1277.79918	
7.126738	1308.66839	1308.61297	1277.94187	1277.87772	
7.136934	1308.78336	1308.73514	1278.05684	1277.99989	
7.147034	1308.8979	1308.85731	1278.17138	1278.13079	
7.157163	1309.01332	1308.97076	1278.2868	1278.25296	
7.167366	1309.13025	1309.09293	1278.40372	1278.37514	
7.177515	1309.24714	1309.21511	1278.52062	1278.49731	
7.187658	1309.36463	1309.33728	1278.63811	1278.62821	
7.197848	1309.48328	1309.45072	1278.75676	1278.74166	
7.208103	1309.60333	1309.5729	1278.87681	1278.87256	
7.218135	1309.72131	1309.69507	1278.99478	1278.986	
7.228322	1309.84184	1309.80852	1279.11532	1279.10818	
7.238439	1309.96242	1309.92196	1279.2359	1279.22162	
7.248662	1310.08418	1310.04414	1279.35766	1279.3438	
7.258808	1310.20604	1310.16631	1279.47952	1279.46597	
7.269268	1310.33152	1310.27976	1279.605	1279.57069	
7.279052	1310.44895	1310.3932	1279.72243	1279.69286	
7.28924	1310.57116	1310.51538	1279.84464	1279.81503	
7.299368	1310.69271	1310.62882	1279.96619	1279.92848	
7.309484	1310.81408	1310.75099	1280.08756	1280.05065	
7.319656	1310.93618	1310.86444	1280.20966	1280.1641	
7.329868	1311.05882	1310.98661	1280.3323	1280.295	
7.339978	1311.18003	1311.10879	1280.45351	1280.40845	
7.358008	1311.39639	1311.23096	1280.66987	1280.53935	
7.362617	1311.45166	1311.38804	1280.72514	1280.6877	
7.372734	1311.5731	1311.51021	1280.84658	1280.8186	
7.3829	1311.69508	1311.64111	1280.96856	1280.94077	
7.393129	1311.81783	1311.77201	1281.09131	1281.07167	
7.403235	1311.9391	1311.89419	1281.21258	1281.20257	
7.413348	1312.06043	1312.02509	1281.33391	1281.32474	
7.435097	1312.32154	1312.29561	1281.59502	1281.58654	
7.439778	1312.37766	1312.34797	1281.65114	1281.64763	
7.449857	1312.49855	1312.47887	1281.77203	1281.7698	
7.459985	1312.62009	1312.60104	1281.89357	1281.89198	
7.478398	1312.84112	1312.73194	1282.1146	1282.01415	
7.483113	1312.89764	1312.8803	1282.17112	1282.1625	
7.493269	1313.0195	1313.00247	1282.29298	1282.28467	
7.503467	1313.14194	1313.13337	1282.41542	1282.40685	
7.513553	1313.2629	1313.25554	1282.53638	1282.52902	
7.523705	1313.38476	1313.37772	1282.65824	1282.64247	
7.534171	1313.51038	1313.49989	1282.78386	1282.77337	
7.544335	1313.63237	1313.61333	1282.90585	1282.88681	
7.554538	1313.75474	1313.73551	1283.02822	1283.00899	
7.564612	1313.87562	1313.84895	1283.1491	1283.13116	
7.574803	1313.99795	1313.9624	1283.27143	1283.23588	
7.584973	1314.12	1314.07585	1283.39348	1283.35805	
7.59504	1314.24076	1314.19802	1283.51424	1283.48023	
7.605183	1314.36245	1314.32019	1283.63593	1283.6024	
7.615411	1314.48521	1314.43364	1283.75869	1283.71584	
7.625532	1314.60668	1314.55581	1283.88016	1283.83802	
7.636877	1314.74284	1314.69544	1284.01632	1283.96892	
7.647032	1314.8647	1314.81761	1284.13818	1284.09109	
7.657261	1314.98742	1314.94851	1284.2609	1284.21326	
7.667387	1315.10892	1315.07068	1284.3824	1284.34416	
7.677491	1315.23018	1315.19286	1284.50366	1284.45761	
7.687782	1315.35365	1315.32376	1284.62713	1284.58851	
7.697859	1315.47461	1315.44593	1284.74809	1284.71068	
7.708012	1315.59642	1315.5681	1284.8699	1284.84158	
7.718178	1315.71842	1315.69028	1284.9919	1284.96376	
7.728317	1315.84014	1315.81245	1285.11362	1285.08593	
7.740252	1315.98336	1315.95208	1285.25684	1285.24301	
7.75037	1316.10478	1316.07425	1285.37826	1285.36518	
7.760473	1316.22599	1316.1877	1285.49947	1285.48735	
7.770635	1316.34789	1316.30987	1285.62137	1285.60953	
7.781008	1316.4724	1316.43204	1285.74588	1285.7317	
7.790904	1316.59115	1316.55421	1285.86463	1285.85387	
7.801125	1316.71379	1316.67639	1285.98727	1285.97605	
7.8112	1316.83468	1316.78983	1286.10816	1286.09822	
7.821357	1316.95659	1316.91201	1286.23007	1286.22039	
7.83151	1317.07845	1317.02545	1286.35193	1286.34257	
7.842976	1317.21603	1317.16508	1286.48951	1286.47346	
7.853167	1317.33834	1317.28725	1286.61182	1286.58691	
7.863284	1317.4597	1317.40943	1286.73318	1286.70908	
7.873437	1317.58154	1317.5316	1286.85502	1286.83126	
7.883576	1317.70318	1317.65377	1286.97666	1286.9447	
7.893762	1317.82545	1317.76722	1287.09893	1287.06688	
7.90395	1317.94768	1317.88939	1287.22116	1287.18032	
7.914085	1318.0693	1318.01156	1287.34278	1287.3025	
7.924225	1318.19097	1318.13374	1287.46445	1287.42467	
7.93441	1318.3132	1318.25591	1287.58668	1287.54684	
7.945927	1318.45146	1318.39554	1287.72494	1287.67774	
7.955763	1318.56947	1318.51771	1287.84295	1287.79992	
7.965898	1318.69108	1318.63988	1287.96456	1287.92209	
7.976062	1318.81302	1318.77078	1288.0865	1288.04426	
7.986175	1318.93438	1318.89296	1288.20786	1288.17516	
7.996338	1319.05632	1319.01513	1288.3298	1288.29733	
8.00646	1319.17778	1319.1373	1288.45126	1288.41951	
8.01665	1319.30013	1319.2682	1288.57361	1288.54168	
8.027062	1319.42506	1319.39037	1288.69854	1288.67258	
8.037099	1319.54552	1319.52127	1288.819	1288.79475	
8.056414	1319.77733	1319.65217	1289.05081	1288.93438	
8.06104	1319.83275	1319.80925	1289.10623	1289.09146	
8.07116	1319.95425	1319.94015	1289.22773	1289.21363	
8.081309	1320.07599	1320.06233	1289.34947	1289.34453	
8.091474	1320.19797	1320.19323	1289.47145	1289.47543	
8.101652	1320.32013	1320.32413	1289.59361	1289.58888	
8.111837	1320.44234	1320.4463	1289.71582	1289.71978	
8.121961	1320.56382	1320.56847	1289.8373	1289.84195	
8.132119	1320.68573	1320.69064	1289.95921	1289.96412	
8.142274	1320.80759	1320.81282	1290.08107	1290.07757	
8.152518	1320.9306	1320.93499	1290.20408	1290.19974	
8.162708	1321.05279	1321.04844	1290.32627	1290.31319	
8.172785	1321.17371	1321.16188	1290.44719	1290.42664	
8.182922	1321.29537	1321.28406	1290.56885	1290.54008	
8.193203	1321.41872	1321.38878	1290.6922	1290.66226	
8.203265	1321.53944	1321.51095	1290.81292	1290.7757	
8.21344	1321.66155	1321.61567	1290.93503	1290.88042	
8.223559	1321.783	1321.73784	1291.05648	1291.00259	
8.233699	1321.90474	1321.84256	1291.17822	1291.12477	
8.243916	1322.02731	1321.96474	1291.30079	1291.23821	
8.254391	1322.15306	1322.07818	1291.42654	1291.36911	
8.264261	1322.27141	1322.19163	1291.54489	1291.48256	
8.274419	1322.39333	1322.3138	1291.66681	1291.60473	
8.284555	1322.51495	1322.43597	1291.78843	1291.71818	
8.294722	1322.63696	1322.56687	1291.91044	1291.84908	
8.30487	1322.75873	1322.69777	1292.03221	1291.97998	
8.314996	1322.88022	1322.81995	1292.1537	1292.10215	
8.325173	1323.00238	1322.95085	1292.27586	1292.23305	
8.335335	1323.12432	1323.08175	1292.3978	1292.36395	
8.345496	1323.24624	1323.20392	1292.51972	1292.48612	
8.35658	1323.37931	1323.34355	1292.65279	1292.62575	
8.366438	1323.49755	1323.47445	1292.77103	1292.75665	
8.376601	1323.61949	1323.59662	1292.89297	1292.88755	
8.386836	1323.74231	1323.72752	1293.01579	1293.00972	
8.396895	1323.86302	1323.84969	1293.1365	1293.14062	
8.407067	1323.98511	1323.97186	1293.25859	1293.2628	
8.417335	1324.1083	1324.09404	1293.38178	1293.38497	
8.427381	1324.22886	1324.21621	1293.50234	1293.49842	
8.437553	1324.35154	1324.33838	1293.62502	1293.62059	
8.447966	1324.47681	1324.45183	1293.75029	1293.74276	
8.459269	1324.61159	1324.58273	1293.88507	1293.86493	
8.469135	1324.7299	1324.69618	1294.00338	1293.97838	
8.479267	1324.85152	1324.80962	1294.125	1294.09183	
8.489473	1324.97397	1324.9318	1294.24745	1294.20527	
8.499611	1325.09566	1325.04524	1294.36914	1294.32745	
8.509706	1325.21676	1325.15869	1294.49024	1294.44089	
8.519906	1325.33914	1325.28086	1294.61262	1294.55434	
8.530081	1325.46129	1325.40303	1294.73477	1294.67651	
8.540212	1325.58286	1325.51648	1294.85634	1294.78996	
8.55071	1325.70924	1325.64738	1294.98272	1294.92086	
8.561839	1325.84241	1325.78701	1295.11589	1295.06048	
8.574181	1325.99054	1325.90918	1295.26402	1295.18266	
8.582239	1326.08716	1326.03135	1295.36064	1295.31356	
8.59237	1326.20781	1326.17098	1295.48129	1295.43573	
8.602526	1326.32814	1326.29315	1295.60162	1295.56663	
8.6127	1326.44807	1326.42405	1295.72155	1295.69753	
8.622838	1326.56697	1326.55495	1295.84044	1295.8197	
8.633035	1326.68589	1326.68585	1295.95936	1295.9506	
8.643121	1326.80295	1326.81675	1296.07643	1296.0815	
8.663051	1327.03139	1326.93892	1296.30487	1296.20368	
8.667668	1327.08426	1327.11346	1296.35774	1296.36948	
8.677825	1327.20004	1327.23563	1296.47352	1296.49165	
8.688016	1327.31557	1327.3578	1296.58904	1296.61383	
8.698133	1327.42966	1327.4887	1296.70314	1296.736	
8.708199	1327.54265	1327.60215	1296.81613	1296.84945	
8.71835	1327.65587	1327.70687	1296.92935	1296.96289	
8.728567	1327.76918	1327.81159	1297.04265	1297.06761	
8.739019	1327.88448	1327.91631	1297.15795	1297.17233	
8.748884	1327.99271	1328.02103	1297.26619	1297.26833	
8.759343	1328.10691	1328.10829	1297.38039	1297.37305	
8.769312	1328.21508	1328.19556	1297.48856	1297.47777	
8.779341	1328.32325	1328.29155	1297.59673	1297.56503	
8.789516	1328.43242	1328.38755	1297.7059	1297.66975	
8.799637	1328.54043	1328.47481	1297.81391	1297.76575	
8.809809	1328.64838	1328.57953	1297.92185	1297.86174	
8.819969	1328.75552	1328.67553	1298.029	1297.96646	
8.830175	1328.86255	1328.77152	1298.13603	1298.06245	
8.840282	1328.96793	1328.88497	1298.24141	1298.16717	
8.850458	1329.07346	1328.98969	1298.34694	1298.28062	
8.861128	1329.18341	1329.10313	1298.45688	1298.38534	
8.871359	1329.28821	1329.21658	1298.56168	1298.49006	
8.880895	1329.38524	1329.33002	1298.65872	1298.61223	
8.891036	1329.48792	1329.4522	1298.7614	1298.72568	
8.901138	1329.58957	1329.56564	1298.86305	1298.83912	
8.911349	1329.69177	1329.67909	1298.96525	1298.95257	
8.921523	1329.79287	1329.80126	1299.06635	1299.07474	
8.931652	1329.89297	1329.90598	1299.16645	1299.18819	
8.941761	1329.99226	1330.0107	1299.26574	1299.29291	
8.951929	1330.09151	1330.11542	1299.36498	1299.39763	
8.962249	1330.19162	1330.22014	1299.4651	1299.50235	
8.980593	1330.36714	1330.39468	1299.64061	1299.68561	
8.985303	1330.41216	1330.43831	1299.68564	1299.72924	
8.995365	1330.50776	1330.5343	1299.78124	1299.81651	
9.005477	1330.60324	1330.62157	1299.87672	1299.9125	
9.015697	1330.69912	1330.70883	1299.9726	1299.99104	
9.025855	1330.79378	1330.78737	1300.06726	1300.07831	
9.036004	1330.88778	1330.86591	1300.16126	1300.15685	
9.04612	1330.98079	1330.95318	1300.25427	1300.23539	
9.056284	1331.0737	1331.03172	1300.34718	1300.31393	
9.066453	1331.16602	1331.11899	1300.4395	1300.39247	
9.076872	1331.25999	1331.19753	1300.53347	1300.47973	
9.087003	1331.35068	1331.28479	1300.62416	1300.55827	
9.097223	1331.44155	1331.37206	1300.71503	1300.64554	
9.107318	1331.53073	1331.46805	1300.80421	1300.7328	
9.117412	1331.61929	1331.56405	1300.89277	1300.82007	
9.127636	1331.7084	1331.65131	1300.98188	1300.91606	
9.137781	1331.79618	1331.75603	1301.06966	1301.00333	
9.147929	1331.88333	1331.85203	1301.15681	1301.10805	
9.158083	1331.96996	1331.94802	1301.24344	1301.20404	
9.168205	1332.05575	1332.04401	1301.32923	1301.30876	
9.178831	1332.14512	1332.14	1301.4186	1301.40476	
9.188592	1332.22659	1332.24472	1301.50007	1301.50075	
9.198824	1332.31139	1332.33199	1301.58487	1301.59674	
9.208976	1332.39493	1332.41926	1301.66841	1301.69274	
9.219338	1332.47955	1332.51525	1301.75303	1301.78873	
9.229175	1332.55933	1332.60252	1301.83281	1301.876	
9.239339	1332.64112	1332.68978	1301.9146	1301.96326	
9.249523	1332.72247	1332.76832	1301.99594	1302.0418	
9.259611	1332.80241	1332.84686	1302.07588	1302.12034	
9.269759	1332.88226	1332.91668	1302.15574	1302.19015	
9.281083	1332.97059	1332.99522	1302.24407	1302.25997	
9.290685	1333.0449	1333.06503	1302.31838	1302.32978	
9.300817	1333.12272	1333.13484	1302.3962	1302.39959	
9.310919	1333.19976	1333.20466	1302.47324	1302.46068	
9.321111	1333.27681	1333.27447	1302.55029	1302.53049	
9.33125	1333.35285	1333.34428	1302.62633	1302.59158	
9.341394	1333.42834	1333.4141	1302.70181	1302.65267	
9.351574	1333.50348	1333.48391	1302.77696	1302.72248	
9.36173	1333.5778	1333.55372	1302.85128	1302.79229	
9.372199	1333.65377	1333.63226	1302.92725	1302.86211	
9.383351	1333.734	1333.7108	1303.00748	1302.94937	
9.393484	1333.80622	1333.78061	1303.07969	1303.02791	
9.403588	1333.87765	1333.85043	1303.15113	1303.09773	
9.413721	1333.94868	1333.92897	1303.22216	1303.17627	
9.434721	1334.09266	1334.08605	1303.36613	1303.34207	
9.439307	1334.12419	1334.11223	1303.39767	1303.37698	
9.449515	1334.19356	1334.19077	1303.46704	1303.46425	
9.459597	1334.2615	1334.26058	1303.53498	1303.54279	
9.46972	1334.32914	1334.33039	1303.60262	1303.62132	
9.481749	1334.40859	1334.40893	1303.68207	1303.69986	
9.490164	1334.46378	1334.47875	1303.73726	1303.76968	
9.500765	1334.53264	1334.54856	1303.80612	1303.83076	
9.510552	1334.59562	1334.60965	1303.8691	1303.90058	
9.520634	1334.65989	1334.67073	1303.93337	1303.97039	
9.531016	1334.72548	1334.74055	1303.99896	1304.02275	
9.540975	1334.78777	1334.79291	1304.06125	1304.07511	
9.551093	1334.85048	1334.85399	1304.12396	1304.1362	
9.561326	1334.91328	1334.91508	1304.18676	1304.18856	
9.571719	1334.97799	1334.96744	1304.25146	1304.24092	
9.590997	1335.09084	1335.07216	1304.36432	1304.33691	
9.595596	1335.11815	1335.10706	1304.39163	1304.36309	
9.605715	1335.17759	1335.15942	1304.45107	1304.41545	
9.61595	1335.23709	1335.21178	1304.51057	1304.46781	
9.626037	1335.2951	1335.26414	1304.56858	1304.5289	
9.636236	1335.35316	1335.3165	1304.62664	1304.58126	
9.64639	1335.41035	1335.37759	1304.68383	1304.64234	
9.65656	1335.46704	1335.42995	1304.74051	1304.70343	
9.666759	1335.52327	1335.49104	1304.79675	1304.76452	
9.676827	1335.57816	1335.5434	1304.85164	1304.8256	
9.689938	1335.64856	1335.59576	1304.92204	1304.88669	
9.697259	1335.68763	1335.65684	1304.96111	1304.94778	
9.707333	1335.74075	1335.71793	1305.01423	1305.01759	
9.717509	1335.79379	1335.77902	1305.06727	1305.07867	
9.727935	1335.84801	1335.8401	1305.12149	1305.13103	
9.737842	1335.89796	1335.90119	1305.17144	1305.19212	
9.747947	1335.9488	1335.96228	1305.22228	1305.25321	
9.758083	1335.99924	1336.01464	1305.27271	1305.30557	
9.768244	1336.04916	1336.067	1305.32264	1305.35793	
9.778349	1336.09824	1336.11936	1305.37172	1305.41029	
9.791337	1336.16021	1336.17172	1305.43369	1305.45392	
9.798846	1336.19593	1336.21535	1305.46941	1305.49755	
9.808873	1336.24264	1336.25898	1305.51612	1305.54119	
9.819067	1336.28968	1336.29389	1305.56316	1305.57609	
9.829191	1336.33579	1336.33752	1305.60927	1305.611	
9.839471	1336.38201	1336.38115	1305.65549	1305.65463	
9.849662	1336.42719	1336.41606	1305.70067	1305.68954	
9.859643	1336.47087	1336.45097	1305.74434	1305.72445	
9.869796	1336.5147	1336.48587	1305.78818	1305.75935	
9.879947	1336.55791	1336.52078	1305.83139	1305.80299	
9.892372	1336.60985	1336.55569	1305.88333	1305.83789	
9.90031	1336.64271	1336.59059	1305.91619	1305.8728	
9.910502	1336.68427	1336.63423	1305.95775	1305.91643	
9.920576	1336.72475	1336.67786	1305.99823	1305.96007	
9.93072	1336.76491	1336.71277	1306.03839	1305.99497	
9.941001	1336.80501	1336.76513	1306.07849	1306.04733	
9.951016	1336.84346	1336.80876	1306.11694	1306.09097	
9.961168	1336.88184	1336.85239	1306.15532	1306.1346	
9.971266	1336.91943	1336.90475	1306.19291	1306.17823	
9.981443	1336.95672	1336.95711	1306.2302	1306.22187	
10.00032	1337.02329	1337.03565	1306.29676	1306.30913	
10.00489	1337.03946	1337.05311	1306.31294	1306.32659	
10.01508	1337.07481	1337.09674	1306.34829	1306.36149	
10.02527	1337.10952	1337.13165	1306.38299	1306.40513	
10.03536	1337.14329	1337.17528	1306.41677	1306.44003	
10.04556	1337.17684	1337.20146	1306.45032	1306.47494	
10.05569	1337.20957	1337.23637	1306.48305	1306.50984	
10.06588	1337.24186	1337.27127	1306.51534	1306.53602	
10.07603	1337.27346	1337.29745	1306.54694	1306.57093	
10.08613	1337.3043	1337.32363	1306.57778	1306.58838	
10.09913	1337.34292	1337.34109	1306.6164	1306.62329	
10.1065	1337.36459	1337.36727	1306.63807	1306.64074	
10.11684	1337.39432	1337.38472	1306.6678	1306.6582	
10.12683	1337.42246	1337.4109	1306.69594	1306.68438	
10.13693	1337.45033	1337.42835	1306.72381	1306.70183	
10.14713	1337.47788	1337.44581	1306.75135	1306.72801	
10.15729	1337.50473	1337.46326	1306.77821	1306.74546	
10.16741	1337.53087	1337.48071	1306.80435	1306.76292	
10.17765	1337.55671	1337.50689	1306.83019	1306.7891	
10.18783	1337.58237	1337.53307	1306.85585	1306.80655	
10.20025	1337.61151	1337.55053	1306.88499	1306.83273	
10.20815	1337.6301	1337.58543	1306.90358	1306.85891	
10.21826	1337.65328	1337.61161	1306.92676	1306.88509	
10.22835	1337.6758	1337.64652	1306.94928	1306.91127	
10.23853	1337.69796	1337.6727	1306.97143	1306.94618	
10.24867	1337.71943	1337.70761	1306.99291	1306.97236	
10.26675	1337.75544	1337.75997	1307.02891	1307.02472	
10.2713	1337.76456	1337.77742	1307.03804	1307.04217	
10.28153	1337.78432	1337.8036	1307.05779	1307.06835	
10.29163	1337.80324	1337.82978	1307.07672	1307.09453	
10.30467	1337.82662	1337.85596	1307.1001	1307.11198	
10.31233	1337.84012	1337.88214	1307.1136	1307.13816	
10.32244	1337.85732	1337.89959	1307.13079	1307.16434	
10.33259	1337.87399	1337.91704	1307.14747	1307.1818	
10.34271	1337.89005	1337.9345	1307.16353	1307.19925	
10.35291	1337.90566	1337.94322	1307.17914	1307.20798	
10.36309	1337.92064	1337.95195	1307.19412	1307.2167	
10.37323	1337.93502	1337.95195	1307.2085	1307.2167	
10.38339	1337.94884	1337.95195	1307.22232	1307.22543	
10.39357	1337.96213	1337.95195	1307.2356	1307.22543	
10.4064	1337.97788	1337.95195	1307.25136	1307.22543	
10.41393	1337.98691	1337.95195	1307.26039	1307.22543	
10.42411	1337.99848	1337.95195	1307.27196	1307.22543	
10.43427	1338.00948	1337.96068	1307.28296	1307.22543	
10.44436	1338.01986	1337.96068	1307.29333	1307.22543	
10.45456	1338.02979	1337.9694	1307.30327	1307.23416	
10.46475	1338.03915	1337.9694	1307.31263	1307.24288	
10.47512	1338.04812	1337.98686	1307.3216	1307.25161	
10.48506	1338.0562	1337.99558	1307.32968	1307.25161	
10.49518	1338.06388	1338.00431	1307.33736	1307.26906	
10.50543	1338.07112	1338.02176	1307.3446	1307.28652	
10.51557	1338.07777	1338.03922	1307.35125	1307.30397	
10.52569	1338.08388	1338.05667	1307.35736	1307.32142	
10.53587	1338.08951	1338.07412	1307.36299	1307.33888	
10.54601	1338.09462	1338.09158	1307.3681	1307.35633	
10.55618	1338.09926	1338.10903	1307.37273	1307.37378	
10.56633	1338.10339	1338.11776	1307.37687	1307.39124	
10.57855	1338.10763	1338.12648	1307.38111	1307.39996	
10.58661	1338.11022	1338.12648	1307.3837	1307.40869	
10.59675	1338.113	1338.12648	1307.38648	1307.41742	
10.60692	1338.11536	1338.12648	1307.38884	1307.41742	
10.62525	1338.11803	1338.12648	1307.39151	1307.40869	
10.62988	1338.11877	1338.12648	1307.39225	1307.40869	
10.64014	1338.12354	1338.12648	1307.39702	1307.39996	
10.65024	1338.12354	1338.12648	1307.39702	1307.39996	
10.66073	1338.12354	1338.11776	1307.39702	1307.39124	
10.6705	1338.12354	1338.11776	1307.39702	1307.39124	
10.68064	1338.12354	1338.10903	1307.39702	1307.38251	
10.69078	1338.12354	1338.10903	1307.39702	1307.38251	
10.70089	1338.12354	1338.10903	1307.39702	1307.38251	
10.71107	1338.12354	1338.10903	1307.39702	1307.38251	
10.72125	1338.12354	1338.10903	1307.39702	1307.38251	
10.73141	1338.12354	1338.10903	1307.39702	1307.38251	
10.74159	1338.12354	1338.10903	1307.39702	1307.38251	
10.75172	1338.12354	1338.10903	1307.39702	1307.38251	
10.76221	1338.12354	1338.10903	1307.39702	1307.38251	
10.77228	1338.12354	1338.10903	1307.39702	1307.39124	
10.78243	1338.12354	1338.10903	1307.39702	1307.39124	
10.79261	1338.12354	1338.10903	1307.39702	1307.39124	
10.80273	1338.12354	1338.10903	1307.39702	1307.39124	
10.81293	1338.12354	1338.10903	1307.39702	1307.39124	
10.82309	1338.12354	1338.10903	1307.39702	1307.39124	
10.83325	1338.12354	1338.10903	1307.39702	1307.39124	
10.8434	1338.12354	1338.10903	1307.39702	1307.39124	
10.85375	1338.12354	1338.10903	1307.39702	1307.39124	
10.86371	1338.12354	1338.10903	1307.39702	1307.39124	
10.87392	1338.12354	1338.10903	1307.39702	1307.39124	
10.88403	1338.12354	1338.10903	1307.39702	1307.39124	
10.89419	1338.12354	1338.10903	1307.39702	1307.39124	
10.90439	1338.12354	1338.10903	1307.39702	1307.39124	
10.91453	1338.12354	1338.10903	1307.39702	1307.39124	
10.92467	1338.12354	1338.10903	1307.39702	1307.39124	
10.93483	1338.12354	1338.10903	1307.39702	1307.39124	
10.94496	1338.12354	1338.10903	1307.39702	1307.39124	
10.95519	1338.12354	1338.10903	1307.39702	1307.39124	
10.96533	1338.12354	1338.10903	1307.39702	1307.39124	
10.97567	1338.12354	1338.10903	1307.39702	1307.39124	
10.98569	1338.12354	1338.10903	1307.39702	1307.39124	
10.99577	1338.12354	1338.10903	1307.39702	1307.39124	
11.00591	1338.12354	1338.10903	1307.39702	1307.39124	
11.01617	1338.12354	1338.10903	1307.39702	1307.39124	
11.02625	1338.12354	1338.10903	1307.39702	1307.39124	
11.03642	1338.12354	1338.10903	1307.39702	1307.39124	
11.04653	1338.12354	1338.10903	1307.39702	1307.39124	
11.05676	1338.12354	1338.10903	1307.39702	1307.39124	
11.06693	1338.12354	1338.10903	1307.39702	1307.39124	
11.07703	1338.12354	1338.10903	1307.39702	1307.39124	
11.08718	1338.12354	1338.10903	1307.39702	1307.39124	
11.09733	1338.12354	1338.10903	1307.39702	1307.39124	
11.10747	1338.12354	1338.10903	1307.39702	1307.39124	
11.11765	1338.12354	1338.10903	1307.39702	1307.39124	
11.12779	1338.12354	1338.10903	1307.39702	1307.39124	
11.13819	1338.12354	1338.10903	1307.39702	1307.39124	
11.14809	1338.12354	1338.10903	1307.39702	1307.39124	
11.15824	1338.12354	1338.10903	1307.39702	1307.39124	
11.16845	1338.12354	1338.10903	1307.39702	1307.39124	
11.1785	1338.12354	1338.10903	1307.39702	1307.39124	
11.18868	1338.12354	1338.10903	1307.39702	1307.39124	
11.19883	1338.12354	1338.10903	1307.39702	1307.39124	
11.209	1338.12354	1338.10903	1307.39702	1307.39124	
11.21917	1338.12354	1338.10903	1307.39702	1307.39124	
11.2295	1338.12354	1338.10903	1307.39702	1307.39124	
11.23945	1338.12354	1338.10903	1307.39702	1307.39124	
11.24967	1338.12354	1338.10903	1307.39702	1307.39124	
11.25975	1338.12354	1338.10903	1307.39702	1307.39124	
11.26992	1338.12354	1338.10903	1307.39702	1307.39124	
11.28014	1338.12354	1338.10903	1307.39702	1307.39124	
11.29027	1338.12354	1338.10903	1307.39702	1307.39124	
11.30036	1338.12354	1338.10903	1307.39702	1307.39124	
11.31052	1338.12354	1338.10903	1307.39702	1307.39124	
11.32065	1338.12354	1338.10903	1307.39702	1307.39124	
11.3308	1338.12354	1338.10903	1307.39702	1307.39124	
11.34095	1338.12354	1338.10903	1307.39702	1307.39124	
11.35111	1338.12354	1338.10903	1307.39702	1307.39124	
11.36125	1338.12354	1338.10903	1307.39702	1307.39124	
11.37145	1338.12354	1338.10903	1307.39702	1307.39124	
11.38159	1338.12354	1338.10903	1307.39702	1307.39124	
11.39176	1338.12354	1338.10903	1307.39702	1307.39124	
11.40192	1338.12354	1338.10903	1307.39702	1307.39124	
11.41201	1338.12354	1338.10903	1307.39702	1307.39124	
11.43254	1338.12354	1338.10903	1307.39702	1307.39124	
11.43712	1338.12354	1338.10903	1307.39702	1307.39124	
11.44728	1338.12354	1338.10903	1307.39702	1307.39124	
11.45748	1338.12354	1338.10903	1307.39702	1307.39124	
11.46763	1338.12354	1338.10903	1307.39702	1307.39124	
11.47773	1338.12354	1338.10903	1307.39702	1307.39124	
11.48791	1338.12354	1338.10903	1307.39702	1307.39124	
11.49806	1338.12354	1338.10903	1307.39702	1307.39124	
11.5082	1338.12354	1338.10903	1307.39702	1307.39124	
11.51835	1338.12354	1338.10903	1307.39702	1307.39124	
11.5285	1338.12354	1338.10903	1307.39702	1307.39124	
11.53864	1338.12354	1338.10903	1307.39702	1307.39124	
11.54879	1338.12354	1338.10903	1307.39702	1307.39124	
11.55892	1338.12354	1338.10903	1307.39702	1307.39124	
11.5691	1338.12354	1338.10903	1307.39702	1307.39124	
11.58132	1338.12354	1338.10903	1307.39702	1307.39124	
11.58937	1338.12354	1338.10903	1307.39702	1307.39124	
11.5995	1338.12354	1338.10903	1307.39702	1307.39124	
11.60971	1338.12354	1338.10903	1307.39702	1307.39124	
11.6198	1338.12354	1338.10903	1307.39702	1307.39124	
11.62998	1338.12354	1338.10903	1307.39702	1307.39124	
11.648	1338.12354	1338.10903	1307.39702	1307.39124	
11.65258	1338.12354	1338.10903	1307.39702	1307.39124	
11.66275	1338.12354	1338.10903	1307.39702	1307.39124	
11.6729	1338.12354	1338.10903	1307.39702	1307.39124	
11.68314	1338.12354	1338.10903	1307.39702	1307.39124	
11.69325	1338.12354	1338.10903	1307.39702	1307.39124	
11.70339	1338.12354	1338.10903	1307.39702	1307.39124	
11.71365	1338.12354	1338.10903	1307.39702	1307.39124	
11.72367	1338.12354	1338.10903	1307.39702	1307.39124	
11.73388	1338.12354	1338.10903	1307.39702	1307.39124	
11.74403	1338.12354	1338.10903	1307.39702	1307.39124	
11.7542	1338.12354	1338.10903	1307.39702	1307.39124	
11.76431	1338.12354	1338.10903	1307.39702	1307.39124	
11.77449	1338.12354	1338.10903	1307.39702	1307.39124	
11.78465	1338.12354	1338.10903	1307.39702	1307.39124	
11.79482	1338.12354	1338.10903	1307.39702	1307.39124	
11.80496	1338.12354	1338.10903	1307.39702	1307.39124	
11.81514	1338.12354	1338.10903	1307.39702	1307.39124	
11.82529	1338.12354	1338.10903	1307.39702	1307.39124	
11.83543	1338.12354	1338.10903	1307.39702	1307.39124	
11.84558	1338.12354	1338.10903	1307.39702	1307.39124	
11.85576	1338.12354	1338.10903	1307.39702	1307.39124	
11.86598	1338.12354	1338.10903	1307.39702	1307.39124	
11.87605	1338.12354	1338.10903	1307.39702	1307.39124	
11.8862	1338.12354	1338.10903	1307.39702	1307.39124	
11.89643	1338.12354	1338.10903	1307.39702	1307.39124	
11.90653	1338.12354	1338.10903	1307.39702	1307.39124	
11.91667	1338.12354	1338.10903	1307.39702	1307.39124	
11.92683	1338.12354	1338.10903	1307.39702	1307.39124	
11.93701	1338.12354	1338.10903	1307.39702	1307.39124	
11.94725	1338.12354	1338.10903	1307.39702	1307.39124	
11.95735	1338.12354	1338.10903	1307.39702	1307.39124	
11.9675	1338.12354	1338.10903	1307.39702	1307.39124	
11.97785	1338.12354	1338.10903	1307.39702	1307.39124	
11.98798	1338.12354	1338.10903	1307.39702	1307.39124	
11.99817	1338.12354	1338.10903	1307.39702	1307.39124	
12.00829	1338.12354	1338.10903	1307.39702	1307.39124	
12.01846	1338.12354	1338.10903	1307.39702	1307.39124	
12.02859	1338.12354	1338.10903	1307.39702	1307.39124	
12.03881	1338.12354	1338.10903	1307.39702	1307.39124	
12.04891	1338.12354	1338.10903	1307.39702	1307.39124	
12.05911	1338.12354	1338.10903	1307.39702	1307.39124	
12.06919	1338.12354	1338.10903	1307.39702	1307.39124	
12.07933	1338.12354	1338.10903	1307.39702	1307.39124	
12.08956	1338.12354	1338.10903	1307.39702	1307.39124	
12.09966	1338.12354	1338.10903	1307.39702	1307.39124	
12.10978	1338.12354	1338.10903	1307.39702	1307.39124	
12.11993	1338.12354	1338.10903	1307.39702	1307.39124	
12.13017	1338.12354	1338.10903	1307.39702	1307.39124	
12.14029	1338.12354	1338.10903	1307.39702	1307.39124	
12.1504	1338.12354	1338.10903	1307.39702	1307.39124	
12.16056	1338.12354	1338.10903	1307.39702	1307.39124	
12.17068	1338.12354	1338.10903	1307.39702	1307.39124	
12.1808	1338.12354	1338.10903	1307.39702	1307.39124	
12.2024	1338.12354	1338.10903	1307.39702	1307.39124	
