9.631061	
9.635678	
9.645795	
9.655908	
9.666047	
9.676233	
9.68634	
9.696516	
9.706704	
9.71678	
9.726981	
9.737185	
9.747292	
9.757438	
9.767574	
9.777743	
9.78795	
9.79806	
9.808206	
9.818442	
9.828503	
9.838644	
9.848847	
9.858939	
9.869131	
9.879216	
9.889411	
9.89955	
9.909691	
9.919867	
9.929993	
9.940171	
9.950299	
9.960437	
9.970703	
9.980747	
9.990938	
10.00108	
10.0112	
10.02132	
10.03163	
10.04165	
10.05972	
10.06417	
10.07441	
10.08445	
10.09462	
10.10478	
10.11494	
10.12508	
10.13523	
10.14567	
10.15557	
10.16568	
10.17588	
10.18598	
10.19617	
10.20632	
10.21646	
10.22666	
10.23673	
10.24692	
10.25715	
10.26725	
10.27739	
10.28753	
10.29769	
10.30792	
10.31799	
10.32814	
10.33833	
10.34844	
10.35861	
10.36875	
10.37891	
10.38905	
10.3992	
10.40945	
10.41959	
10.42973	
10.4399	
10.4503	
10.4605	
10.48136	
10.48604	
10.49638	
10.50657	
10.51653	
10.5267	
10.53702	
10.54718	
10.5574	
10.56757	
10.57781	
10.59649	
10.60118	
10.61144	
10.6216	
10.63192	
10.64203	
10.65232	
10.66264	
10.67281	
10.68303	
10.6932	
10.70369	
10.71362	
10.72386	
10.74266	
10.74729	
10.75754	
10.76814	
10.77797	
10.78826	
10.79845	
10.80864	
10.81897	
10.8291	
10.83931	
10.84952	
10.85973	
10.86995	
10.89277	1498.14296	1498.13827	1467.35535	1467.35066	
10.89761	1498.14383	1498.13827	1467.35622	1467.35066	
10.90784	1498.14647	1498.13827	1467.35886	1467.35066	
10.91805	1498.14973	1498.13827	1467.36212	1467.35066	
10.92828	1498.15363	1498.13827	1467.36602	1467.35066	
10.94684	1498.16322	1498.13827	1467.37562	1467.35066	
10.9517	1498.16568	1498.147	1467.37807	1467.35939	
10.9619	1498.17162	1498.147	1467.38401	1467.35939	
10.9722	1498.17825	1498.15572	1467.39064	1467.36812	
10.98567	1498.18815	1498.15572	1467.40054	1467.36812	
10.99265	1498.19344	1498.15572	1467.40583	1467.37684	
11.00288	1498.20191	1498.15572	1467.41431	1467.38557	
11.01299	1498.2109	1498.15572	1467.42329	1467.3943	
11.02319	1498.22059	1498.16445	1467.43298	1467.40302	
11.03476	1498.23242	1498.17318	1467.44482	1467.41175	
11.04365	1498.24193	1498.17318	1467.45432	1467.42048	
11.05385	1498.2535	1498.1819	1467.46589	1467.4292	
11.06413	1498.2658	1498.19063	1467.47819	1467.43793	
11.07429	1498.27856	1498.19936	1467.49095	1467.44666	
11.08609	1498.29428	1498.21681	1467.50667	1467.45538	
11.09478	1498.30623	1498.22554	1467.51862	1467.47284	
11.10504	1498.32102	1498.25172	1467.53341	1467.47284	
11.11517	1498.33623	1498.2779	1467.54862	1467.49029	
11.12538	1498.35218	1498.29535	1467.56457	1467.50774	
11.13555	1498.36871	1498.32153	1467.5811	1467.52519	
11.14584	1498.38605	1498.34771	1467.59844	1467.54265	
11.15607	1498.40393	1498.37389	1467.61632	1467.56883	
11.16623	1498.4223	1498.40007	1467.63469	1467.58628	
11.17644	1498.4414	1498.42625	1467.65379	1467.61246	
11.18849	1498.46485	1498.45243	1467.67725	1467.63864	
11.19687	1498.4815	1498.47861	1467.6939	1467.67355	
11.20708	1498.50247	1498.50479	1467.71486	1467.69973	
11.21735	1498.5242	1498.52224	1467.7366	1467.72591	
11.22748	1498.54624	1498.5397	1467.75863	1467.75209	
11.23774	1498.56918	1498.56588	1467.78157	1467.78699	
11.248	1498.59279	1498.5746	1467.80518	1467.81317	
11.25816	1498.61676	1498.59206	1467.82915	1467.83935	
11.26837	1498.64148	1498.60951	1467.85387	1467.85681	
11.2786	1498.66688	1498.62696	1467.87927	1467.88299	
11.28998	1498.69593	1498.64442	1467.90832	1467.90044	
11.29897	1498.71932	1498.66187	1467.93171	1467.92662	
11.30918	1498.74655	1498.67932	1467.95895	1467.94407	
11.31935	1498.77427	1498.69678	1467.98666	1467.96153	
11.32962	1498.80293	1498.72296	1468.01532	1467.98771	
11.33992	1498.83227	1498.74914	1468.04466	1468.00516	
11.35002	1498.86168	1498.78404	1468.07408	1468.03134	
11.36026	1498.89211	1498.81895	1468.1045	1468.04879	
11.37053	1498.92328	1498.85386	1468.13568	1468.07497	
11.38069	1498.95473	1498.89749	1468.16712	1468.10115	
11.39255	1498.99234	1498.94112	1468.20473	1468.13606	
11.40278	1499.02536	1498.98475	1468.23776	1468.17097	
11.41294	1499.05878	1499.02839	1468.27117	1468.2146	
11.42309	1499.09276	1499.06329	1468.30516	1468.25823	
11.43345	1499.12814	1499.10693	1468.34053	1468.30187	
11.44355	1499.16319	1499.15056	1468.37558	1468.3455	
11.45375	1499.19923	1499.18547	1468.41163	1468.39786	
11.47245	1499.26789	1499.25528	1468.48028	1468.48513	
11.47728	1499.28553	1499.27273	1468.49793	1468.50258	
11.48936	1499.33089	1499.30764	1468.54328	1468.55494	
11.49777	1499.36276	1499.34255	1468.57515	1468.58985	
11.50796	1499.4021	1499.37745	1468.61449	1468.64221	
11.51819	1499.44218	1499.40363	1468.65457	1468.67711	
11.52838	1499.48276	1499.43854	1468.69515	1468.72075	
11.53866	1499.52432	1499.47345	1468.73671	1468.75565	
11.54882	1499.56601	1499.50835	1468.77841	1468.79056	
11.55967	1499.61123	1499.54326	1468.82362	1468.81674	
11.56928	1499.65185	1499.58689	1468.86424	1468.85165	
11.57946	1499.69554	1499.6218	1468.90793	1468.88655	
11.59068	1499.7444	1499.67416	1468.95679	1468.91273	
11.59997	1499.78551	1499.71779	1468.9979	1468.94764	
11.61012	1499.83075	1499.76143	1469.04315	1468.99127	
11.62043	1499.8775	1499.81379	1469.08989	1469.02618	
11.63063	1499.92437	1499.86615	1469.13677	1469.06981	
11.64085	1499.97193	1499.91851	1469.18432	1469.11344	
11.65113	1500.02043	1499.97087	1469.23282	1469.1658	
11.66138	1500.06944	1500.02323	1469.28183	1469.21816	
11.67151	1500.11846	1500.07559	1469.33085	1469.27052	
11.68199	1500.16985	1500.12795	1469.38224	1469.33161	
11.69375	1500.22842	1500.18031	1469.44081	1469.3927	
11.70224	1500.27104	1500.24139	1469.48343	1469.45378	
11.72039	1500.3646	1500.29375	1469.57699	1469.51487	
11.72499	1500.38821	1500.36356	1469.6006	1469.59341	
11.73513	1500.44114	1500.42465	1469.65353	1469.6545	
11.74531	1500.49493	1500.47701	1469.70732	1469.71558	
11.75539	1500.54879	1500.52937	1469.76118	1469.77667	
11.7656	1500.604	1500.58173	1469.81639	1469.83776	
11.77574	1500.65942	1500.64282	1469.87181	1469.89884	
11.78588	1500.7154	1500.69518	1469.9278	1469.9512	
11.79888	1500.78844	1500.75626	1470.00083	1470.01229	
11.80878	1500.84443	1500.80862	1470.05682	1470.05592	
11.81898	1500.90284	1500.86098	1470.11523	1470.10828	
11.82909	1500.9613	1500.91334	1470.17369	1470.16064	
11.84756	1501.07069	1501.01806	1470.28308	1470.24791	
11.85221	1501.09815	1501.03552	1470.31054	1470.26536	
11.86242	1501.15928	1501.0966	1470.37168	1470.31772	
11.87249	1501.22016	1501.15769	1470.43255	1470.37008	
11.88272	1501.28258	1501.21005	1470.49498	1470.42244	
11.89311	1501.34677	1501.27986	1470.55916	1470.48353	
11.90301	1501.40841	1501.34095	1470.6208	1470.54461	
11.91319	1501.47243	1501.40204	1470.68482	1470.61443	
11.92332	1501.53673	1501.47185	1470.74912	1470.67551	
11.93338	1501.60128	1501.55039	1470.81367	1470.75405	
11.94357	1501.66721	1501.6202	1470.8796	1470.82387	
11.95377	1501.73383	1501.69874	1470.94622	1470.89368	
11.96397	1501.80109	1501.76855	1471.01348	1470.97222	
11.97405	1501.86814	1501.83837	1471.08053	1471.05949	
11.98434	1501.93731	1501.91691	1471.1497	1471.13803	
11.99453	1502.00641	1501.98672	1471.21881	1471.21657	
12.00495	1502.07769	1502.06526	1471.29008	1471.29511	
12.01481	1502.14566	1502.13507	1471.35805	1471.37365	
12.02496	1502.21638	1502.20489	1471.42877	1471.44346	
12.03527	1502.28876	1502.2747	1471.50115	1471.522	
12.04546	1502.36094	1502.34451	1471.57334	1471.59181	
12.05563	1502.43352	1502.41433	1471.64591	1471.6529	
12.0658	1502.50686	1502.48414	1471.71926	1471.72271	
12.07597	1502.58072	1502.55395	1471.79311	1471.7838	
12.08607	1502.65471	1502.62377	1471.8671	1471.84488	
12.09625	1502.72999	1502.69358	1471.94238	1471.9147	
12.10687	1502.80917	1502.76339	1472.02156	1471.97578	
12.11668	1502.88275	1502.83321	1472.09515	1472.0456	
12.12682	1502.95956	1502.90302	1472.17195	1472.11541	
12.13703	1503.03756	1502.98156	1472.24995	1472.18522	
12.14712	1503.11514	1503.0601	1472.32753	1472.25504	
12.15734	1503.19439	1503.13864	1472.40678	1472.33358	
12.16746	1503.27348	1503.21718	1472.48587	1472.41212	
12.17762	1503.35346	1503.30444	1472.56585	1472.49938	
12.18779	1503.43419	1503.39171	1472.64658	1472.57792	
12.19791	1503.51514	1503.47898	1472.72753	1472.67392	
12.20957	1503.60931	1503.57497	1472.82171	1472.76991	
12.21932	1503.68849	1503.66224	1472.90088	1472.8659	
12.22945	1503.77146	1503.74078	1472.98385	1472.95317	
12.23967	1503.85575	1503.82804	1473.06815	1473.04916	
12.24976	1503.94281	1503.91531	1473.1552	1473.13643	
12.26	1504.02528	1504.00258	1473.23767	1473.23242	
12.27012	1504.11061	1504.08112	1473.323	1473.32841	
12.28025	1504.19664	1504.16838	1473.40903	1473.40695	
12.29047	1504.28406	1504.24692	1473.49646	1473.50295	
12.30051	1504.3706	1504.33419	1473.58299	1473.58149	
12.3119	1504.46953	1504.43018	1473.68192	1473.67748	
12.32197	1504.55748	1504.50872	1473.76988	1473.75602	
12.33218	1504.64743	1504.59599	1473.85983	1473.84329	
12.34235	1504.7376	1504.68325	1473.94999	1473.92183	
12.3529	1504.83178	1504.77052	1474.04418	1474.00037	
12.36271	1504.91995	1504.85779	1474.13235	1474.08763	
12.37275	1505.01073	1504.94505	1474.22312	1474.1749	
12.38289	1505.10311	1505.04105	1474.31551	1474.26217	
12.39303	1505.19607	1505.13704	1474.40846	1474.34943	
12.40324	1505.29032	1505.22431	1474.50271	1474.44543	
12.41489	1505.39873	1505.32903	1474.61112	1474.55887	
12.42477	1505.49123	1505.42502	1474.70363	1474.65486	
12.43498	1505.58734	1505.52101	1474.79974	1474.75086	
12.44517	1505.68399	1505.62573	1474.89639	1474.84685	
12.45526	1505.78031	1505.72173	1474.9927	1474.95157	
12.46542	1505.87788	1505.81772	1475.09027	1475.05629	
12.47557	1505.97596	1505.91371	1475.18835	1475.16101	
12.48569	1506.07428	1506.0097	1475.28667	1475.26573	
12.49581	1506.17336	1506.11442	1475.38575	1475.37045	
12.50602	1506.27387	1506.21914	1475.48627	1475.46644	
12.51761	1506.38897	1506.33259	1475.60136	1475.58862	
12.5275	1506.48749	1506.43731	1475.69988	1475.68461	
12.53767	1506.58964	1506.54203	1475.80203	1475.78933	
12.54799	1506.69383	1506.63802	1475.90623	1475.88532	
12.55791	1506.79463	1506.74274	1476.00702	1475.99004	
12.57762	1506.99774	1506.95218	1476.21013	1476.18203	
12.5823	1507.0459	1506.99582	1476.25829	1476.22566	
12.59243	1507.15086	1507.10926	1476.36325	1476.32165	
12.60254	1507.25623	1507.21398	1476.46862	1476.42637	
12.613	1507.36604	1507.3187	1476.57843	1476.53109	
12.62291	1507.47058	1507.42342	1476.68298	1476.63581	
12.63303	1507.57785	1507.52814	1476.79024	1476.74053	
12.64318	1507.68617	1507.63286	1476.89856	1476.84525	
12.65332	1507.79504	1507.73758	1477.00743	1476.94997	
12.66351	1507.90492	1507.85103	1477.11732	1477.06342	
12.67359	1508.01434	1507.96447	1477.22674	1477.17687	
12.68381	1508.12584	1508.06919	1477.33823	1477.28159	
12.69396	1508.23729	1508.18264	1477.44968	1477.39503	
12.70409	1508.34908	1508.29609	1477.56148	1477.5172	
12.71443	1508.46387	1508.40953	1477.67626	1477.63065	
12.72464	1508.57775	1508.52298	1477.79015	1477.75282	
12.73479	1508.69163	1508.63643	1477.90402	1477.86627	
12.74493	1508.80601	1508.74987	1478.01841	1477.97972	
12.75507	1508.921	1508.87204	1478.13339	1478.10189	
12.76526	1509.03718	1508.98549	1478.24957	1478.22406	
12.77544	1509.15388	1509.09894	1478.36627	1478.33751	
12.7856	1509.27101	1509.22111	1478.4834	1478.45968	
12.79575	1509.38858	1509.34328	1478.60097	1478.57313	
12.8059	1509.50672	1509.46546	1478.71911	1478.6953	
12.81607	1509.62579	1509.58763	1478.83818	1478.81748	
12.82629	1509.74612	1509.7098	1478.95852	1478.93092	
12.83635	1509.86505	1509.83198	1479.07744	1479.04437	
12.84654	1509.98622	1509.95415	1479.19861	1479.16654	
12.85666	1510.10724	1510.07632	1479.31963	1479.27999	
12.86689	1510.23012	1510.1985	1479.44251	1479.40216	
12.87696	1510.35091	1510.31194	1479.5633	1479.51561	
12.88714	1510.47313	1510.43411	1479.68552	1479.63778	
12.89733	1510.59534	1510.54756	1479.80773	1479.75995	
12.90744	1510.71662	1510.66973	1479.92901	1479.88213	
12.91759	1510.83844	1510.79191	1480.05084	1480.0043	
12.9279	1510.96228	1510.90535	1480.17468	1480.12647	
12.93805	1511.08399	1511.02753	1480.29638	1480.24865	
12.94829	1511.20693	1511.1497	1480.41932	1480.37954	
12.95838	1511.328	1511.27187	1480.54039	1480.50172	
12.96871	1511.45188	1511.39405	1480.66428	1480.63262	
12.97893	1511.57461	1511.51622	1480.787	1480.75479	
12.98901	1511.69547	1511.63839	1480.90786	1480.88569	
12.99919	1511.81763	1511.76056	1481.03002	1481.00786	
13.00932	1511.93917	1511.88274	1481.15156	1481.13876	
13.01951	1512.06164	1512.00491	1481.27403	1481.26094	
13.03065	1512.19521	1512.13581	1481.4076	1481.40056	
13.04095	1512.31891	1512.25798	1481.5313	1481.52274	
13.05101	1512.43951	1512.38016	1481.6519	1481.64491	
13.06109	1512.56042	1512.50233	1481.77281	1481.76708	
13.07159	1512.68649	1512.63323	1481.89888	1481.88925	
13.08138	1512.80401	1512.7554	1482.0164	1482.01143	
13.0915	1512.92539	1512.87758	1482.13778	1482.12487	
13.10163	1513.04692	1513.00848	1482.25932	1482.23832	
13.11177	1513.16862	1513.13065	1482.38101	1482.36049	
13.12194	1513.2907	1513.25282	1482.5031	1482.47394	
13.13337	1513.42796	1513.39245	1482.64035	1482.60484	
13.14351	1513.54959	1513.51462	1482.76198	1482.72701	
13.15365	1513.67125	1513.63679	1482.88364	1482.84046	
13.16383	1513.79338	1513.75897	1483.00578	1482.96263	
13.17462	1513.92286	1513.88114	1483.13526	1483.08481	
13.18448	1514.04112	1514.00331	1483.25352	1483.20698	
13.19468	1514.16361	1514.12549	1483.376	1483.32915	
13.20477	1514.28458	1514.24766	1483.49697	1483.45132	
13.21488	1514.40597	1514.36111	1483.61836	1483.5735	
13.22507	1514.52831	1514.48328	1483.7407	1483.7044	
13.23642	1514.66449	1514.61418	1483.87688	1483.8353	
13.24623	1514.7821	1514.73635	1483.99449	1483.95747	
13.25636	1514.90374	1514.85852	1484.11614	1484.08837	
13.26658	1515.02634	1514.9807	1484.23873	1484.21927	
13.27666	1515.14731	1515.10287	1484.3597	1484.34144	
13.28684	1515.26944	1515.22504	1484.48184	1484.47234	
13.29701	1515.3915	1515.34722	1484.60389	1484.59452	
13.30714	1515.51308	1515.46939	1484.72547	1484.71669	
13.31734	1515.63548	1515.60029	1484.84787	1484.83886	
13.32744	1515.75668	1515.72246	1484.96907	1484.96103	
13.33902	1515.89571	1515.86209	1485.1081	1485.09193	
13.34887	1516.01389	1515.99299	1485.22628	1485.20538	
13.35902	1516.13557	1516.11516	1485.34796	1485.32755	
13.36917	1516.25739	1516.23733	1485.46978	1485.44973	
13.3793	1516.37906	1516.35951	1485.59145	1485.56317	
13.3895	1516.50141	1516.48168	1485.7138	1485.68535	
13.39964	1516.62312	1516.60385	1485.83551	1485.79879	
13.40982	1516.74524	1516.72603	1485.95763	1485.92097	
13.41998	1516.86714	1516.83947	1486.07953	1486.04314	
13.43022	1516.99094	1516.95292	1486.20333	1486.15658	
13.44169	1517.12778	1517.08382	1486.34017	1486.28748	
13.45151	1517.24557	1517.19727	1486.45796	1486.40966	
13.46164	1517.36707	1517.31944	1486.57946	1486.53183	
13.47182	1517.4892	1517.43288	1486.7016	1486.654	
13.48196	1517.61091	1517.54633	1486.8233	1486.77618	
13.49219	1517.73364	1517.6685	1486.94604	1486.90708	
13.50234	1517.85549	1517.79068	1487.06788	1487.02925	
13.51248	1517.97721	1517.91285	1487.1896	1487.16015	
13.5226	1518.09862	1518.03502	1487.31102	1487.28232	
13.547	1518.39157	1518.1572	1487.60396	1487.4045	
13.55163	1518.44695	1518.38409	1487.65934	1487.64884	
13.56176	1518.56851	1518.50626	1487.7809	1487.77101	
13.57268	1518.6996	1518.64589	1487.91199	1487.91064	
13.58316	1518.82534	1518.77679	1488.03774	1488.03281	
13.5929	1518.94219	1518.90769	1488.15458	1488.16371	
13.60313	1519.06492	1519.02986	1488.27732	1488.28589	
13.61316	1519.18532	1519.16076	1488.39771	1488.41679	
13.62331	1519.30705	1519.28293	1488.51944	1488.53023	
13.63354	1519.42989	1519.40511	1488.64228	1488.65241	
13.64587	1519.57792	1519.53601	1488.79032	1488.76585	
13.65387	1519.67385	1519.64945	1488.88624	1488.8793	
13.66398	1519.79524	1519.77163	1489.00764	1488.99274	
13.67415	1519.91719	1519.8938	1489.12958	1489.10619	
13.68434	1520.0395	1520.00725	1489.2519	1489.21964	
13.69452	1520.1616	1520.12942	1489.374	1489.33308	
13.70465	1520.28326	1520.25159	1489.49565	1489.44653	
13.7149	1520.40624	1520.36504	1489.61863	1489.5687	
13.72498	1520.52715	1520.47848	1489.73954	1489.68215	
13.73509	1520.64846	1520.60066	1489.86085	1489.80432	
13.7559	1520.8983	1520.72283	1490.11069	1489.9265	
13.76051	1520.95353	1520.89736	1490.16592	1490.10976	
13.7707	1521.07579	1521.01954	1490.28818	1490.23193	
13.7808	1521.19696	1521.15044	1490.40936	1490.36283	
13.79142	1521.3244	1521.27261	1490.5368	1490.49373	
13.80131	1521.44317	1521.40351	1490.65556	1490.62463	
13.81127	1521.56258	1521.52568	1490.77497	1490.75553	
13.82143	1521.68454	1521.65658	1490.89693	1490.88643	
13.83153	1521.8058	1521.78748	1491.01819	1491.0086	
13.84172	1521.92802	1521.90965	1491.14041	1491.1395	
13.85255	1522.05804	1522.04928	1491.27043	1491.2704	
13.86239	1522.17607	1522.17145	1491.38846	1491.39257	
13.87245	1522.29676	1522.29363	1491.50916	1491.51475	
13.88257	1522.41828	1522.4158	1491.63067	1491.62819	
13.89314	1522.54514	1522.53797	1491.75753	1491.75036	
13.90288	1522.66195	1522.66015	1491.87434	1491.87254	
13.91304	1522.78392	1522.77359	1491.99631	1491.98598	
13.92321	1522.90588	1522.88704	1492.11828	1492.09943	
13.9333	1523.02699	1523.00049	1492.23938	1492.21288	
13.94344	1523.14866	1523.11393	1492.36105	1492.32632	
13.95522	1523.29008	1523.2361	1492.50247	1492.45722	
13.96504	1523.40793	1523.35828	1492.62032	1492.57067	
13.97519	1523.5297	1523.463	1492.7421	1492.68412	
13.98536	1523.65172	1523.58517	1492.86411	1492.80629	
13.99552	1523.77371	1523.69862	1492.9861	1492.91974	
14.00565	1523.89522	1523.82079	1493.10762	1493.04191	
14.01581	1524.01713	1523.93424	1493.22952	1493.16408	
14.02599	1524.13932	1524.05641	1493.35171	1493.28625	
14.03633	1524.26343	1524.18731	1493.47582	1493.41715	
14.04632	1524.3833	1524.30948	1493.59569	1493.54805	
14.05772	1524.52016	1524.44911	1493.73255	1493.68768	
14.06772	1524.64008	1524.58001	1493.85247	1493.81858	
14.07786	1524.76174	1524.70218	1493.97414	1493.94948	
14.08798	1524.88309	1524.83308	1494.09548	1494.07165	
14.09812	1525.00486	1524.96398	1494.21726	1494.21128	
14.10834	1525.12742	1525.08615	1494.33981	1494.33345	
14.11849	1525.24932	1525.21705	1494.46171	1494.45563	
14.12861	1525.37078	1525.34795	1494.58317	1494.58653	
14.13887	1525.4938	1525.47013	1494.7062	1494.7087	
14.14888	1525.61389	1525.5923	1494.82628	1494.83087	
14.16049	1525.75336	1525.73193	1494.96576	1494.96177	
14.17036	1525.87168	1525.8541	1495.08408	1495.08394	
14.1805	1525.99338	1525.97627	1495.20577	1495.19739	
14.19067	1526.11542	1526.08972	1495.32781	1495.31084	
14.20076	1526.23566	1526.20316	1495.44806	1495.42428	
14.21099	1526.35683	1526.32534	1495.56922	1495.53773	
14.22119	1526.47702	1526.43878	1495.68941	1495.65118	
14.23127	1526.59521	1526.56096	1495.8076	1495.76462	
14.24141	1526.7136	1526.6744	1495.92599	1495.8868	
14.25165	1526.83239	1526.79658	1496.04478	1496.00024	
14.26322	1526.96587	1526.92748	1496.17826	1496.13114	
14.27304	1527.07846	1527.04092	1496.29086	1496.25331	
14.28323	1527.19476	1527.1631	1496.40716	1496.37549	
14.2933	1527.30917	1527.27654	1496.52156	1496.48893	
14.30349	1527.42427	1527.38999	1496.63666	1496.61111	
14.31363	1527.53818	1527.51216	1496.75058	1496.73328	
14.32384	1527.65215	1527.63433	1496.86455	1496.85545	
14.33395	1527.76453	1527.74778	1496.97692	1496.9689	
14.34407	1527.87637	1527.86123	1497.08876	1497.08235	
14.35446	1527.99055	1527.9834	1497.20294	1497.20452	
14.3657	1528.11332	1528.1143	1497.32571	1497.32669	
14.37587	1528.22375	1528.22775	1497.43615	1497.44886	
14.38603	1528.3335	1528.34119	1497.54589	1497.56231	
14.39619	1528.44265	1528.45464	1497.65504	1497.66703	
14.40629	1528.5504	1528.56809	1497.7628	1497.77175	
14.4165	1528.65892	1528.68153	1497.87131	1497.87647	
14.42665	1528.76597	1528.78625	1497.97836	1497.98119	
14.43684	1528.87295	1528.88224	1498.08534	1498.08591	
14.44695	1528.97853	1528.97824	1498.19092	1498.19063	
14.45708	1529.08361	1529.08296	1498.296	1498.29535	
14.46861	1529.20244	1529.18768	1498.41483	1498.40007	
14.47846	1529.30335	1529.27494	1498.51575	1498.50479	
14.48862	1529.40684	1529.37094	1498.61923	1498.60078	
14.49885	1529.51039	1529.46693	1498.72279	1498.69678	
14.5089	1529.61155	1529.56292	1498.82394	1498.79277	
14.51909	1529.71352	1529.65892	1498.92592	1498.88876	
14.52924	1529.81442	1529.75491	1499.02681	1498.99348	
14.53941	1529.91502	1529.8509	1499.12741	1499.08947	
14.54962	1530.0152	1529.95562	1499.22759	1499.19419	
14.5597	1530.11365	1530.06034	1499.32605	1499.29019	
14.57336	1530.24583	1530.17379	1499.45822	1499.40363	
14.58109	1530.3203	1530.27851	1499.53269	1499.49963	
14.59124	1530.41744	1530.38323	1499.62984	1499.60435	
14.60138	1530.51391	1530.48795	1499.7263	1499.70907	
14.61166	1530.6111	1530.59267	1499.82349	1499.81379	
14.62168	1530.70517	1530.69739	1499.91757	1499.91851	
14.63184	1530.79994	1530.79338	1500.01233	1500.02323	
14.64201	1530.89427	1530.8981	1500.10666	1500.11922	
14.65213	1530.98741	1530.99409	1500.1998	1500.21521	
14.67231	1531.17036	1531.09009	1500.38275	1500.31993	
14.67701	1531.21292	1531.22099	1500.42531	1500.45083	
14.68713	1531.30404	1531.30825	1500.51643	1500.54682	
14.69728	1531.39472	1531.40425	1500.60712	1500.63409	
14.70741	1531.48475	1531.49151	1500.69714	1500.72136	
14.71761	1531.57467	1531.57878	1500.78706	1500.80862	
14.72776	1531.6636	1531.65732	1500.87599	1500.88716	
14.73792	1531.75194	1531.73586	1500.96433	1500.97443	
14.74811	1531.84001	1531.82312	1501.05241	1501.05297	
14.75819	1531.92641	1531.90166	1501.1388	1501.12278	
14.76837	1532.0134	1531.9802	1501.22579	1501.20132	
14.77859	1532.09953	1532.05874	1501.31193	1501.27986	
14.78869	1532.18432	1532.13728	1501.39671	1501.36713	
14.79884	1532.26898	1532.21582	1501.48138	1501.43694	
14.809	1532.35302	1532.29436	1501.56541	1501.51548	
14.81917	1532.43649	1532.38163	1501.64888	1501.60275	
14.8293	1532.51911	1532.4689	1501.7315	1501.68129	
14.83941	1532.60094	1532.55616	1501.81333	1501.77728	
14.84966	1532.68326	1532.64343	1501.89565	1501.85582	
14.85976	1532.76416	1532.72197	1501.97655	1501.94309	
14.87001	1532.84614	1532.81796	1502.05853	1502.03035	
14.88013	1532.92436	1532.90523	1502.13675	1502.12635	
14.89029	1533.00346	1532.9925	1502.21585	1502.21361	
14.9005	1533.08238	1533.07976	1502.29477	1502.30088	
14.9106	1533.15978	1533.1583	1502.37217	1502.37942	
14.92069	1533.23661	1533.24557	1502.449	1502.46669	
14.93101	1533.31449	1533.32411	1502.52689	1502.55395	
14.94105	1533.38964	1533.40265	1502.60203	1502.62377	
14.9512	1533.46504	1533.48119	1502.67743	1502.70231	
14.96134	1533.53974	1533.551	1502.75213	1502.78085	
14.97168	1533.61533	1533.62954	1502.82772	1502.85066	
14.9821	1533.69078	1533.69935	1502.90317	1502.92047	
14.99181	1533.76054	1533.76917	1502.97293	1502.98156	
15.00196	1533.8329	1533.83898	1503.04529	1503.05137	
15.01207	1533.90429	1533.90007	1503.11669	1503.11246	
15.02243	1533.97685	1533.96988	1503.18924	1503.18227	
15.03247	1534.04661	1534.03969	1503.259	1503.24336	
15.04263	1534.11652	1534.10078	1503.32892	1503.30444	
15.05271	1534.18526	1534.16187	1503.39765	1503.36553	
15.06281	1534.25359	1534.23168	1503.46598	1503.42662	
15.07319	1534.32321	1534.29277	1503.5356	1503.49643	
15.08435	1534.39724	1534.37131	1503.60963	1503.56624	
15.09475	1534.4656	1534.44112	1503.67799	1503.63606	
15.10464	1534.53003	1534.51093	1503.74242	1503.70587	
15.11478	1534.59546	1534.58074	1503.80785	1503.78441	
15.12495	1534.66047	1534.65056	1503.87286	1503.85422	
15.13513	1534.72497	1534.72037	1503.93736	1503.92404	
15.14529	1534.78872	1534.78146	1504.00112	1503.99385	
15.15545	1534.85185	1534.85127	1504.06424	1504.06366	
15.16556	1534.9141	1534.91236	1504.12649	1504.13348	
15.17577	1534.9763	1534.98217	1504.18869	1504.20329	
15.18734	1535.04596	1535.05198	1504.25836	1504.2731	
15.19723	1535.10496	1535.11307	1504.31736	1504.33419	
15.20738	1535.1649	1535.17416	1504.37729	1504.404	
15.21761	1535.22468	1535.22652	1504.43707	1504.46509	
15.22768	1535.28297	1535.27888	1504.49537	1504.51745	
15.23788	1535.34137	1535.33124	1504.55376	1504.56981	
15.24802	1535.39882	1535.39232	1504.61121	1504.62217	
15.25819	1535.45579	1535.44468	1504.66818	1504.67453	
15.2684	1535.51243	1535.49704	1504.72482	1504.71816	
15.27846	1535.5676	1535.54068	1504.78	1504.77052	
15.29026	1535.63148	1535.60176	1504.84387	1504.82288	
15.2999	1535.68309	1535.65412	1504.89549	1504.86651	
15.31004	1535.73682	1535.70648	1504.94921	1504.91887	
15.32017	1535.7899	1535.75884	1505.00229	1504.96251	
15.33028	1535.8423	1535.8112	1505.05469	1505.01487	
15.34052	1535.89465	1535.86356	1505.10704	1505.06723	
15.35066	1535.94597	1535.91592	1505.15836	1505.12831	
15.36079	1535.9966	1535.96828	1505.20899	1505.18067	
15.37115	1536.04776	1536.02937	1505.26015	1505.24176	
15.38154	1536.09839	1536.08173	1505.31078	1505.29412	
15.39285	1536.15279	1536.13409	1505.36518	1505.34648	
15.40843	1536.2262	1536.22135	1505.43859	1505.44247	
15.41822	1536.27163	1536.27371	1505.48402	1505.48611	
15.43657	1536.35472	1536.36971	1505.56711	1505.59083	
15.44118	1536.37565	1536.38716	1505.58805	1505.60828	
15.45138	1536.42115	1536.43079	1505.63354	1505.66064	
15.46145	1536.46554	1536.48315	1505.67793	1505.70427	
15.47158	1536.50959	1536.51806	1505.72198	1505.75663	
15.48178	1536.55328	1536.56169	1505.76567	1505.80027	
15.49406	1536.60499	1536.60533	1505.81738	1505.83517	
15.50205	1536.63828	1536.64023	1505.85067	1505.87008	
15.51219	1536.67994	1536.67514	1505.89233	1505.91371	
15.52238	1536.7212	1536.71005	1505.93359	1505.94862	
15.54735	1536.81752	1536.74495	1506.02991	1505.98353	
15.55194	1536.83537	1536.81477	1506.04777	1506.04461	
15.56211	1536.87415	1536.84967	1506.08654	1506.07952	
15.57443	1536.92022	1536.88458	1506.13261	1506.11442	
15.58288	1536.95146	1536.91949	1506.16385	1506.14933	
15.59516	1536.99589	1536.95439	1506.20828	1506.18424	
15.60273	1537.023	1536.99803	1506.23539	1506.21914	
15.61283	1537.05854	1537.03293	1506.27093	1506.26278	
15.62297	1537.09359	1537.07657	1506.30599	1506.29768	
15.63309	1537.12801	1537.11147	1506.34041	1506.34132	
15.6433	1537.16216	1537.14638	1506.37455	1506.37622	
15.6534	1537.19529	1537.18129	1506.40768	1506.41113	
15.66354	1537.22797	1537.21619	1506.44037	1506.44604	
15.67376	1537.26032	1537.24237	1506.47271	1506.48094	
15.68388	1537.29175	1537.27728	1506.50415	1506.51585	
15.69641	1537.32968	1537.31219	1506.54207	1506.55076	
15.70456	1537.35404	1537.33837	1506.56643	1506.57694	
15.71469	1537.38369	1537.36454	1506.59608	1506.60312	
15.72483	1537.41276	1537.39072	1506.62515	1506.63802	
15.73494	1537.44117	1537.42563	1506.65356	1506.6642	
15.74516	1537.46927	1537.45181	1506.68166	1506.69038	
15.75536	1537.49673	1537.47799	1506.70913	1506.70784	
15.76544	1537.52326	1537.49544	1506.73565	1506.73402	
15.77561	1537.54946	1537.52162	1506.76185	1506.7602	
15.78589	1537.57533	1537.5478	1506.78772	1506.77765	
15.7959	1537.59994	1537.56526	1506.81233	1506.80383	
15.80613	1537.62449	1537.59144	1506.83688	1506.82128	
15.81628	1537.64824	1537.61762	1506.86063	1506.83874	
15.82641	1537.67137	1537.63507	1506.88376	1506.86492	
15.8366	1537.69405	1537.66125	1506.90644	1506.88237	
15.84676	1537.71606	1537.6787	1506.92845	1506.89982	
15.85691	1537.73745	1537.70488	1506.94984	1506.91728	
15.86716	1537.75847	1537.72234	1506.97086	1506.94346	
15.8772	1537.77848	1537.73979	1506.99087	1506.96964	
15.88734	1537.79812	1537.76597	1507.01051	1506.98709	
15.89756	1537.81731	1537.79215	1507.0297	1507.01327	
15.90776	1537.83587	1537.8096	1507.04826	1507.03072	
15.91789	1537.85372	1537.83578	1507.06611	1507.0569	
15.92803	1537.87102	1537.85324	1507.08341	1507.08308	
15.93818	1537.88776	1537.87069	1507.10015	1507.09181	
15.94833	1537.90392	1537.88814	1507.11631	1507.11799	
15.95851	1537.91954	1537.9056	1507.13193	1507.13544	
15.96865	1537.93453	1537.92305	1507.14692	1507.1529	
15.97881	1537.94898	1537.93178	1507.16137	1507.16162	
15.98896	1537.96283	1537.94923	1507.17523	1507.17908	
15.99909	1537.9761	1537.95796	1507.18849	1507.19653	
16.00935	1537.98896	1537.96668	1507.20135	1507.20526	
16.01946	1538.00106	1537.97541	1507.21346	1507.21398	
16.02959	1538.01264	1537.98414	1507.22503	1507.23144	
16.04003	1538.02397	1537.98414	1507.23636	1507.23144	
16.05031	1538.03455	1537.98414	1507.24694	1507.24016	
16.06049	1538.04447	1537.99286	1507.25686	1507.24016	
16.07056	1538.05375	1538.00159	1507.26614	1507.24016	
16.0807	1538.06255	1538.00159	1507.27494	1507.24889	
16.09082	1538.07079	1538.01032	1507.28318	1507.24889	
16.10141	1538.07882	1538.01904	1507.29121	1507.24889	
16.11141	1538.0859	1538.02777	1507.29829	1507.24889	
16.12136	1538.09243	1538.0365	1507.30482	1507.24889	
16.1315	1538.09857	1538.05395	1507.31096	1507.25762	
16.14162	1538.10418	1538.05395	1507.31657	1507.25762	
16.15177	1538.10931	1538.0714	1507.32171	1507.25762	
16.16194	1538.11395	1538.08013	1507.32634	1507.26634	
16.17207	1538.11809	1538.08886	1507.33048	1507.26634	
16.1822	1538.12176	1538.09758	1507.33415	1507.2838	
16.1924	1538.125	1538.10631	1507.33739	1507.29252	
16.20296	1538.12785	1538.10631	1507.34024	1507.30125	
16.21414	1538.13036	1538.10631	1507.34275	1507.3187	
16.22395	1538.13223	1538.10631	1507.34462	1507.33616	
16.2341	1538.13379	1538.10631	1507.34618	1507.34488	
16.24427	1538.13827	1538.10631	1507.35066	1507.35361	
16.25446	1538.13827	1538.10631	1507.35066	1507.36234	
16.26463	1538.13827	1538.10631	1507.35066	1507.37106	
16.27477	1538.13827	1538.10631	1507.35066	1507.37106	
16.28493	1538.13827	1538.10631	1507.35066	1507.37106	
16.29503	1538.13827	1538.10631	1507.35066	1507.36234	
16.30565	1538.13827	1538.10631	1507.35066	1507.36234	
16.31756	1538.13827	1538.10631	1507.35066	1507.36234	
16.32749	1538.13827	1538.10631	1507.35066	1507.35361	
16.33765	1538.13827	1538.10631	1507.35066	1507.35361	
16.34781	1538.13827	1538.10631	1507.35066	1507.35361	
16.35791	1538.13827	1538.10631	1507.35066	1507.35361	
16.3681	1538.13827	1538.10631	1507.35066	1507.35361	
16.37832	1538.13827	1538.10631	1507.35066	1507.35361	
16.38851	1538.13827	1538.10631	1507.35066	1507.36234	
16.39861	1538.13827	1538.10631	1507.35066	1507.36234	
16.40873	1538.13827	1538.10631	1507.35066	1507.36234	
16.42007	1538.13827	1538.10631	1507.35066	1507.36234	
16.42991	1538.13827	1538.10631	1507.35066	1507.36234	
16.44005	1538.13827	1538.10631	1507.35066	1507.36234	
16.4502	1538.13827	1538.10631	1507.35066	1507.36234	
16.46031	1538.13827	1538.10631	1507.35066	1507.36234	
16.47049	1538.13827	1538.10631	1507.35066	1507.36234	
16.48065	1538.13827	1538.10631	1507.35066	1507.36234	
16.49078	1538.13827	1538.10631	1507.35066	1507.36234	
16.501	1538.13827	1538.10631	1507.35066	1507.36234	
16.51143	1538.13827	1538.10631	1507.35066	1507.36234	
16.52287	1538.13827	1538.10631	1507.35066	1507.36234	
16.53274	1538.13827	1538.10631	1507.35066	1507.36234	
16.54288	1538.13827	1538.10631	1507.35066	1507.36234	
16.55297	1538.13827	1538.10631	1507.35066	1507.36234	
16.56325	1538.13827	1538.10631	1507.35066	1507.36234	
16.57392	1538.13827	1538.10631	1507.35066	1507.36234	
16.58348	1538.13827	1538.10631	1507.35066	1507.36234	
16.59362	1538.13827	1538.10631	1507.35066	1507.36234	
16.6117	1538.13827	1538.10631	1507.35066	1507.36234	
16.61628	1538.13827	1538.10631	1507.35066	1507.36234	
16.62654	1538.13827	1538.10631	1507.35066	1507.36234	
16.63673	1538.13827	1538.10631	1507.35066	1507.36234	
16.64685	1538.13827	1538.10631	1507.35066	1507.36234	
16.65696	1538.13827	1538.10631	1507.35066	1507.36234	
16.66723	1538.13827	1538.10631	1507.35066	1507.36234	
16.67731	1538.13827	1538.10631	1507.35066	1507.36234	
16.68745	1538.13827	1538.10631	1507.35066	1507.36234	
16.69766	1538.13827	1538.10631	1507.35066	1507.36234	
16.70774	1538.13827	1538.10631	1507.35066	1507.36234	
16.71792	1538.13827	1538.10631	1507.35066	1507.36234	
16.7283	1538.13827	1538.10631	1507.35066	1507.36234	
16.73827	1538.13827	1538.10631	1507.35066	1507.36234	
16.74846	1538.13827	1538.10631	1507.35066	1507.36234	
16.75858	1538.13827	1538.10631	1507.35066	1507.36234	
16.76869	1538.13827	1538.10631	1507.35066	1507.36234	
16.7789	1538.13827	1538.10631	1507.35066	1507.36234	
16.78903	1538.13827	1538.10631	1507.35066	1507.36234	
16.79917	1538.13827	1538.10631	1507.35066	1507.36234	
16.80932	1538.13827	1538.10631	1507.35066	1507.36234	
16.81946	1538.13827	1538.10631	1507.35066	1507.36234	
16.83105	1538.13827	1538.10631	1507.35066	1507.36234	
16.84082	1538.13827	1538.10631	1507.35066	1507.36234	
16.85106	1538.13827	1538.10631	1507.35066	1507.36234	
16.86115	1538.13827	1538.10631	1507.35066	1507.36234	
16.8716	1538.13827	1538.10631	1507.35066	1507.36234	
16.88142	1538.13827	1538.10631	1507.35066	1507.36234	
16.89159	1538.13827	1538.10631	1507.35066	1507.36234	
16.90172	1538.13827	1538.10631	1507.35066	1507.36234	
16.91186	1538.13827	1538.10631	1507.35066	1507.36234	
16.92203	1538.13827	1538.10631	1507.35066	1507.36234	
16.93374	1538.13827	1538.10631	1507.35066	1507.36234	
16.94356	1538.13827	1538.10631	1507.35066	1507.36234	
16.95373	1538.13827	1538.10631	1507.35066	1507.36234	
16.9717	1538.13827	1538.10631	1507.35066	1507.36234	
16.97673	1538.13827	1538.10631	1507.35066	1507.36234	
16.98688	1538.13827	1538.10631	1507.35066	1507.36234	
16.99702	1538.13827	1538.10631	1507.35066	1507.36234	
17.00717	1538.13827	1538.10631	1507.35066	1507.36234	
17.01729	1538.13827	1538.10631	1507.35066	1507.36234	
17.02752	1538.13827	1538.10631	1507.35066	1507.36234	
17.03765	1538.13827	1538.10631	1507.35066	1507.36234	
17.04783	1538.13827	1538.10631	1507.35066	1507.36234	
17.05797	1538.13827	1538.10631	1507.35066	1507.36234	
17.06815	1538.13827	1538.10631	1507.35066	1507.36234	
17.07824	1538.13827	1538.10631	1507.35066	1507.36234	
17.08839	1538.13827	1538.10631	1507.35066	1507.36234	
17.10661	1538.13827	1538.10631	1507.35066	1507.36234	
17.11121	1538.13827	1538.10631	1507.35066	1507.36234	
17.12135	1538.13827	1538.10631	1507.35066	1507.36234	
17.13169	1538.13827	1538.10631	1507.35066	1507.36234	
17.14997	1538.13827	1538.10631	1507.35066	1507.36234	
17.15459	1538.13827	1538.10631	1507.35066	1507.36234	
17.16482	1538.13827	1538.10631	1507.35066	1507.36234	
17.17489	1538.13827	1538.10631	1507.35066	1507.36234	
17.18509	1538.13827	1538.10631	1507.35066	1507.36234	
17.19532	1538.13827	1538.10631	1507.35066	1507.36234	
17.20541	1538.13827	1538.10631	1507.35066	1507.36234	
17.21556	1538.13827	1538.10631	1507.35066	1507.36234	
17.2257	1538.13827	1538.10631	1507.35066	1507.36234	
17.23846	1538.13827	1538.10631	1507.35066	1507.36234	
17.24611	1538.13827	1538.10631	1507.35066	1507.36234	
17.2562	1538.13827	1538.10631	1507.35066	1507.36234	
17.26644	1538.13827	1538.10631	1507.35066	1507.36234	
17.27663	1538.13827	1538.10631	1507.35066	1507.36234	
17.28675	1538.13827	1538.10631	1507.35066	1507.36234	
17.29691	1538.13827	1538.10631	1507.35066	1507.36234	
17.30715	1538.13827	1538.10631	1507.35066	1507.36234	
17.31722	1538.13827	1538.10631	1507.35066	1507.36234	
17.32734	1538.13827	1538.10631	1507.35066	1507.36234	
17.33966	1538.13827	1538.10631	1507.35066	1507.36234	
17.34775	1538.13827	1538.10631	1507.35066	1507.36234	
17.35787	1538.13827	1538.10631	1507.35066	1507.36234	
17.36802	1538.13827	1538.10631	1507.35066	1507.36234	
17.37815	1538.13827	1538.10631	1507.35066	1507.36234	
17.38835	1538.13827	1538.10631	1507.35066	1507.36234	
17.39849	1538.13827	1538.10631	1507.35066	1507.36234	
17.40865	1538.13827	1538.10631	1507.35066	1507.36234	
17.4188	1538.13827	1538.10631	1507.35066	1507.36234	
17.4289	1538.13827	1538.10631	1507.35066	1507.36234	
17.43909	1538.13827	1538.10631	1507.35066	1507.36234	
17.44932	1538.13827	1538.10631	1507.35066	1507.36234	
17.45949	1538.13827	1538.10631	1507.35066	1507.36234	
17.46959	1538.13827	1538.10631	1507.35066	1507.36234	
17.47974	1538.13827	1538.10631	1507.35066	1507.36234	
17.49017	1538.13827	1538.10631	1507.35066	1507.36234	
17.50008	1538.13827	1538.10631	1507.35066	1507.36234	
17.51021	1538.13827	1538.10631	1507.35066	1507.36234	
17.52035	1538.13827	1538.10631	1507.35066	1507.36234	
17.53079	1538.13827	1538.10631	1507.35066	1507.36234	
17.54142	1538.13827	1538.10631	1507.35066	1507.36234	
17.55119	1538.13827	1538.10631	1507.35066	1507.36234	
17.56151	1538.13827	1538.10631	1507.35066	1507.36234	
17.57144	1538.13827	1538.10631	1507.35066	1507.36234	
17.58247	1538.13827	1538.10631	1507.35066	1507.36234	
17.59294	1538.13827	1538.11504	1507.35066	1507.36234	
17.60273	1538.13827	1538.11504	1507.35066	1507.36234	
17.61286	1538.13827	1538.11504	1507.35066	1507.36234	
17.62298	1538.13827	1538.12376	1507.35066	1507.36234	
17.63307	1538.13827	1538.12376	1507.35066	1507.36234	
17.64332	1538.13827	1538.13249	1507.35066	1507.36234	
17.65348	1538.13827	1538.14122	1507.35066	1507.36234	
17.6636	1538.13827	1538.14122	1507.35066	1507.36234	
17.67386	1538.13827	1538.14122	1507.35066	1507.36234	
17.68392	1538.13827	1538.14994	1507.35066	1507.36234	
17.69446	1538.13827	1538.14994	1507.35066	1507.36234	
17.7045	1538.13827	1538.15867	1507.35066	1507.36234	
17.71467	1538.13827	1538.15867	1507.35066	1507.36234	
17.72489	1538.13827	1538.15867	1507.35066	1507.36234	
17.73502	1538.13827	1538.15867	1507.35066	1507.36234	
17.74522	1538.13827	1538.15867	1507.35066	1507.36234	
17.7554	1538.13827	1538.15867	1507.35066	1507.36234	
17.76551	1538.13827	1538.15867	1507.35066	1507.36234	
17.77569	1538.13827	1538.15867	1507.35066	1507.36234	
17.78589	1538.13827	1538.15867	1507.35066	1507.36234	
17.796	1538.13827	1538.15867	1507.35066	1507.36234	
17.80614	1538.13827	1538.15867	1507.35066	1507.36234	
17.81632	1538.13827	1538.15867	1507.35066	1507.36234	
17.82647	1538.13827	1538.15867	1507.35066	1507.36234	
17.8366	1538.13827	1538.15867	1507.35066	1507.36234	
17.84678	1538.13827	1538.15867	1507.35066	1507.36234	
17.85694	1538.13827	1538.15867	1507.35066	1507.36234	
17.86715	1538.13827	1538.15867	1507.35066	1507.36234	
17.87723	1538.13827	1538.15867	1507.35066	1507.36234	
17.8874	1538.13827	1538.15867	1507.35066	1507.36234	
17.89756	1538.13827	1538.15867	1507.35066	1507.36234	
17.90772	1538.13827	1538.15867	1507.35066	1507.36234	
17.91788	1538.13827	1538.15867	1507.35066	1507.36234	
17.92802	1538.13827	1538.15867	1507.35066	1507.36234	
17.93818	1538.13827	1538.15867	1507.35066	1507.36234	
17.94835	1538.13827	1538.15867	1507.35066	1507.36234	
17.95849	1538.13827	1538.15867	1507.35066	1507.36234	
17.96869	1538.13827	1538.15867	1507.35066	1507.36234	
17.97882	1538.13827	1538.15867	1507.35066	1507.36234	
17.98899	1538.13827	1538.15867	1507.35066	1507.36234	
17.99914	1538.13827	1538.15867	1507.35066	1507.36234	
18.00928	1538.13827	1538.15867	1507.35066	1507.36234	
18.01945	1538.13827	1538.15867	1507.35066	1507.36234	
18.03028	1538.13827	1538.15867	1507.35066	1507.36234	
18.04039	1538.13827	1538.15867	1507.35066	1507.36234	
18.05057	1538.13827	1538.15867	1507.35066	1507.36234	
18.06859	1538.13827	1538.15867	1507.35066	1507.36234	
18.07315	1538.13827	1538.15867	1507.35066	1507.36234	
18.08352	1538.13827	1538.15867	1507.35066	1507.36234	
18.09346	1538.13827	1538.15867	1507.35066	1507.36234	
18.10359	1538.13827	1538.15867	1507.35066	1507.36234	
18.1138	1538.13827	1538.15867	1507.35066	1507.36234	
18.12394	1538.13827	1538.15867	1507.35066	1507.36234	
18.13405	1538.13827	1538.15867	1507.35066	1507.36234	
18.1442	1538.13827	1538.15867	1507.35066	1507.36234	
18.15436	1538.13827	1538.15867	1507.35066	1507.36234	
18.16455	1538.13827	1538.15867	1507.35066	1507.36234	
18.17468	1538.13827	1538.15867	1507.35066	1507.36234	
18.18485	1538.13827	1538.15867	1507.35066	1507.36234	
18.19503	1538.13827	1538.15867	1507.35066	1507.36234	
18.20516	1538.13827	1538.15867	1507.35066	1507.36234	
18.21531	1538.13827	1538.15867	1507.35066	1507.36234	
18.22545	1538.13827	1538.15867	1507.35066	1507.36234	
18.23563	1538.13827	1538.15867	1507.35066	1507.36234	
18.24579	1538.13827	1538.15867	1507.35066	1507.36234	
18.25593	1538.13827	1538.15867	1507.35066	1507.36234	
18.26609	1538.13827	1538.15867	1507.35066	1507.36234	
18.27625	1538.13827	1538.15867	1507.35066	1507.36234	
18.2864	1538.13827	1538.15867	1507.35066	1507.36234	
18.29657	1538.13827	1538.15867	1507.35066	1507.36234	
18.30672	1538.13827	1538.15867	1507.35066	1507.36234	
18.31696	1538.13827	1538.15867	1507.35066	1507.36234	
18.32707	1538.13827	1538.15867	1507.35066	1507.36234	
18.3372	1538.13827	1538.15867	1507.35066	1507.36234	
18.34745	1538.13827	1538.15867	1507.35066	1507.36234	
18.35751	1538.13827	1538.15867	1507.35066	1507.36234	
18.36766	1538.13827	1538.15867	1507.35066	1507.36234	
18.37785	1538.13827	1538.15867	1507.35066	1507.36234	
18.38798	1538.13827	1538.15867	1507.35066	1507.36234	
18.39832	1538.13827	1538.15867	1507.35066	1507.36234	
18.40829	1538.13827	1538.15867	1507.35066	1507.36234	
18.41845	1538.13827	1538.15867	1507.35066	1507.36234	
18.4286	1538.13827	1538.15867	1507.35066	1507.36234	
18.43876	1538.13827	1538.15867	1507.35066	1507.36234	
18.44892	1538.13827	1538.15867	1507.35066	1507.36234	
18.45907	1538.13827	1538.15867	1507.35066	1507.36234	
18.46922	1538.13827	1538.15867	1507.35066	1507.36234	
18.47936	1538.13827	1538.15867	1507.35066	1507.36234	
18.48952	1538.13827	1538.15867	1507.35066	1507.36234	
18.49971	1538.13827	1538.15867	1507.35066	1507.36234	
18.50985	1538.13827	1538.15867	1507.35066	1507.36234	
18.51998	1538.13827	1538.15867	1507.35066	1507.36234	
18.53024	1538.13827	1538.15867	1507.35066	1507.36234	
18.54053	1538.13827	1538.15867	1507.35066	1507.36234	
18.55049	1538.13827	1538.15867	1507.35066	1507.36234	
18.56063	1538.13827	1538.15867	1507.35066	1507.36234	
18.57078	1538.13827	1538.15867	1507.35066	1507.36234	
18.5832	1538.13827	1538.15867	1507.35066	1507.36234	
18.59106	1538.13827	1538.15867	1507.35066	1507.36234	
18.60123	1538.13827	1538.15867	1507.35066	1507.36234	
18.61143	1538.13827	1538.15867	1507.35066	1507.36234	
18.62151	1538.13827	1538.15867	1507.35066	1507.36234	
18.63168	1538.13827	1538.15867	1507.35066	1507.36234	
18.64186	1538.13827	1538.15867	1507.35066	1507.36234	
18.65198	1538.13827	1538.15867	1507.35066	1507.36234	
18.66211	1538.13827	1538.15867	1507.35066	1507.36234	
18.67232	1538.13827	1538.15867	1507.35066	1507.36234	
18.68247	1538.13827	1538.15867	1507.35066	1507.36234	
18.69257	1538.13827	1538.14994	1507.35066	1507.36234	
18.70273	1538.13827	1538.14994	1507.35066	1507.36234	
18.71289	1538.13827	1538.14994	1507.35066	1507.36234	
18.72299	1538.13827	1538.14994	1507.35066	1507.36234	
18.73311	1538.13827	1538.14994	1507.35066	1507.36234	
18.7433	1538.13827	1538.14994	1507.35066	1507.36234	
18.75343	1538.13827	1538.14994	1507.35066	1507.36234	
18.76362	1538.13827	1538.14994	1507.35066	1507.36234	
18.77373	1538.13827	1538.14994	1507.35066	1507.36234	
18.78391	1538.13827	1538.14994	1507.35066	1507.36234	
18.79405	1538.13827	1538.14994	1507.35066	1507.36234	
18.80422	1538.13827	1538.14994	1507.35066	1507.36234	
18.81437	1538.13827	1538.14994	1507.35066	1507.36234	
18.82452	1538.13827	1538.14994	1507.35066	1507.36234	
18.83464	1538.13827	1538.14994	1507.35066	1507.36234	
18.8527	1538.13827	1538.14994	1507.35066	1507.36234	
18.85727	1538.13827	1538.14994	1507.35066	1507.36234	
18.86752	1538.13827	1538.14994	1507.35066	1507.36234	
18.87755	1538.13827	1538.14994	1507.35066	1507.36234	
18.88772	1538.13827	1538.14994	1507.35066	1507.36234	
18.89793	1538.13827	1538.14994	1507.35066	1507.36234	
18.90804	1538.13827	1538.14994	1507.35066	1507.36234	
18.91821	1538.13827	1538.14994	1507.35066	1507.36234	
18.92835	1538.13827	1538.14994	1507.35066	1507.36234	
18.93851	1538.13827	1538.14994	1507.35066	1507.36234	
18.94867	1538.13827	1538.14994	1507.35066	1507.36234	
18.95881	1538.13827	1538.14994	1507.35066	1507.36234	
18.96899	1538.13827	1538.14994	1507.35066	1507.36234	
18.97915	1538.13827	1538.14994	1507.35066	1507.36234	
18.98929	1538.13827	1538.14994	1507.35066	1507.36234	
18.99945	1538.13827	1538.14994	1507.35066	1507.36234	
19.00965	1538.13827	1538.14994	1507.35066	1507.36234	
19.01984	1538.13827	1538.14994	1507.35066	1507.36234	
19.02999	1538.13827	1538.14994	1507.35066	1507.36234	
19.04011	1538.13827	1538.14994	1507.35066	1507.36234	
19.05031	1538.13827	1538.14994	1507.35066	1507.36234	
19.06048	1538.13827	1538.14994	1507.35066	1507.36234	
19.07057	1538.13827	1538.14994	1507.35066	1507.36234	
19.08071	1538.13827	1538.14994	1507.35066	1507.36234	
19.09083	1538.13827	1538.14994	1507.35066	1507.36234	
19.10106	1538.13827	1538.14994	1507.35066	1507.36234	
19.11117	1538.13827	1538.14994	1507.35066	1507.36234	
19.12132	1538.13827	1538.14994	1507.35066	1507.36234	
19.13154	1538.13827	1538.14994	1507.35066	1507.36234	
19.15299	1538.13827	1538.14994	1507.35066	1507.36234	
19.15778	1538.13827	1538.14994	1507.35066	1507.36234	
19.16828	1538.13827	1538.14994	1507.35066	1507.36234	
