3.624208	
3.63427	
3.644371	
3.65452	
3.665091	
3.674846	
3.684989	
3.695123	
3.705243	
3.715426	
3.725531	
3.735681	
3.745901	
3.755996	
3.766231	
3.776282	
3.786412	
3.796722	
3.80671	
3.816841	
3.826994	
3.837139	
3.847338	
3.857467	
3.867627	
3.87784	
3.887934	
3.898081	
3.90824	
3.918415	
3.92855	
3.9387	
3.948854	
3.959027	
3.969155	
3.979343	
3.989473	
3.99964	
4.009784	
4.019949	
4.03014	
4.040236	
4.05039	
4.060598	
4.070707	
4.080878	
4.091044	
4.101189	
4.111387	
4.121484	
4.131635	
4.141833	
4.151944	
4.162095	
4.172194	
4.192734	
4.197137	
4.207317	
4.217861	
4.227538	
4.237741	
4.24786	
4.258002	
4.268143	
4.278368	
4.288497	
4.298628	
4.308785	
4.318947	
4.329059	
4.339226	
4.351508	
4.359579	
4.369687	
4.379802	
4.390092	
4.400149	
4.410284	
4.420445	
4.4306	
4.440751	
4.450892	
4.46105	
4.471214	
4.481305	
4.491537	
4.501681	
4.511816	
4.521907	
4.532096	
4.542306	
4.552401	
4.562556	
4.572825	
4.582903	
4.593038	
4.603165	
4.61351	
4.623622	
4.633729	
4.6438	
4.654082	
4.664088	
4.674267	
4.685041	
4.695107	
4.705365	
4.715338	
4.725524	
4.735708	
4.745976	
4.756094	
4.766259	
4.776701	
4.786516	
4.796834	
4.806825	
4.816971	
4.827126	
4.837291	
4.847993	1338.11006	1338.10903	1307.39227	1307.39124	
4.857928	1338.11159	1338.10903	1307.39379	1307.39124	
4.868049	1338.11376	1338.11776	1307.39597	1307.39124	
4.878219	1338.11657	1338.11776	1307.39878	1307.39124	
4.888366	1338.11999	1338.11776	1307.40219	1307.39124	
4.89855	1338.12404	1338.11776	1307.40625	1307.39124	
4.908731	1338.12872	1338.11776	1307.41092	1307.39124	
4.9189	1338.13401	1338.12648	1307.41622	1307.39124	
4.928992	1338.13986	1338.12648	1307.42207	1307.39124	
4.939174	1338.1464	1338.12648	1307.42861	1307.39124	
4.949735	1338.15387	1338.12648	1307.43607	1307.39124	
4.959696	1338.16147	1338.13521	1307.44368	1307.39124	
4.969813	1338.16982	1338.14394	1307.45203	1307.39996	
4.979926	1338.17879	1338.14394	1307.46099	1307.39996	
4.990157	1338.18849	1338.15266	1307.47069	1307.40869	
5.000271	1338.19868	1338.16139	1307.48089	1307.41742	
5.010401	1338.20951	1338.16139	1307.49172	1307.42614	
5.020626	1338.22107	1338.17012	1307.50328	1307.43487	
5.030732	1338.23311	1338.17884	1307.51531	1307.45232	
5.040845	1338.24577	1338.18757	1307.52797	1307.46105	
5.052149	1338.26073	1338.20502	1307.54294	1307.48723	
5.062336	1338.27479	1338.21375	1307.557	1307.50468	
5.072415	1338.28931	1338.2312	1307.57152	1307.53086	
5.082575	1338.30457	1338.24866	1307.58678	1307.54832	
5.092726	1338.32044	1338.26611	1307.60265	1307.56577	
5.102898	1338.33697	1338.29229	1307.61917	1307.59195	
5.11333	1338.35457	1338.31847	1307.63678	1307.61813	
5.123388	1338.37214	1338.34465	1307.65434	1307.63558	
5.133359	1338.39015	1338.37083	1307.67235	1307.66176	
5.143683	1338.40961	1338.38828	1307.69181	1307.67922	
5.15509	1338.4316	1338.42319	1307.71381	1307.7054	
5.16499	1338.45134	1338.44937	1307.73355	1307.72285	
5.175081	1338.4721	1338.47555	1307.7543	1307.7403	
5.185213	1338.49356	1338.493	1307.77577	1307.75776	
5.195365	1338.51569	1338.51046	1307.79789	1307.77521	
5.205538	1338.53847	1338.52791	1307.82067	1307.79266	
5.215706	1338.56186	1338.54536	1307.84407	1307.81012	
5.23366	1338.60553	1338.56282	1307.88774	1307.82757	
5.238425	1338.61708	1338.589	1307.89928	1307.84502	
5.248373	1338.6419	1338.60645	1307.9241	1307.8712	
5.25865	1338.66821	1338.6239	1307.95042	1307.88865	
5.26878	1338.69473	1338.65008	1307.97693	1307.91483	
5.278891	1338.72182	1338.66754	1308.00403	1307.94974	
5.289025	1338.7496	1338.69372	1308.0318	1307.97592	
5.29923	1338.7782	1338.7199	1308.06041	1308.01083	
5.309377	1338.80725	1338.74608	1308.08946	1308.04573	
5.319741	1338.83757	1338.78098	1308.11977	1308.08064	
5.329861	1338.8678	1338.81589	1308.15	1308.11555	
5.339988	1338.89864	1338.85952	1308.18084	1308.15918	
5.352169	1338.93674	1338.89443	1308.21895	1308.19409	
5.360576	1338.96335	1338.93806	1308.24556	1308.22899	
5.370429	1338.99513	1338.9817	1308.27734	1308.2639	
5.380609	1339.02863	1339.02533	1308.31084	1308.29881	
5.390775	1339.0627	1339.06896	1308.3449	1308.34244	
5.400869	1339.09714	1339.10387	1308.37934	1308.37735	
5.411077	1339.13261	1339.1475	1308.41481	1308.41225	
5.421223	1339.16845	1339.18241	1308.45066	1308.44716	
5.431397	1339.20502	1339.22604	1308.48723	1308.48207	
5.441566	1339.24222	1339.26095	1308.52442	1308.51697	
5.451677	1339.27979	1339.29585	1308.562	1308.54315	
5.46278	1339.32186	1339.33076	1308.60407	1308.58679	
5.472901	1339.36074	1339.36567	1308.64294	1308.61297	
5.483002	1339.40017	1339.39185	1308.68237	1308.64787	
5.49313	1339.44033	1339.42675	1308.72253	1308.68278	
5.50352	1339.48317	1339.45293	1308.76538	1308.72641	
5.513497	1339.52297	1339.48784	1308.80518	1308.76132	
5.523597	1339.56501	1339.52275	1308.84722	1308.80495	
5.533807	1339.60784	1339.55765	1308.89004	1308.84859	
5.54398	1339.6513	1339.59256	1308.9335	1308.89222	
5.554047	1339.6949	1339.64492	1308.97711	1308.92713	
5.565708	1339.7463	1339.69728	1309.02851	1308.97949	
5.575598	1339.79038	1339.74091	1309.07258	1309.03185	
5.585681	1339.83594	1339.79327	1309.11814	1309.07548	
5.595886	1339.88271	1339.84563	1309.16491	1309.12784	
5.606542	1339.93225	1339.89799	1309.21445	1309.1802	
5.616171	1339.97751	1339.95908	1309.25972	1309.23256	
5.626615	1340.02734	1340.01144	1309.30954	1309.27619	
5.636393	1340.07447	1340.0638	1309.35668	1309.33728	
5.65492	1340.16641	1340.15979	1309.44861	1309.43327	
5.659544	1340.18926	1340.18597	1309.47146	1309.45072	
5.669902	1340.24135	1340.23833	1309.52356	1309.51181	
5.680007	1340.29273	1340.29069	1309.57494	1309.56417	
5.690153	1340.34494	1340.34305	1309.62715	1309.62526	
5.700283	1340.39771	1340.38669	1309.67992	1309.66889	
5.710502	1340.45158	1340.43032	1309.73378	1309.72998	
5.720605	1340.50543	1340.48268	1309.78763	1309.77361	
5.730732	1340.56003	1340.52631	1309.84223	1309.8347	
5.740951	1340.61575	1340.56995	1309.89795	1309.87833	
5.751235	1340.67247	1340.62231	1309.95467	1309.93069	
5.761214	1340.72806	1340.67466	1310.01027	1309.98305	
5.771586	1340.78658	1340.72702	1310.06878	1310.03541	
5.781664	1340.84395	1340.77938	1310.12615	1310.07904	
5.791844	1340.90256	1340.83174	1310.18476	1310.14013	
5.801994	1340.96164	1340.90156	1310.24384	1310.18376	
5.8121	1341.02103	1340.95392	1310.30324	1310.24485	
5.822326	1341.08179	1341.02373	1310.36399	1310.30594	
5.832428	1341.1424	1341.09354	1310.4246	1310.3583	
5.842578	1341.20393	1341.15463	1310.48613	1310.42811	
5.853009	1341.26786	1341.22444	1310.55006	1310.4892	
5.862857	1341.32873	1341.28553	1310.61094	1310.55901	
5.873714	1341.39663	1341.36407	1310.67883	1310.63755	
5.883575	1341.45879	1341.43388	1310.741	1310.70736	
5.893699	1341.52328	1341.5037	1310.80548	1310.77717	
5.903858	1341.58858	1341.56478	1310.87079	1310.85571	
5.913959	1341.65418	1341.6346	1310.93638	1310.92553	
5.924155	1341.72095	1341.70441	1311.00316	1311.00407	
5.934337	1341.78828	1341.77422	1311.07049	1311.07388	
5.944494	1341.85607	1341.83531	1311.13827	1311.14369	
5.95459	1341.92404	1341.90512	1311.20625	1311.21351	
5.96507	1341.99532	1341.96621	1311.27753	1311.28332	
5.976591	1342.0745	1342.03602	1311.3567	1311.36186	
5.986243	1342.14128	1342.10583	1311.42348	1311.42295	
5.996352	1342.21189	1342.16692	1311.4941	1311.49276	
6.006493	1342.28333	1342.22801	1311.56553	1311.55385	
6.016705	1342.35591	1342.29782	1311.63812	1311.61493	
6.026775	1342.42809	1342.36763	1311.71029	1311.68475	
6.036978	1342.50183	1342.43745	1311.78403	1311.74583	
6.047081	1342.57548	1342.50726	1311.85768	1311.81565	
6.057236	1342.65011	1342.57707	1311.93231	1311.88546	
6.078679	1342.81127	1342.7167	1312.09348	1312.00763	
6.083337	1342.84609	1342.76906	1312.1283	1312.06872	
6.093446	1342.92259	1342.85633	1312.2048	1312.13853	
6.103655	1343.0005	1342.93487	1312.2827	1312.21707	
6.113795	1343.0785	1343.01341	1312.3607	1312.30434	
6.123868	1343.1565	1343.10067	1312.4387	1312.38288	
6.134087	1343.23634	1343.18794	1312.51855	1312.47014	
6.144155	1343.3156	1343.27521	1312.5978	1312.55741	
6.154307	1343.39611	1343.36247	1312.67832	1312.64468	
6.16506	1343.48219	1343.44974	1312.76439	1312.73194	
6.18058	1343.60802	1343.537	1312.89022	1312.82794	
6.193781	1343.71598	1343.62427	1312.99819	1312.9152	
6.198459	1343.75417	1343.72899	1313.03638	1313.03738	
6.208527	1343.83732	1343.81626	1313.11952	1313.12464	
6.218713	1343.92205	1343.91225	1313.20425	1313.22064	
6.228872	1344.00717	1343.99952	1313.28938	1313.31663	
6.239204	1344.09442	1344.08678	1313.37663	1313.39517	
6.249184	1344.17927	1344.17405	1313.46147	1313.48244	
6.259287	1344.26574	1344.25259	1313.54795	1313.5697	
6.269512	1344.35398	1344.33986	1313.63618	1313.64824	
6.289863	1344.53259	1344.51439	1313.81479	1313.80532	
6.294856	1344.57632	1344.5493	1313.85853	1313.84023	
6.304613	1344.66247	1344.62784	1313.94468	1313.91877	
6.31475	1344.75265	1344.70638	1314.03485	1313.98858	
6.324911	1344.84364	1344.79364	1314.12584	1314.06712	
6.33522	1344.93663	1344.88091	1314.21883	1314.15439	
6.345142	1345.02667	1344.96817	1314.30887	1314.23293	
6.365267	1345.21245	1345.14271	1314.49466	1314.40746	
6.369794	1345.25407	1345.17761	1314.53628	1314.45109	
6.379969	1345.34858	1345.26488	1314.63079	1314.54709	
6.393184	1345.47255	1345.39578	1314.75476	1314.67799	
6.403257	1345.56791	1345.49177	1314.85011	1314.77398	
6.413433	1345.66399	1345.59649	1314.94619	1314.8787	
6.423601	1345.76104	1345.70121	1315.04325	1314.98342	
6.43373	1345.85916	1345.80593	1315.14137	1315.09686	
6.443874	1345.95646	1345.91065	1315.23866	1315.21031	
6.454001	1346.055	1346.01537	1315.3372	1315.31503	
6.464162	1346.1545	1346.12882	1315.43671	1315.41975	
6.474296	1346.25435	1346.24227	1315.53655	1315.5332	
6.484954	1346.3601	1346.34698	1315.64231	1315.63792	
6.496239	1346.47284	1346.46916	1315.75505	1315.76009	
6.505999	1346.57077	1346.57388	1315.85297	1315.86481	
6.516285	1346.67474	1346.6786	1315.95694	1315.9608	
6.526338	1346.77694	1346.77459	1316.05914	1316.06552	
6.536602	1346.88188	1346.87058	1316.16409	1316.16152	
6.546498	1346.98361	1346.9753	1316.26582	1316.25751	
6.556659	1347.08876	1347.06257	1316.37096	1316.3535	
6.566809	1347.1944	1347.15856	1316.47661	1316.44949	
6.576905	1347.30007	1347.25456	1316.58227	1316.53676	
6.587136	1347.40785	1347.34182	1316.69005	1316.64148	
6.598812	1347.5317	1347.45527	1316.8139	1316.7462	
6.608697	1347.637	1347.55126	1316.9192	1316.85092	
6.618809	1347.74535	1347.65598	1317.02755	1316.95564	
6.628958	1347.85481	1347.7607	1317.13702	1317.06036	
6.63909	1347.96467	1347.86542	1317.24687	1317.16508	
6.649275	1348.07568	1347.97887	1317.35788	1317.2698	
6.659422	1348.1869	1348.09231	1317.4691	1317.38325	
6.669608	1348.29922	1348.20576	1317.58142	1317.50542	
6.679801	1348.4122	1348.32793	1317.69441	1317.61887	
6.690092	1348.52699	1348.44138	1317.80919	1317.74104	
6.701514	1348.65515	1348.58101	1317.93736	1317.88066	
6.711338	1348.76581	1348.70318	1318.04802	1318.00284	
6.721487	1348.88088	1348.82535	1318.16309	1318.12501	
6.73161	1348.99666	1348.95625	1318.27886	1318.24718	
6.741767	1349.11264	1349.08715	1318.39485	1318.37808	
6.751966	1349.23012	1349.20932	1318.51232	1318.50026	
6.762098	1349.34743	1349.3315	1318.62963	1318.63116	
6.772246	1349.46556	1349.45367	1318.74777	1318.7446	
6.782463	1349.58511	1349.56712	1318.86731	1318.86678	
6.792525	1349.70348	1349.68056	1318.98568	1318.98022	
6.804125	1349.84087	1349.82019	1319.12307	1319.11985	
6.813977	1349.95792	1349.92491	1319.24013	1319.2333	
6.824141	1350.07934	1350.04708	1319.36154	1319.34674	
6.834273	1350.20107	1350.1518	1319.48328	1319.46019	
6.844352	1350.32208	1350.27398	1319.60428	1319.57363	
6.854604	1350.44504	1350.38742	1319.72725	1319.68708	
6.864701	1350.5662	1350.50087	1319.8484	1319.80053	
6.874845	1350.68795	1350.62304	1319.97015	1319.91397	
6.884993	1350.80972	1350.74521	1320.09193	1320.03615	
6.895184	1350.93204	1350.86739	1320.21424	1320.14959	
6.906843	1351.07198	1351.00701	1320.35419	1320.28922	
6.916643	1351.18952	1351.12919	1320.47173	1320.41139	
6.926801	1351.3114	1351.25136	1320.5936	1320.53357	
6.936903	1351.43262	1351.38226	1320.71482	1320.65574	
6.947108	1351.55513	1351.51316	1320.83733	1320.78664	
6.957231	1351.67657	1351.63533	1320.95877	1320.91754	
6.967444	1351.79911	1351.76623	1321.08132	1321.03971	
6.977485	1351.91958	1351.89713	1321.20178	1321.17934	
6.987636	1352.04184	1352.02803	1321.32404	1321.30151	
6.99795	1352.1652	1352.1502	1321.4474	1321.43241	
7.009581	1352.30483	1352.29856	1321.58703	1321.58076	
7.019448	1352.42312	1352.42073	1321.70533	1321.70294	
7.029619	1352.5452	1352.5429	1321.8274	1321.82511	
7.039867	1352.66818	1352.6738	1321.95038	1321.94728	
7.049881	1352.78838	1352.79598	1322.07058	1322.07818	
7.060082	1352.91078	1352.90942	1322.19298	1322.19163	
7.070318	1353.0336	1353.0316	1322.3158	1322.3138	
7.080391	1353.15448	1353.14504	1322.43668	1322.43597	
7.090502	1353.27581	1353.25849	1322.55801	1322.54069	
7.100655	1353.39767	1353.37194	1322.67987	1322.65414	
7.112062	1353.53462	1353.49411	1322.81683	1322.78504	
7.122191	1353.65608	1353.60755	1322.93828	1322.89849	
7.132313	1353.77754	1353.71227	1323.05974	1323.02066	
7.142511	1353.8999	1353.82572	1323.18211	1323.13411	
7.152616	1354.02116	1353.93917	1323.30337	1323.24755	
7.162795	1354.14337	1354.06134	1323.42558	1323.36973	
7.172958	1354.26528	1354.18351	1323.54748	1323.48317	
7.183148	1354.38757	1354.30569	1323.66978	1323.61407	
7.193333	1354.50977	1354.42786	1323.79197	1323.73624	
7.203652	1354.63492	1354.55003	1323.91712	1323.85842	
7.22315	1354.86772	1354.68966	1324.14992	1323.99804	
7.227804	1354.92383	1354.86419	1324.20603	1324.16385	
7.237981	1355.04554	1354.99509	1324.32775	1324.29475	
7.248103	1355.16702	1355.12599	1324.44922	1324.42565	
7.258295	1355.28932	1355.26562	1324.57153	1324.56528	
7.26846	1355.41133	1355.38779	1324.69353	1324.69618	
7.278673	1355.5339	1355.52742	1324.8161	1324.82708	
7.288754	1355.65482	1355.64959	1324.93702	1324.94925	
7.298886	1355.7764	1355.78049	1325.05861	1325.08015	
7.309099	1355.89897	1355.90266	1325.18118	1325.19359	
7.31932	1356.02167	1356.02484	1325.30388	1325.32449	
7.329407	1356.14268	1356.13828	1325.42488	1325.43794	
7.339597	1356.26492	1356.26046	1325.54713	1325.55139	
7.349707	1356.38623	1356.3739	1325.66844	1325.66483	
7.360007	1356.50988	1356.48735	1325.79208	1325.77828	
7.370106	1356.63106	1356.60079	1325.91326	1325.89173	
7.38023	1356.75254	1356.71424	1326.03475	1325.99645	
7.390441	1356.8751	1356.82769	1326.1573	1326.10989	
7.400533	1356.99616	1356.94113	1326.27836	1326.22334	
7.410706	1357.11826	1357.05458	1326.40046	1326.33679	
7.421269	1357.24508	1357.16803	1326.52729	1326.45023	
7.431342	1357.36592	1357.2902	1326.64813	1326.5724	
7.441468	1357.48739	1357.41237	1326.76959	1326.69458	
7.451641	1357.60946	1357.53455	1326.89167	1326.81675	
7.461761	1357.73089	1357.65672	1327.0131	1326.93892	
7.471999	1357.85378	1357.78762	1327.13599	1327.07855	
7.482056	1357.97447	1357.91852	1327.25667	1327.20072	
7.492247	1358.09675	1358.04069	1327.37895	1327.3229	
7.502489	1358.21963	1358.18032	1327.50183	1327.46252	
7.512525	1358.34007	1358.31122	1327.62228	1327.59342	
7.523009	1358.46595	1358.44212	1327.74816	1327.72432	
7.532932	1358.58498	1358.58174	1327.86718	1327.85522	
7.543034	1358.70618	1358.70392	1327.98838	1327.98612	
7.553171	1358.82781	1358.84354	1328.11002	1328.10829	
7.563466	1358.95474	1358.96572	1328.23694	1328.23047	
7.573496	1359.07174	1359.09662	1328.35394	1328.36137	
7.583639	1359.19345	1359.21879	1328.47566	1328.48354	
7.593789	1359.31524	1359.33223	1328.59744	1328.60571	
7.603921	1359.43684	1359.45441	1328.71904	1328.71916	
7.614054	1359.55849	1359.55913	1328.8407	1328.84133	
7.625303	1359.69344	1359.6813	1328.97565	1328.96351	
7.635491	1359.8157	1359.78602	1329.0979	1329.08568	
7.645633	1359.9374	1359.89947	1329.21961	1329.19913	
7.663778	1360.15517	1360.00419	1329.43737	1329.31257	
7.668376	1360.21028	1360.13509	1329.49249	1329.44347	
7.678571	1360.33262	1360.25726	1329.61483	1329.55692	
7.688692	1360.45406	1360.37943	1329.73627	1329.67909	
7.698857	1360.57609	1360.50161	1329.8583	1329.80126	
7.709007	1360.69788	1360.62378	1329.98008	1329.92344	
7.719164	1360.81976	1360.74595	1330.10197	1330.04561	
7.737461	1361.03942	1360.97284	1330.32163	1330.2725	
7.742304	1361.09746	1361.0252	1330.37966	1330.32486	
7.752246	1361.21677	1361.16483	1330.49898	1330.45576	
7.762327	1361.3377	1361.287	1330.6199	1330.57794	
7.772519	1361.46002	1361.4179	1330.74223	1330.70883	
7.782728	1361.58254	1361.5488	1330.86475	1330.83973	
7.793049	1361.70642	1361.67098	1330.98862	1330.96191	
7.803013	1361.82596	1361.80188	1331.10817	1331.09281	
7.813149	1361.9476	1361.93278	1331.2298	1331.21498	
7.823339	1362.06988	1362.05495	1331.35208	1331.33715	
7.841636	1362.28949	1362.28184	1331.57169	1331.56405	
7.846294	1362.34534	1362.3342	1331.62754	1331.61641	
7.856398	1362.46656	1362.45637	1331.74876	1331.74731	
7.866478	1362.58754	1362.57855	1331.86975	1331.86075	
7.876698	1362.71021	1362.69199	1331.99241	1331.98293	
7.886828	1362.83172	1362.80544	1332.11392	1332.1051	
7.896953	1362.95324	1362.92761	1332.23545	1332.21854	
7.907128	1363.07534	1363.04106	1332.35755	1332.33199	
7.917278	1363.19713	1363.15451	1332.47934	1332.45416	
7.936579	1363.42883	1363.3814	1332.71103	1332.6636	
7.941231	1363.48466	1363.43376	1332.76687	1332.71596	
7.951369	1363.60625	1363.55593	1332.88845	1332.83814	
7.961506	1363.72788	1363.6781	1333.01008	1332.95158	
7.971605	1363.84904	1363.80028	1333.13125	1333.07376	
7.981754	1363.97087	1363.92245	1333.25307	1333.19593	
7.992018	1364.09402	1364.04462	1333.37623	1333.3181	
8.002129	1364.21534	1364.1668	1333.49755	1333.44028	
8.01227	1364.33705	1364.28897	1333.61925	1333.56245	
8.022481	1364.45953	1364.41987	1333.74174	1333.69335	
8.034798	1364.60744	1364.55077	1333.88965	1333.81552	
8.042761	1364.70292	1364.67294	1333.98512	1333.94642	
8.052961	1364.82534	1364.80384	1334.10754	1334.07732	
8.063052	1364.94641	1364.93474	1334.22861	1334.19949	
8.073163	1365.06774	1365.06564	1334.34994	1334.33039	
8.083368	1365.19019	1365.19654	1334.47239	1334.45257	
8.093557	1365.31246	1365.32744	1334.59466	1334.58347	
8.103708	1365.43427	1365.44961	1334.71647	1334.71437	
8.113838	1365.55584	1365.57179	1334.83804	1334.83654	
8.123972	1365.67751	1365.68523	1334.95971	1334.95871	
8.136064	1365.82507	1365.80741	1335.10728	1335.07216	
8.144321	1365.92162	1365.92085	1335.20383	1335.19433	
8.154518	1366.04402	1366.0343	1335.32623	1335.3165	
8.164604	1366.16413	1366.13902	1335.44634	1335.42995	
8.178258	1366.32928	1366.26119	1335.61148	1335.55212	
8.186028	1366.41709	1366.38336	1335.69929	1335.6743	
8.196208	1366.53637	1366.49681	1335.81858	1335.78774	
8.206345	1366.65456	1366.61026	1335.93677	1335.90992	
8.216403	1366.77127	1366.73243	1336.05347	1336.02336	
8.226633	1366.88934	1366.83715	1336.17154	1336.14554	
8.238814	1367.02902	1366.95932	1336.31122	1336.25898	
8.246968	1367.12211	1367.0815	1336.40432	1336.37243	
8.257092	1367.23707	1367.19494	1336.51927	1336.4946	
8.267193	1367.35115	1367.31712	1336.63335	1336.60805	
8.285221	1367.55251	1367.53528	1336.83472	1336.81749	
8.289811	1367.60377	1367.58764	1336.88598	1336.86985	
8.300011	1367.71701	1367.70109	1336.99921	1336.99202	
8.310146	1367.82892	1367.81453	1337.11113	1337.10547	
8.320292	1367.94035	1367.93671	1337.22255	1337.22764	
8.330399	1368.0507	1368.05015	1337.33291	1337.33236	
8.343441	1368.1921	1368.1636	1337.47431	1337.44581	
8.350805	1368.27162	1368.26832	1337.55383	1337.55053	
8.370351	1368.4799	1368.47776	1337.76211	1337.75997	
8.374949	1368.52893	1368.53012	1337.81114	1337.8036	
8.385158	1368.63713	1368.63484	1337.91933	1337.90832	
8.395234	1368.74324	1368.73956	1338.02545	1338.01304	
8.40541	1368.84979	1368.84428	1338.13199	1338.10903	
8.415536	1368.95523	1368.94027	1338.23744	1338.21375	
8.425642	1369.05986	1369.03627	1338.34207	1338.31847	
8.445693	1369.26461	1369.14099	1338.54681	1338.42319	
8.45032	1369.3118	1369.28061	1338.594	1338.56282	
8.460471	1369.41476	1369.38533	1338.69697	1338.66754	
8.470707	1369.51799	1369.49005	1338.80019	1338.78098	
8.480771	1369.61886	1369.6035	1338.90106	1338.8857	
8.490977	1369.72057	1369.70822	1339.00278	1338.99042	
8.501163	1369.82144	1369.81294	1339.10364	1339.09514	
8.511296	1369.92118	1369.91766	1339.20338	1339.20859	
8.521388	1370.01991	1370.01365	1339.30211	1339.31331	
8.531523	1370.11845	1370.11837	1339.40065	1339.41803	
8.541719	1370.21697	1370.22309	1339.49917	1339.51402	
8.551991	1370.31563	1370.32781	1339.59784	1339.61001	
8.562068	1370.41174	1370.4238	1339.69394	1339.70601	
8.572248	1370.50824	1370.5198	1339.79044	1339.79327	
8.582464	1370.60448	1370.61579	1339.88669	1339.88927	
8.592505	1370.69844	1370.71178	1339.98065	1339.97653	
8.602718	1370.79343	1370.80777	1340.07563	1340.0638	
8.612873	1370.88726	1370.90377	1340.16947	1340.15107	
8.622996	1370.98013	1370.99103	1340.26234	1340.23833	
8.633153	1371.07274	1371.0783	1340.35495	1340.3256	
8.643245	1371.16822	1371.17429	1340.45042	1340.41287	
8.653764	1371.25885	1371.26156	1340.54105	1340.50886	
8.66367	1371.3473	1371.34883	1340.62951	1340.5874	
8.673844	1371.43768	1371.43609	1340.71988	1340.68339	
8.683963	1371.5271	1371.52336	1340.80931	1340.77066	
8.694056	1371.61523	1371.61063	1340.89744	1340.86665	
8.704252	1371.70386	1371.68917	1340.98607	1340.96264	
8.714444	1371.79187	1371.77643	1341.07407	1341.04991	
8.72452	1371.87826	1371.8637	1341.16047	1341.1459	
8.7347	1371.96493	1371.94224	1341.24713	1341.23317	
8.745113	1372.05298	1372.0295	1341.33518	1341.32044	
8.763401	1372.20515	1372.17786	1341.48736	1341.47752	
8.768108	1372.24434	1372.22149	1341.52654	1341.52115	
8.778224	1372.32789	1372.30003	1341.61009	1341.59969	
8.788339	1372.41077	1372.3873	1341.69298	1341.68696	
8.798591	1372.49419	1372.47456	1341.7764	1341.7655	
8.808659	1372.57544	1372.56183	1341.85765	1341.84404	
8.818861	1372.65722	1372.6491	1341.93942	1341.92258	
8.829053	1372.73826	1372.73636	1342.02047	1342.00112	
8.839118	1372.81774	1372.8149	1342.09994	1342.08838	
8.84931	1372.89758	1372.90217	1342.17978	1342.15819	
8.85972	1372.97853	1372.98071	1342.26073	1342.24546	
8.869671	1373.05525	1373.05925	1342.33745	1342.324	
8.879825	1373.13294	1373.13779	1342.41514	1342.40254	
8.889954	1373.20985	1373.2076	1342.49205	1342.47235	
8.900157	1373.28671	1373.28614	1342.56892	1342.55962	
8.910318	1373.36263	1373.35596	1342.64484	1342.62943	
8.920455	1373.43775	1373.43449	1342.71996	1342.70797	
8.930593	1373.5123	1373.50431	1342.79451	1342.78651	
8.940739	1373.58628	1373.57412	1342.86849	1342.85633	
8.950963	1373.66021	1373.64393	1342.94241	1342.93487	
8.961426	1373.73526	1373.71375	1343.01746	1343.02213	
8.971264	1373.80517	1373.78356	1343.08737	1343.09195	
8.981409	1373.87669	1373.85337	1343.15889	1343.16176	
8.991586	1373.94784	1373.92319	1343.23005	1343.2403	
9.001696	1374.0179	1373.993	1343.30011	1343.31011	
9.011935	1374.08824	1374.06281	1343.37044	1343.3712	
9.022046	1374.15711	1374.13263	1343.43932	1343.44101	
9.032227	1374.22582	1374.20244	1343.50802	1343.5021	
9.042384	1374.29376	1374.26353	1343.57597	1343.56318	
9.052485	1374.36073	1374.33334	1343.64293	1343.62427	
9.063185	1374.43103	1374.40315	1343.71324	1343.69408	
9.073018	1374.49501	1374.47297	1343.77721	1343.75517	
9.083164	1374.56042	1374.54278	1343.84263	1343.81626	
9.101323	1374.67516	1374.66495	1343.95736	1343.9297	
9.106389	1374.70721	1374.69113	1343.98942	1343.96461	
9.11609	1374.76787	1374.76095	1344.05008	1344.0257	
9.126221	1374.83062	1374.83076	1344.11283	1344.08678	
9.136364	1374.89285	1374.89184	1344.17505	1344.14787	
9.146456	1374.95413	1374.95293	1344.23634	1344.21768	
9.15668	1375.01564	1375.01402	1344.29784	1344.2875	
9.174969	1375.12324	1375.12746	1344.40544	1344.40094	
9.179571	1375.15033	1375.14492	1344.43254	1344.42712	
9.189763	1375.20965	1375.206	1344.49185	1344.48821	
9.1999	1375.26803	1375.26709	1344.55023	1344.5493	
9.21006	1375.32592	1375.31945	1344.60813	1344.61038	
9.220207	1375.38315	1375.37181	1344.66535	1344.67147	
9.2304	1375.44003	1375.42417	1344.72223	1344.73256	
9.240551	1375.49603	1375.47653	1344.77824	1344.78492	
9.250674	1375.55132	1375.52889	1344.83353	1344.83728	
9.261135	1375.60783	1375.58125	1344.89003	1344.88964	
9.27109	1375.66094	1375.64234	1344.94315	1344.94199	
9.281201	1375.71432	1375.6947	1344.99653	1344.98563	
9.291339	1375.76725	1375.75578	1345.04945	1345.03799	
9.301595	1375.82017	1375.80814	1345.10238	1345.09035	
9.311693	1375.87167	1375.8605	1345.15388	1345.13398	
9.321812	1375.92268	1375.91286	1345.20488	1345.17761	
9.331986	1375.97335	1375.96522	1345.25556	1345.22997	
9.342148	1376.02338	1376.01758	1345.30559	1345.27361	
9.352253	1376.0725	1376.06994	1345.3547	1345.32597	
9.380441	1376.20343	1376.20957	1345.48563	1345.46559	
9.385461	1376.22691	1376.22702	1345.50911	1345.49177	
9.395601	1376.27363	1376.27938	1345.55584	1345.54413	
9.40586	1376.32028	1376.32301	1345.60249	1345.59649	
9.416402	1376.36756	1376.36665	1345.64976	1345.64885	
9.426192	1376.41091	1376.41901	1345.69312	1345.70121	
9.436269	1376.45495	1376.46264	1345.73715	1345.74485	
9.446445	1376.49881	1376.50627	1345.78101	1345.78848	
9.456534	1376.54169	1376.55863	1345.8239	1345.83211	
9.466709	1376.58436	1376.59354	1345.86656	1345.87575	
9.476897	1376.62645	1376.6459	1345.90865	1345.91938	
9.487057	1376.66784	1376.68081	1345.95004	1345.96301	
9.497161	1376.70839	1376.72444	1345.99059	1345.99792	
9.515189	1376.77845	1376.80298	1346.06066	1346.05901	
9.519732	1376.79614	1376.82043	1346.07834	1346.06773	
9.529909	1376.83504	1376.85534	1346.11725	1346.10264	
9.540054	1376.87335	1376.89025	1346.15556	1346.13755	
9.550235	1376.91094	1376.92515	1346.19315	1346.17245	
9.560348	1376.94781	1376.96006	1346.23002	1346.20736	
9.572291	1376.9905	1376.99497	1346.2727	1346.24227	
9.580741	1377.02032	1377.02987	1346.30252	1346.27717	
9.590942	1377.05569	1377.06478	1346.33789	1346.32081	
9.601081	1377.09026	1377.09969	1346.37246	1346.35571	
9.611146	1377.12398	1377.13459	1346.40619	1346.39062	
9.621394	1377.1577	1377.1695	1346.43991	1346.42552	
9.63152	1377.19043	1377.20441	1346.47263	1346.46043	
9.641641	1377.22255	1377.23931	1346.50475	1346.49534	
9.651814	1377.25425	1377.26549	1346.53646	1346.53024	
9.66193	1377.28517	1377.3004	1346.56738	1346.56515	
9.672215	1377.316	1377.32658	1346.59821	1346.60006	
9.682374	1377.34585	1377.36149	1346.62805	1346.62624	
9.692504	1377.37502	1377.38767	1346.65722	1346.66114	
9.702745	1377.40391	1377.41385	1346.68611	1346.69605	
9.712814	1377.43173	1377.44875	1346.71394	1346.72223	
9.722957	1377.45917	1377.47493	1346.74138	1346.74841	
9.733374	1377.48671	1377.50111	1346.76892	1346.76586	
9.743651	1377.51329	1377.53602	1346.7955	1346.79204	
9.753669	1377.53862	1377.55347	1346.82082	1346.81822	
9.763808	1377.56366	1377.58838	1346.84587	1346.83568	
9.773914	1377.58805	1377.60583	1346.87026	1346.86186	
9.784255	1377.61238	1377.63201	1346.89459	1346.87931	
9.794307	1377.63546	1377.65819	1346.91766	1346.89676	
9.804508	1377.65829	1377.67565	1346.94049	1346.91422	
9.814697	1377.68049	1377.6931	1346.9627	1346.9404	
9.825105	1377.70256	1377.71055	1346.98477	1346.95785	
9.834957	1377.72291	1377.728	1347.00511	1346.9753	
9.845094	1377.74325	1377.74546	1347.02546	1347.00148	
9.855266	1377.76308	1377.76291	1347.04528	1347.01894	
9.865367	1377.7822	1377.78036	1347.0644	1347.04512	
9.875527	1377.80084	1377.78909	1347.08305	1347.06257	
9.893837	1377.83215	1377.81527	1347.11435	1347.1062	
9.898454	1377.84008	1377.81527	1347.12228	1347.11493	
9.908583	1377.85679	1377.83272	1347.13899	1347.13238	
9.918756	1377.87299	1377.85018	1347.1552	1347.14984	
9.936919	1377.89969	1377.86763	1347.18189	1347.17602	
9.941525	1377.90651	1377.87636	1347.18872	1347.18474	
9.951652	1377.9208	1377.89381	1347.203	1347.19347	
9.961802	1377.93455	1377.90254	1347.21676	1347.21092	
9.971908	1377.94769	1377.91999	1347.2299	1347.21965	
9.984293	1377.96311	1377.93744	1347.24532	1347.21965	
9.992313	1377.97245	1377.9549	1347.25465	1347.22838	
10.00245	1377.98395	1377.96362	1347.26615	1347.2371	
10.01261	1377.99491	1377.98108	1347.27711	1347.24583	
10.02276	1378.00531	1377.9898	1347.28752	1347.25456	
10.03294	1378.0152	1378.00726	1347.29741	1347.25456	
10.04305	1378.02447	1378.00726	1347.30668	1347.27201	
10.05324	1378.03327	1378.01598	1347.31548	1347.28074	
10.06337	1378.04149	1378.02471	1347.32369	1347.28946	
10.07364	1378.04935	1378.02471	1347.33156	1347.29819	
10.08565	1378.05758	1378.03344	1347.33978	1347.30692	
10.09389	1378.06301	1378.03344	1347.34522	1347.31564	
10.10405	1378.06915	1378.04216	1347.35135	1347.32437	
10.11415	1378.07475	1378.04216	1347.35695	1347.3331	
10.12427	1378.07986	1378.04216	1347.36206	1347.34182	
10.13478	1378.08463	1378.04216	1347.36683	1347.35055	
10.1446	1378.08865	1378.04216	1347.37086	1347.35055	
10.15473	1378.09233	1378.05089	1347.37454	1347.35928	
10.16485	1378.09555	1378.05962	1347.37776	1347.35928	
10.17642	1378.09869	1378.05962	1347.38089	1347.35928	
10.18518	1378.10071	1378.06834	1347.38291	1347.35928	
10.19538	1378.1027	1378.06834	1347.38491	1347.35928	
10.20556	1378.10433	1378.07707	1347.38653	1347.35928	
10.21566	1378.10903	1378.07707	1347.39124	1347.35928	
10.22584	1378.10903	1378.07707	1347.39124	1347.35928	
10.23641	1378.10903	1378.07707	1347.39124	1347.35928	
10.24621	1378.10903	1378.0858	1347.39124	1347.35928	
10.25631	1378.10903	1378.07707	1347.39124	1347.35928	
10.26642	1378.10903	1378.07707	1347.39124	1347.35928	
10.27653	1378.10903	1378.07707	1347.39124	1347.35928	
10.28678	1378.10903	1378.07707	1347.39124	1347.35928	
10.29693	1378.10903	1378.07707	1347.39124	1347.35928	
10.30705	1378.10903	1378.07707	1347.39124	1347.35928	
10.31723	1378.10903	1378.07707	1347.39124	1347.35928	
10.33524	1378.10903	1378.07707	1347.39124	1347.35928	
10.33981	1378.10903	1378.07707	1347.39124	1347.35928	
10.35002	1378.10903	1378.07707	1347.39124	1347.35928	
10.36047	1378.10903	1378.07707	1347.39124	1347.35928	
10.37036	1378.10903	1378.07707	1347.39124	1347.35928	
10.3805	1378.10903	1378.07707	1347.39124	1347.35928	
10.39071	1378.10903	1378.07707	1347.39124	1347.35928	
10.40086	1378.10903	1378.07707	1347.39124	1347.35928	
10.41095	1378.10903	1378.07707	1347.39124	1347.35928	
10.42122	1378.10903	1378.07707	1347.39124	1347.35928	
10.43134	1378.10903	1378.07707	1347.39124	1347.35928	
10.4415	1378.10903	1378.07707	1347.39124	1347.35928	
10.45168	1378.10903	1378.07707	1347.39124	1347.35928	
10.46183	1378.10903	1378.07707	1347.39124	1347.35928	
10.47198	1378.10903	1378.07707	1347.39124	1347.35928	
10.48209	1378.10903	1378.07707	1347.39124	1347.35928	
10.49228	1378.10903	1378.07707	1347.39124	1347.35928	
10.50266	1378.10903	1378.07707	1347.39124	1347.35928	
10.51278	1378.10903	1378.07707	1347.39124	1347.35928	
10.52288	1378.10903	1378.07707	1347.39124	1347.35928	
10.53305	1378.10903	1378.07707	1347.39124	1347.35928	
10.54318	1378.10903	1378.07707	1347.39124	1347.35928	
10.5534	1378.10903	1378.07707	1347.39124	1347.35928	
10.56352	1378.10903	1378.07707	1347.39124	1347.35928	
10.57367	1378.10903	1378.07707	1347.39124	1347.35928	
10.58381	1378.10903	1378.07707	1347.39124	1347.35928	
10.59391	1378.10903	1378.07707	1347.39124	1347.35928	
10.60419	1378.10903	1378.07707	1347.39124	1347.35928	
10.61435	1378.10903	1378.07707	1347.39124	1347.35928	
10.62448	1378.10903	1378.07707	1347.39124	1347.35928	
10.63495	1378.10903	1378.07707	1347.39124	1347.35928	
10.6453	1378.10903	1378.07707	1347.39124	1347.35928	
10.65524	1378.10903	1378.07707	1347.39124	1347.35928	
10.66539	1378.10903	1378.07707	1347.39124	1347.35928	
10.67553	1378.10903	1378.07707	1347.39124	1347.35928	
10.68566	1378.10903	1378.07707	1347.39124	1347.35928	
10.70448	1378.10903	1378.07707	1347.39124	1347.35928	
10.70909	1378.10903	1378.07707	1347.39124	1347.35928	
10.71925	1378.10903	1378.07707	1347.39124	1347.35928	
10.72934	1378.10903	1378.07707	1347.39124	1347.35928	
10.73948	1378.10903	1378.07707	1347.39124	1347.35928	
10.74971	1378.10903	1378.07707	1347.39124	1347.35928	
10.75985	1378.10903	1378.07707	1347.39124	1347.35928	
10.77002	1378.10903	1378.07707	1347.39124	1347.35928	
10.7802	1378.10903	1378.07707	1347.39124	1347.35928	
10.79029	1378.10903	1378.07707	1347.39124	1347.35928	
10.8006	1378.10903	1378.07707	1347.39124	1347.35928	
10.81072	1378.10903	1378.07707	1347.39124	1347.35928	
10.82086	1378.10903	1378.07707	1347.39124	1347.35928	
10.83111	1378.10903	1378.07707	1347.39124	1347.35928	
10.84113	1378.10903	1378.07707	1347.39124	1347.35928	
10.85132	1378.10903	1378.07707	1347.39124	1347.35928	
10.8615	1378.10903	1378.07707	1347.39124	1347.35928	
10.87165	1378.10903	1378.07707	1347.39124	1347.35928	
10.88178	1378.10903	1378.07707	1347.39124	1347.35928	
10.8919	1378.10903	1378.07707	1347.39124	1347.35928	
10.90208	1378.10903	1378.07707	1347.39124	1347.35928	
10.92046	1378.10903	1378.07707	1347.39124	1347.35928	
10.92506	1378.10903	1378.07707	1347.39124	1347.35928	
10.93522	1378.10903	1378.07707	1347.39124	1347.35928	
10.94533	1378.10903	1378.07707	1347.39124	1347.35928	
10.95553	1378.10903	1378.07707	1347.39124	1347.35928	
10.96567	1378.10903	1378.07707	1347.39124	1347.35928	
10.97589	1378.10903	1378.07707	1347.39124	1347.35928	
10.98601	1378.10903	1378.07707	1347.39124	1347.35928	
10.99618	1378.10903	1378.07707	1347.39124	1347.35928	
11.00669	1378.10903	1378.07707	1347.39124	1347.35928	
11.01651	1378.10903	1378.07707	1347.39124	1347.35928	
11.02665	1378.10903	1378.07707	1347.39124	1347.35928	
11.03677	1378.10903	1378.07707	1347.39124	1347.35928	
11.04695	1378.10903	1378.07707	1347.39124	1347.35928	
11.05709	1378.10903	1378.07707	1347.39124	1347.35928	
11.06728	1378.10903	1378.07707	1347.39124	1347.35928	
11.07747	1378.10903	1378.07707	1347.39124	1347.35928	
11.08754	1378.10903	1378.07707	1347.39124	1347.35928	
11.09765	1378.10903	1378.07707	1347.39124	1347.35928	
11.10792	1378.10903	1378.07707	1347.39124	1347.35928	
11.11815	1378.10903	1378.07707	1347.39124	1347.35928	
11.12837	1378.10903	1378.07707	1347.39124	1347.35928	
11.13847	1378.10903	1378.07707	1347.39124	1347.35928	
11.1486	1378.10903	1378.07707	1347.39124	1347.35928	
11.15886	1378.10903	1378.07707	1347.39124	1347.35928	
11.16894	1378.10903	1378.07707	1347.39124	1347.35928	
11.1791	1378.10903	1378.07707	1347.39124	1347.35928	
11.1893	1378.10903	1378.07707	1347.39124	1347.35928	
11.19941	1378.10903	1378.07707	1347.39124	1347.35928	
11.20957	1378.10903	1378.07707	1347.39124	1347.35928	
11.21992	1378.10903	1378.07707	1347.39124	1347.35928	
11.23	1378.10903	1378.07707	1347.39124	1347.35928	
11.24022	1378.10903	1378.07707	1347.39124	1347.35928	
11.25034	1378.10903	1378.07707	1347.39124	1347.35928	
11.26045	1378.10903	1378.07707	1347.39124	1347.35928	
11.27069	1378.10903	1378.07707	1347.39124	1347.35928	
11.28079	1378.10903	1378.07707	1347.39124	1347.35928	
11.29096	1378.10903	1378.07707	1347.39124	1347.35928	
11.30112	1378.10903	1378.07707	1347.39124	1347.35928	
11.31126	1378.10903	1378.07707	1347.39124	1347.35928	
11.32194	1378.10903	1378.07707	1347.39124	1347.35928	
11.33208	1378.10903	1378.07707	1347.39124	1347.35928	
11.34202	1378.10903	1378.0858	1347.39124	1347.35928	
11.35223	1378.10903	1378.0858	1347.39124	1347.35928	
11.36266	1378.10903	1378.0858	1347.39124	1347.35928	
11.37248	1378.10903	1378.0858	1347.39124	1347.35928	
11.38264	1378.10903	1378.0858	1347.39124	1347.35928	
11.39277	1378.10903	1378.09452	1347.39124	1347.35928	
11.4029	1378.10903	1378.09452	1347.39124	1347.368	
11.41304	1378.10903	1378.09452	1347.39124	1347.368	
11.42476	1378.10903	1378.10325	1347.39124	1347.37673	
11.43458	1378.10903	1378.11198	1347.39124	1347.37673	
11.44472	1378.10903	1378.11198	1347.39124	1347.38546	
11.45492	1378.10903	1378.11198	1347.39124	1347.38546	
11.46517	1378.10903	1378.11198	1347.39124	1347.38546	
11.47513	1378.10903	1378.11198	1347.39124	1347.38546	
11.48528	1378.10903	1378.11198	1347.39124	1347.38546	
11.49546	1378.10903	1378.11198	1347.39124	1347.37673	
11.50556	1378.10903	1378.11198	1347.39124	1347.37673	
11.51571	1378.10903	1378.11198	1347.39124	1347.37673	
11.52663	1378.10903	1378.11198	1347.39124	1347.37673	
11.53648	1378.10903	1378.11198	1347.39124	1347.37673	
11.54659	1378.10903	1378.11198	1347.39124	1347.37673	
11.55669	1378.10903	1378.11198	1347.39124	1347.37673	
11.56696	1378.10903	1378.11198	1347.39124	1347.37673	
11.57702	1378.10903	1378.11198	1347.39124	1347.37673	
11.58716	1378.10903	1378.11198	1347.39124	1347.37673	
11.59755	1378.10903	1378.11198	1347.39124	1347.37673	
11.60747	1378.10903	1378.11198	1347.39124	1347.37673	
11.61792	1378.10903	1378.11198	1347.39124	1347.37673	
11.62799	1378.10903	1378.11198	1347.39124	1347.37673	
11.63812	1378.10903	1378.11198	1347.39124	1347.37673	
11.64836	1378.10903	1378.11198	1347.39124	1347.37673	
11.65847	1378.10903	1378.11198	1347.39124	1347.37673	
11.66863	1378.10903	1378.11198	1347.39124	1347.37673	
11.67887	1378.10903	1378.11198	1347.39124	1347.37673	
11.68893	1378.10903	1378.11198	1347.39124	1347.37673	
11.69909	1378.10903	1378.11198	1347.39124	1347.37673	
11.70928	1378.10903	1378.11198	1347.39124	1347.37673	
11.71944	1378.10903	1378.11198	1347.39124	1347.37673	
11.72956	1378.10903	1378.11198	1347.39124	1347.37673	
11.73973	1378.10903	1378.11198	1347.39124	1347.37673	
11.74986	1378.10903	1378.11198	1347.39124	1347.37673	
11.76003	1378.10903	1378.11198	1347.39124	1347.37673	
11.77018	1378.10903	1378.11198	1347.39124	1347.37673	
11.78039	1378.10903	1378.11198	1347.39124	1347.37673	
11.79051	1378.10903	1378.11198	1347.39124	1347.37673	
11.80077	1378.10903	1378.11198	1347.39124	1347.37673	
11.81085	1378.10903	1378.11198	1347.39124	1347.37673	
11.821	1378.10903	1378.11198	1347.39124	1347.37673	
11.83122	1378.10903	1378.11198	1347.39124	1347.37673	
11.84131	1378.10903	1378.11198	1347.39124	1347.37673	
11.85145	1378.10903	1378.11198	1347.39124	1347.37673	
11.86166	1378.10903	1378.11198	1347.39124	1347.37673	
11.87178	1378.10903	1378.11198	1347.39124	1347.37673	
11.88193	1378.10903	1378.11198	1347.39124	1347.37673	
11.89207	1378.10903	1378.11198	1347.39124	1347.37673	
11.90225	1378.10903	1378.11198	1347.39124	1347.37673	
11.91257	1378.10903	1378.11198	1347.39124	1347.37673	
11.92258	1378.10903	1378.11198	1347.39124	1347.37673	
11.93274	1378.10903	1378.11198	1347.39124	1347.37673	
11.94295	1378.10903	1378.11198	1347.39124	1347.37673	
11.95311	1378.10903	1378.11198	1347.39124	1347.37673	
11.96325	1378.10903	1378.11198	1347.39124	1347.37673	
11.97344	1378.10903	1378.11198	1347.39124	1347.37673	
11.98352	1378.10903	1378.11198	1347.39124	1347.37673	
11.99371	1378.10903	1378.11198	1347.39124	1347.37673	
12.00388	1378.10903	1378.11198	1347.39124	1347.37673	
12.01414	1378.10903	1378.11198	1347.39124	1347.37673	
12.02417	1378.10903	1378.11198	1347.39124	1347.37673	
12.03435	1378.10903	1378.11198	1347.39124	1347.37673	
12.04449	1378.10903	1378.11198	1347.39124	1347.37673	
12.05461	1378.10903	1378.11198	1347.39124	1347.37673	
12.06475	1378.10903	1378.11198	1347.39124	1347.37673	
12.07488	1378.10903	1378.11198	1347.39124	1347.37673	
12.08503	1378.10903	1378.11198	1347.39124	1347.37673	
12.09524	1378.10903	1378.11198	1347.39124	1347.37673	
12.10531	1378.10903	1378.11198	1347.39124	1347.37673	
12.11545	1378.10903	1378.11198	1347.39124	1347.37673	
12.12568	1378.10903	1378.11198	1347.39124	1347.37673	
12.13585	1378.10903	1378.11198	1347.39124	1347.37673	
12.14597	1378.10903	1378.11198	1347.39124	1347.37673	
12.15608	1378.10903	1378.11198	1347.39124	1347.37673	
12.16622	1378.10903	1378.11198	1347.39124	1347.37673	
12.18753	1378.10903	1378.11198	1347.39124	1347.37673	
12.19212	1378.10903	1378.11198	1347.39124	1347.37673	
12.20228	1378.10903	1378.11198	1347.39124	1347.37673	
12.21245	1378.10903	1378.11198	1347.39124	1347.37673	
12.22258	1378.10903	1378.11198	1347.39124	1347.37673	
12.23271	1378.10903	1378.11198	1347.39124	1347.37673	
12.24288	1378.10903	1378.11198	1347.39124	1347.37673	
12.25305	1378.10903	1378.11198	1347.39124	1347.37673	
12.26326	1378.10903	1378.11198	1347.39124	1347.37673	
12.27337	1378.10903	1378.11198	1347.39124	1347.37673	
12.2835	1378.10903	1378.11198	1347.39124	1347.37673	
12.29369	1378.10903	1378.11198	1347.39124	1347.37673	
12.30381	1378.10903	1378.11198	1347.39124	1347.37673	
12.31395	1378.10903	1378.11198	1347.39124	1347.37673	
12.3241	1378.10903	1378.11198	1347.39124	1347.37673	
12.33423	1378.10903	1378.11198	1347.39124	1347.37673	
12.3445	1378.10903	1378.11198	1347.39124	1347.37673	
12.35456	1378.10903	1378.11198	1347.39124	1347.37673	
12.36504	1378.10903	1378.11198	1347.39124	1347.37673	
12.37493	1378.10903	1378.11198	1347.39124	1347.37673	
12.38497	1378.10903	1378.11198	1347.39124	1347.37673	
12.39511	1378.10903	1378.11198	1347.39124	1347.37673	
12.40529	1378.10903	1378.11198	1347.39124	1347.37673	
12.41545	1378.10903	1378.11198	1347.39124	1347.37673	
12.42559	1378.10903	1378.11198	1347.39124	1347.37673	
12.44378	1378.10903	1378.11198	1347.39124	1347.37673	
12.45626	1378.10903	1378.11198	1347.39124	1347.37673	
12.46083	1378.10903	1378.11198	1347.39124	1347.37673	
12.47107	1378.10903	1378.11198	1347.39124	1347.37673	
12.48111	1378.10903	1378.11198	1347.39124	1347.37673	
12.49129	1378.10903	1378.11198	1347.39124	1347.37673	
12.50148	1378.10903	1378.11198	1347.39124	1347.37673	
12.51165	1378.10903	1378.11198	1347.39124	1347.37673	
12.52174	1378.10903	1378.11198	1347.39124	1347.37673	
12.53195	1378.10903	1378.11198	1347.39124	1347.37673	
12.54209	1378.10903	1378.11198	1347.39124	1347.37673	
12.55225	1378.10903	1378.11198	1347.39124	1347.37673	
12.56242	1378.10903	1378.11198	1347.39124	1347.37673	
12.57257	1378.10903	1378.11198	1347.39124	1347.37673	
12.58273	1378.10903	1378.11198	1347.39124	1347.37673	
12.59287	1378.10903	1378.11198	1347.39124	1347.37673	
12.60302	1378.10903	1378.11198	1347.39124	1347.37673	
12.61315	1378.10903	1378.11198	1347.39124	1347.37673	
12.62339	1378.10903	1378.11198	1347.39124	1347.37673	
12.63349	1378.10903	1378.11198	1347.39124	1347.37673	
12.64371	1378.10903	1378.11198	1347.39124	1347.37673	
12.65383	1378.10903	1378.11198	1347.39124	1347.37673	
12.66394	1378.10903	1378.11198	1347.39124	1347.37673	
12.67407	1378.10903	1378.11198	1347.39124	1347.37673	
12.68423	1378.10903	1378.11198	1347.39124	1347.37673	
12.69436	1378.10903	1378.11198	1347.39124	1347.37673	
12.7046	1378.10903	1378.11198	1347.39124	1347.37673	
12.71471	1378.10903	1378.11198	1347.39124	1347.37673	
12.72482	1378.10903	1378.11198	1347.39124	1347.37673	
12.73504	1378.10903	1378.11198	1347.39124	1347.37673	
12.74526	1378.10903	1378.11198	1347.39124	1347.37673	
12.7553	1378.10903	1378.11198	1347.39124	1347.37673	
12.76543	1378.10903	1378.11198	1347.39124	1347.37673	
12.77559	1378.10903	1378.11198	1347.39124	1347.37673	
12.78578	1378.10903	1378.11198	1347.39124	1347.37673	
12.79591	1378.10903	1378.11198	1347.39124	1347.37673	
12.80607	1378.10903	1378.11198	1347.39124	1347.37673	
12.81621	1378.10903	1378.11198	1347.39124	1347.37673	
12.82634	1378.10903	1378.11198	1347.39124	1347.37673	
12.83651	1378.10903	1378.11198	1347.39124	1347.37673	
12.84664	1378.10903	1378.11198	1347.39124	1347.37673	
12.85682	1378.10903	1378.11198	1347.39124	1347.37673	
12.86694	1378.10903	1378.11198	1347.39124	1347.37673	
12.87709	1378.10903	1378.11198	1347.39124	1347.37673	
12.88729	1378.10903	1378.11198	1347.39124	1347.37673	
12.89743	1378.10903	1378.11198	1347.39124	1347.37673	
12.90754	1378.10903	1378.11198	1347.39124	1347.37673	
12.91774	1378.10903	1378.11198	1347.39124	1347.37673	
12.92791	1378.10903	1378.11198	1347.39124	1347.37673	
12.93804	1378.10903	1378.11198	1347.39124	1347.37673	
12.9482	1378.10903	1378.11198	1347.39124	1347.37673	
12.95838	1378.10903	1378.11198	1347.39124	1347.37673	
12.96861	1378.10903	1378.11198	1347.39124	1347.37673	
12.9787	1378.10903	1378.11198	1347.39124	1347.37673	
12.98887	1378.10903	1378.11198	1347.39124	1347.37673	
12.99912	1378.10903	1378.11198	1347.39124	1347.37673	
13.00919	1378.10903	1378.11198	1347.39124	1347.37673	
13.01935	1378.10903	1378.11198	1347.39124	1347.37673	
13.02955	1378.10903	1378.11198	1347.39124	1347.37673	
13.03966	1378.10903	1378.11198	1347.39124	1347.37673	
13.04981	1378.10903	1378.11198	1347.39124	1347.37673	
13.06002	1378.10903	1378.11198	1347.39124	1347.37673	
13.07017	1378.10903	1378.11198	1347.39124	1347.37673	
13.08035	1378.10903	1378.11198	1347.39124	1347.37673	
13.09049	1378.10903	1378.11198	1347.39124	1347.37673	
13.10065	1378.10903	1378.11198	1347.39124	1347.37673	
13.12781	1378.10903	1378.11198	1347.39124	1347.37673	
