2.59185	
2.596619	
2.615136	
2.619823	
2.629983	
2.640216	
2.650449	
2.660767	
2.679339	
2.684002	
2.694171	
2.704375	
2.714629	
2.724794	
2.735064	
2.745285	
2.755482	
2.765722	
2.775916	
2.786071	
2.796284	
2.806452	
2.816629	
2.826899	
2.837168	
2.847315	
2.857505	
2.867998	
2.877915	
2.888078	
2.89836	
2.908773	
2.918864	
2.929074	
2.939238	
2.949518	
2.959712	
2.969923	
2.980252	
2.990449	
3.000574	
3.010805	
3.021021	
3.031211	
3.041428	
3.051777	
3.061939	
3.072072	
3.082288	
3.092503	
3.102749	
3.112919	
3.131779	
3.136384	
3.146729	
3.160223	
3.166805	
3.177082	
3.187253	
3.197384	
3.207483	
3.21761	
3.235811	
3.240208	
3.250786	
3.260878	
3.270974	
3.281151	
3.29138	
3.301567	
3.312844	
3.321836	
3.331944	
3.342023	
3.352158	
3.362357	
3.372474	
3.382692	
3.400805	
3.405229	
3.415334	
3.425497	
3.435641	
3.445808	
3.455949	
3.466525	
3.476677	
3.486878	
3.504917	
3.509413	
3.519451	
3.530159	
3.54033	
3.550442	
3.560767	
3.570776	
3.580888	
3.591016	
3.601173	
3.611295	
3.621541	
3.631603	
3.646398	1078.86852	1078.86655	1047.89765	1047.89568	
3.652402	1078.86938	1078.86655	1047.89851	1047.89568	
3.662275	1078.87149	1078.86655	1047.90062	1047.89568	
3.672525	1078.87432	1078.86655	1047.90345	1047.89568	
3.682729	1078.87778	1078.87528	1047.90691	1047.90441	
3.692909	1078.88182	1078.87528	1047.91095	1047.90441	
3.703044	1078.88647	1078.87528	1047.9156	1047.90441	
3.713228	1078.89177	1078.87528	1047.9209	1047.90441	
3.723332	1078.89763	1078.87528	1047.92677	1047.90441	
3.733616	1078.90425	1078.884	1047.93338	1047.90441	
3.74598	1078.9132	1078.884	1047.94233	1047.90441	
3.75388	1078.91918	1078.89273	1047.94831	1047.90441	
3.764091	1078.92761	1078.89273	1047.95674	1047.90441	
3.774234	1078.93659	1078.91018	1047.96572	1047.90441	
3.784372	1078.94619	1078.91018	1047.97533	1047.91314	
3.794547	1078.95645	1078.92764	1047.98559	1047.92186	
3.80471	1078.96732	1078.93636	1047.99645	1047.93059	
3.814936	1078.97888	1078.95382	1048.00801	1047.93932	
3.825083	1078.99097	1078.96254	1048.0201	1047.95677	
3.83521	1079.00365	1078.98	1048.03278	1047.9655	
3.845394	1079.01703	1078.99745	1048.04616	1047.99168	
3.855952	1079.03158	1079.0149	1048.06071	1048.01786	
3.865747	1079.04562	1079.02363	1048.07476	1048.03531	
3.87597	1079.06092	1079.03236	1048.09005	1048.06149	
3.886019	1079.07656	1079.04981	1048.1057	1048.08767	
3.896202	1079.09304	1079.06726	1048.12217	1048.11385	
3.906362	1079.1101	1079.08472	1048.13923	1048.14003	
3.916572	1079.12787	1079.10217	1048.157	1048.16621	
3.926811	1079.14631	1079.11962	1048.17545	1048.18366	
3.936857	1079.16502	1079.13708	1048.19415	1048.20984	
3.947058	1079.18464	1079.15453	1048.21377	1048.2273	
3.957627	1079.20567	1079.17198	1048.23481	1048.24475	
3.967388	1079.22561	1079.18944	1048.25474	1048.25348	
3.977505	1079.2469	1079.21562	1048.27603	1048.27093	
3.98769	1079.26898	1079.23307	1048.29811	1048.27966	
3.997835	1079.29158	1079.25925	1048.32071	1048.29711	
4.00803	1079.31492	1079.2767	1048.34405	1048.30584	
4.018246	1079.33894	1079.30288	1048.36807	1048.31456	
4.028347	1079.36328	1079.32906	1048.39241	1048.33202	
4.038516	1079.38841	1079.34652	1048.41755	1048.34947	
4.04862	1079.414	1079.3727	1048.44313	1048.36692	
4.059351	1079.44191	1079.39888	1048.47105	1048.3931	
4.069077	1079.46771	1079.42506	1048.49684	1048.41928	
4.079157	1079.49509	1079.45124	1048.52422	1048.45419	
4.089314	1079.52328	1079.47742	1048.55241	1048.48909	
4.099416	1079.55196	1079.5036	1048.58109	1048.524	
4.109693	1079.58174	1079.5385	1048.61087	1048.56763	
4.119755	1079.61151	1079.57341	1048.64064	1048.61127	
4.129953	1079.64232	1079.60832	1048.67146	1048.66363	
4.140113	1079.67362	1079.64322	1048.70276	1048.69853	
4.150537	1079.70642	1079.67813	1048.73555	1048.74217	
4.160776	1079.73926	1079.72176	1048.7684	1048.79453	
4.170902	1079.77231	1079.75667	1048.80144	1048.82943	
4.181058	1079.8061	1079.79157	1048.83524	1048.86434	
4.191167	1079.84035	1079.82648	1048.86948	1048.90797	
4.20162	1079.87642	1079.87011	1048.90556	1048.93415	
4.211531	1079.9112	1079.90502	1048.94033	1048.96906	
4.221662	1079.94738	1079.93993	1048.97652	1048.99524	
4.23184	1079.98435	1079.97483	1049.01348	1049.02142	
4.241877	1080.02139	1080.00101	1049.05052	1049.0476	
4.252296	1080.06054	1080.03592	1049.08967	1049.08251	
4.263561	1080.10363	1080.07083	1049.13276	1049.10869	
4.27373	1080.14311	1080.10573	1049.17224	1049.13487	
4.283905	1080.18325	1080.13191	1049.21238	1049.16105	
4.294012	1080.22372	1080.16682	1049.25285	1049.19595	
4.30419	1080.26511	1080.20173	1049.29424	1049.22213	
4.31434	1080.30699	1080.24536	1049.33612	1049.26577	
4.324495	1080.34951	1080.28899	1049.37864	1049.3094	
4.334718	1080.39296	1080.33263	1049.42209	1049.35303	
4.3448	1080.4364	1080.37626	1049.46553	1049.39667	
4.354982	1080.4809	1080.42862	1049.51004	1049.45775	
4.366223	1080.53084	1080.48098	1049.55998	1049.51884	
4.376758	1080.57829	1080.53334	1049.60742	1049.5712	
4.386535	1080.62284	1080.5857	1049.65197	1049.63229	
4.396717	1080.6699	1080.63806	1049.69903	1049.69337	
4.406909	1080.71761	1080.69915	1049.74675	1049.74573	
4.417026	1080.7656	1080.75151	1049.79473	1049.80682	
4.437024	1080.86346	1080.86495	1049.8926	1049.91154	
4.441604	1080.88576	1080.88241	1049.91489	1049.93772	
4.451746	1080.93598	1080.93477	1049.96511	1049.99008	
4.464674	1081.00114	1080.98713	1050.03028	1050.03371	
4.472313	1081.03984	1081.03949	1050.06897	1050.08607	
4.482181	1081.09046	1081.08312	1050.1196	1050.1297	
4.492358	1081.14333	1081.12675	1050.17246	1050.17334	
4.502451	1081.19639	1081.17911	1050.22552	1050.2257	
4.512641	1081.25056	1081.23147	1050.2797	1050.26933	
4.522771	1081.30501	1081.2751	1050.33414	1050.30424	
4.533012	1081.36074	1081.32746	1050.38987	1050.3566	
4.543124	1081.41634	1081.3711	1050.44547	1050.40023	
4.553238	1081.47257	1081.42346	1050.5017	1050.45259	
4.56355	1081.53056	1081.47582	1050.55969	1050.50495	
4.573836	1081.58907	1081.52818	1050.6182	1050.55731	
4.583979	1081.6473	1081.58054	1050.67644	1050.6184	
4.594102	1081.70605	1081.64162	1050.73519	1050.67948	
4.604246	1081.76557	1081.70271	1050.7947	1050.74057	
4.614396	1081.82573	1081.77252	1050.85486	1050.81038	
4.624553	1081.88654	1081.84234	1050.91567	1050.8802	
4.634701	1081.94794	1081.91215	1050.97707	1050.95001	
4.645115	1082.01161	1081.98196	1051.04074	1051.01982	
4.65502	1082.07269	1082.05178	1051.10183	1051.08964	
4.665171	1082.13596	1082.12159	1051.1651	1051.15945	
4.675698	1082.2023	1082.1914	1051.23143	1051.22926	
4.685606	1082.2652	1082.26122	1051.29433	1051.29907	
4.695731	1082.33016	1082.33103	1051.35929	1051.36889	
4.705799	1082.39533	1082.40084	1051.42446	1051.4387	
4.71606	1082.46243	1082.47066	1051.49156	1051.49979	
4.726119	1082.52879	1082.54047	1051.55792	1051.56087	
4.736327	1082.59676	1082.60156	1051.6259	1051.62196	
4.746455	1082.666	1082.66264	1051.69514	1051.68305	
4.756613	1082.7337	1082.72373	1051.76283	1051.74413	
4.766805	1082.80343	1082.78481	1051.83256	1051.80522	
4.777232	1082.87549	1082.83717	1051.90462	1051.86631	
4.787173	1082.94465	1082.89826	1051.97378	1051.92739	
4.797375	1083.01632	1082.95935	1052.04545	1051.99721	
4.807468	1083.08781	1083.02043	1052.11694	1052.05829	
4.81758	1083.16008	1083.08152	1052.18921	1052.12811	
4.827768	1083.23353	1083.15133	1052.26266	1052.20665	
4.837915	1083.30728	1083.22115	1052.33641	1052.27646	
4.848135	1083.3822	1083.29969	1052.41133	1052.355	
4.858333	1083.45757	1083.37823	1052.4867	1052.43354	
4.868451	1083.53295	1083.46549	1052.56208	1052.51208	
4.880231	1083.62171	1083.55276	1052.65084	1052.60807	
4.889869	1083.69469	1083.64003	1052.72382	1052.68661	
4.900127	1083.77307	1083.72729	1052.8022	1052.77388	
4.910177	1083.85045	1083.81456	1052.87958	1052.86114	
4.920632	1083.93168	1083.90183	1052.96081	1052.94841	
4.930458	1084.0085	1083.99782	1053.03763	1053.03568	
4.940654	1084.0889	1084.07636	1053.11803	1053.12294	
4.95082	1084.16967	1084.16362	1053.19881	1053.20148	
4.960941	1084.25071	1084.25089	1053.27984	1053.28875	
4.971065	1084.33239	1084.33816	1053.36153	1053.37602	
4.982427	1084.42491	1084.42542	1053.45404	1053.46328	
4.99256	1084.50792	1084.49524	1053.53705	1053.54182	
5.002667	1084.59134	1084.57378	1053.62047	1053.62036	
5.012819	1084.67579	1084.65232	1053.70492	1053.6989	
5.023517	1084.76551	1084.72213	1053.79464	1053.78617	
5.033592	1084.85054	1084.80067	1053.87967	1053.85598	
5.043755	1084.93697	1084.87048	1053.9661	1053.93452	
5.053929	1085.0241	1084.94902	1054.05323	1054.01306	
5.064204	1085.11274	1085.03629	1054.14187	1054.0916	
5.074392	1085.20126	1085.11483	1054.23039	1054.17887	
5.086184	1085.30462	1085.21082	1054.33375	1054.26613	
5.095799	1085.38932	1085.29809	1054.41846	1054.3534	
5.105936	1085.47929	1085.38536	1054.50842	1054.44939	
5.116116	1085.57029	1085.49007	1054.59942	1054.53666	
5.126213	1085.66112	1085.58607	1054.69025	1054.63265	
5.136421	1085.75364	1085.68206	1054.78277	1054.72865	
5.146529	1085.84581	1085.78678	1054.87495	1054.82464	
5.156697	1085.93914	1085.8915	1054.96827	1054.92936	
5.174761	1086.1074	1086.07476	1055.13653	1055.10389	
5.179411	1086.15069	1086.11839	1055.17983	1055.15625	
5.189632	1086.24655	1086.22311	1055.27568	1055.26097	
5.19966	1086.34117	1086.32783	1055.3703	1055.36569	
5.209803	1086.43752	1086.43255	1055.46665	1055.46169	
5.220039	1086.53539	1086.53727	1055.56452	1055.5664	
5.23054	1086.63649	1086.63327	1055.66563	1055.6624	
5.240292	1086.73089	1086.72926	1055.76002	1055.75839	
5.250389	1086.82921	1086.81653	1055.85835	1055.85438	
5.260545	1086.92884	1086.92124	1055.95798	1055.9591	
5.27068	1087.02879	1087.00851	1056.05793	1056.0551	
5.280857	1087.12984	1087.1045	1056.15897	1056.14236	
5.291213	1087.2333	1087.2005	1056.26243	1056.23836	
5.30119	1087.3335	1087.28776	1056.36263	1056.33435	
5.31137	1087.43641	1087.38376	1056.46554	1056.43034	
5.32148	1087.53921	1087.47975	1056.56835	1056.51761	
5.332059	1087.64754	1087.58447	1056.67667	1056.62233	
5.341843	1087.74817	1087.68046	1056.7773	1056.71832	
5.351967	1087.85297	1087.78518	1056.8821	1056.82304	
5.362032	1087.95776	1087.88118	1056.98689	1056.92776	
5.372186	1088.06416	1087.99462	1057.09329	1057.03248	
5.382373	1088.17149	1088.09934	1057.20062	1057.1372	
5.393718	1088.29182	1088.22152	1057.32095	1057.25065	
5.403857	1088.39992	1088.33496	1057.42906	1057.37282	
5.414032	1088.50902	1088.45713	1057.53815	1057.48627	
5.424134	1088.61797	1088.57058	1057.64711	1057.59971	
5.434343	1088.72874	1088.68403	1057.75788	1057.71316	
5.444479	1088.8393	1088.8062	1057.86844	1057.83533	
5.454637	1088.95069	1088.92837	1057.97982	1057.94878	
5.464788	1089.06266	1089.05055	1058.09179	1058.07095	
5.474928	1089.17511	1089.16399	1058.20424	1058.19313	
5.48512	1089.2888	1089.27744	1058.31793	1058.30657	
5.496403	1089.41544	1089.39961	1058.44457	1058.43747	
5.506577	1089.53022	1089.52179	1058.55936	1058.55092	
5.516769	1089.64576	1089.62651	1058.67489	1058.66436	
5.535962	1089.86628	1089.83594	1058.89542	1058.88253	
5.540713	1089.92074	1089.87958	1058.94987	1058.92616	
5.550688	1090.03585	1089.9843	1059.06498	1059.03961	
5.560792	1090.15307	1090.09774	1059.18221	1059.15306	
5.570951	1090.27209	1090.20246	1059.30122	1059.2665	
5.581089	1090.3905	1090.31591	1059.41963	1059.37995	
5.591262	1090.51046	1090.42936	1059.53959	1059.4934	
5.60153	1090.63214	1090.55153	1059.66127	1059.60684	
5.611626	1090.75236	1090.66498	1059.78149	1059.72902	
5.621856	1090.87483	1090.78715	1059.90396	1059.84246	
5.631853	1090.9948	1090.90932	1060.02393	1059.97336	
5.642283	1091.11999	1091.0315	1060.14912	1060.08681	
5.652197	1091.23891	1091.1624	1060.26804	1060.21771	
5.662316	1091.36035	1091.28457	1060.38948	1060.33988	
5.672604	1091.48381	1091.42419	1060.51295	1060.47078	
5.682577	1091.60345	1091.54637	1060.63259	1060.60168	
5.692803	1091.72623	1091.68599	1060.75536	1060.73258	
5.70333	1091.85259	1091.81689	1060.88172	1060.86348	
5.713122	1091.97002	1091.94779	1060.99915	1060.98565	
5.723237	1092.0914	1092.07869	1061.12053	1061.12528	
5.733453	1092.21399	1092.20959	1061.24312	1061.24745	
5.743634	1092.33616	1092.33177	1061.36529	1061.36962	
5.753779	1092.45791	1092.45394	1061.48705	1061.50052	
5.763899	1092.57933	1092.57611	1061.60846	1061.61397	
5.774098	1092.70175	1092.69828	1061.73089	1061.73614	
5.784186	1092.82276	1092.82046	1061.85189	1061.85832	
5.794419	1092.94559	1092.94263	1061.97473	1061.97176	
5.805192	1093.07493	1093.05608	1062.10406	1062.08521	
5.814742	1093.18947	1093.16952	1062.2186	1062.20738	
5.824893	1093.31125	1093.28297	1062.34038	1062.3121	
5.835042	1093.43305	1093.39642	1062.46218	1062.43428	
5.845179	1093.5547	1093.51859	1062.58383	1062.54772	
5.855346	1093.67672	1093.63204	1062.70585	1062.66117	
5.865498	1093.79853	1093.74548	1062.82766	1062.77461	
5.875654	1093.92039	1093.86766	1062.94952	1062.89679	
5.885816	1094.04236	1093.98983	1063.07149	1063.01023	
5.895993	1094.16454	1094.112	1063.19367	1063.14113	
5.907055	1094.29727	1094.2429	1063.32641	1063.27203	
5.917134	1094.41817	1094.36507	1063.44731	1063.39421	
5.927287	1094.54	1094.48725	1063.56913	1063.52511	
5.937425	1094.66163	1094.61815	1063.69076	1063.65601	
5.94753	1094.78289	1094.74032	1063.81202	1063.77818	
5.957779	1094.90589	1094.87995	1063.93502	1063.90908	
5.967871	1095.02704	1095.00212	1064.05617	1064.03998	
5.977982	1095.14833	1095.14175	1064.17746	1064.16215	
5.98819	1095.27082	1095.26392	1064.29995	1064.30178	
5.998304	1095.39219	1095.39482	1064.42132	1064.42395	
6.010136	1095.53427	1095.53444	1064.5634	1064.56358	
6.019795	1095.65009	1095.64789	1064.67923	1064.68575	
6.029981	1095.77233	1095.77006	1064.80146	1064.80792	
6.040104	1095.89381	1095.89224	1064.92295	1064.9301	
6.050638	1096.02026	1096.00568	1065.04939	1065.04354	
6.060445	1096.13788	1096.11913	1065.16701	1065.16572	
6.07055	1096.25913	1096.23258	1065.28826	1065.27916	
6.080697	1096.38091	1096.34602	1065.41004	1065.39261	
6.090823	1096.50242	1096.45947	1065.53155	1065.50606	
6.100979	1096.62433	1096.57292	1065.65346	1065.6195	
6.112479	1096.76237	1096.70382	1065.79151	1065.7504	
6.122519	1096.88188	1096.81726	1065.91102	1065.87257	
6.13265	1097.00196	1096.93943	1066.03109	1065.98602	
6.142803	1097.12162	1097.06161	1066.15075	1066.10819	
6.1613	1097.33723	1097.27977	1066.36636	1066.32636	
6.165936	1097.39128	1097.33213	1066.42041	1066.37872	
6.176029	1097.5083	1097.45431	1066.53743	1066.50089	
6.186192	1097.62548	1097.57648	1066.65462	1066.63179	
6.19633	1097.74177	1097.70738	1066.7709	1066.75397	
6.206467	1097.85748	1097.82955	1066.88661	1066.88487	
6.216737	1097.97408	1097.95173	1067.00321	1067.00704	
6.226799	1098.08765	1098.0739	1067.11678	1067.12921	
6.236976	1098.2019	1098.19607	1067.23103	1067.24266	
6.247213	1098.31623	1098.31824	1067.34536	1067.36483	
6.257297	1098.42826	1098.43169	1067.4574	1067.47828	
6.267483	1098.54079	1098.54514	1067.56992	1067.59172	
6.277722	1098.65329	1098.65858	1067.68242	1067.70517	
6.287827	1098.76372	1098.77203	1067.79285	1067.80989	
6.297952	1098.87375	1098.87675	1067.90288	1067.91461	
6.308086	1098.98326	1098.98147	1068.01239	1068.0106	
6.318509	1099.09532	1099.08619	1068.12445	1068.1066	
6.328477	1099.20178	1099.19091	1068.23091	1068.21132	
6.338638	1099.30971	1099.29563	1068.33884	1068.31604	
6.348848	1099.41811	1099.39162	1068.44724	1068.42075	
6.359294	1099.52811	1099.48762	1068.55724	1068.51675	
6.369167	1099.63045	1099.59234	1068.65959	1068.62147	
6.379288	1099.73557	1099.69706	1068.7647	1068.72619	
6.389496	1099.84091	1099.80177	1068.87004	1068.83091	
6.399606	1099.94467	1099.90649	1068.97381	1068.93563	
6.409699	1100.04773	1100.01121	1069.07686	1069.04035	
6.437474	1100.32509	1100.13339	1069.35422	1069.15379	
6.442086	1100.37124	1100.36028	1069.40037	1069.38069	
6.452227	1100.4722	1100.48245	1069.50133	1069.49413	
6.462395	1100.57278	1100.5959	1069.60191	1069.60758	
6.472482	1100.67191	1100.70935	1069.70104	1069.72103	
6.482658	1100.77133	1100.81407	1069.80046	1069.83447	
6.492805	1100.86985	1100.92751	1069.89898	1069.94792	
6.510836	1101.04265	1101.11077	1070.07179	1070.13118	
6.515422	1101.08659	1101.15441	1070.11572	1070.17481	
6.525968	1101.18697	1101.2504	1070.2161	1070.2708	
6.545312	1101.36827	1101.4162	1070.3974	1070.44534	
6.549881	1101.4111	1101.45111	1070.44023	1070.48897	
6.560529	1101.51021	1101.52965	1070.53935	1070.56751	
6.570153	1101.59926	1101.59946	1070.62839	1070.65478	
6.580393	1101.69337	1101.678	1070.7225	1070.72459	
6.590498	1101.78564	1101.74782	1070.81477	1070.80313	
6.600612	1101.87736	1101.82636	1070.90649	1070.87294	
6.610832	1101.96951	1101.89617	1070.99864	1070.95148	
6.623415	1102.08191	1101.97471	1071.11104	1071.03002	
6.631195	1102.15106	1102.06198	1071.1802	1071.10856	
6.641264	1102.23993	1102.14924	1071.26906	1071.1871	
6.659291	1102.3968	1102.24524	1071.42593	1071.27437	
6.663842	1102.43643	1102.35868	1071.46557	1071.38781	
6.674169	1102.5256	1102.4634	1071.55474	1071.48381	
6.684334	1102.6128	1102.56812	1071.64193	1071.58853	
6.694457	1102.69899	1102.67284	1071.72812	1071.68452	
6.704607	1102.78478	1102.78629	1071.81392	1071.78924	
6.714723	1102.86971	1102.89101	1071.89884	1071.90269	
6.72769	1102.97756	1102.99573	1072.00669	1072.00741	
6.735156	1103.03932	1103.09172	1072.06845	1072.1034	
6.745218	1103.122	1103.18771	1072.15113	1072.20812	
6.755382	1103.20484	1103.27498	1072.23397	1072.30411	
6.765567	1103.28727	1103.36225	1072.31641	1072.40011	
6.7757	1103.3687	1103.43206	1072.39784	1072.47865	
6.785841	1103.44958	1103.50187	1072.47871	1072.55719	
6.796003	1103.53002	1103.57169	1072.55915	1072.63573	
6.806156	1103.60975	1103.6415	1072.63888	1072.70554	
6.816263	1103.68853	1103.69386	1072.71766	1072.76662	
6.828808	1103.78536	1103.74622	1072.81449	1072.82771	
6.836674	1103.84574	1103.80731	1072.87487	1072.8888	
6.846766	1103.92255	1103.86839	1072.95168	1072.94116	
6.85695	1103.99949	1103.92075	1073.02863	1072.99352	
6.867092	1104.07548	1103.99057	1073.10462	1073.0546	
6.877268	1104.15114	1104.06038	1073.18027	1073.11569	
6.887432	1104.22611	1104.13019	1073.25524	1073.17678	
6.897559	1104.30017	1104.2	1073.3293	1073.24659	
6.907727	1104.37393	1104.28727	1073.40306	1073.3164	
6.917896	1104.44708	1104.37454	1073.47621	1073.39494	
6.930118	1104.53415	1104.4618	1073.56328	1073.47348	
6.938277	1104.59183	1104.54907	1073.62096	1073.55202	
6.948407	1104.66288	1104.63634	1073.69201	1073.63929	
6.958517	1104.73318	1104.7236	1073.76231	1073.73528	
6.968633	1104.80295	1104.81087	1073.83208	1073.82255	
6.97879	1104.87235	1104.89814	1073.90148	1073.90982	
6.988999	1104.94152	1104.97668	1073.97065	1074.00581	
6.999183	1105.00989	1105.05522	1074.03902	1074.09307	
7.009286	1105.07711	1105.12503	1074.10625	1074.17161	
7.019445	1105.14415	1105.19484	1074.17328	1074.25015	
7.02967	1105.21094	1105.26466	1074.24007	1074.31997	
7.039819	1105.27667	1105.31702	1074.3058	1074.38105	
7.049936	1105.34156	1105.3781	1074.37069	1074.44214	
7.060108	1105.40621	1105.43046	1074.43535	1074.4945	
7.070275	1105.47023	1105.48282	1074.49936	1074.54686	
7.080644	1105.53487	1105.53518	1074.564	1074.59922	
7.090498	1105.59571	1105.58754	1074.62484	1074.63413	
7.10066	1105.65787	1105.63117	1074.687	1074.67776	
7.110796	1105.71928	1105.68353	1074.74841	1074.72139	
7.120919	1105.77997	1105.73589	1074.8091	1074.76503	
7.131116	1105.84054	1105.78825	1074.86968	1074.80866	
7.141328	1105.90056	1105.84061	1074.9297	1074.86102	
7.151744	1105.96112	1105.89297	1074.99025	1074.91338	
7.161593	1106.01783	1105.95406	1075.04697	1074.96574	
7.171776	1106.07587	1106.01515	1075.105	1075.0181	
7.182276	1106.13505	1106.08496	1075.16418	1075.08791	
7.192004	1106.18931	1106.14605	1075.21844	1075.15773	
7.202145	1106.24529	1106.21586	1075.27443	1075.22754	
7.212341	1106.30095	1106.28567	1075.33009	1075.29735	
7.222427	1106.35542	1106.35549	1075.38455	1075.37589	
7.232608	1106.40981	1106.4253	1075.43894	1075.44571	
7.242974	1106.46456	1106.49511	1075.4937	1075.52424	
7.260881	1106.5568	1106.60856	1075.58594	1075.64642	
7.265464	1106.58044	1106.63474	1075.60957	1075.6726	
7.275577	1106.63192	1106.69583	1075.66105	1075.74241	
7.285832	1106.6835	1106.74819	1075.71263	1075.79477	
7.295906	1106.73357	1106.80055	1075.7627	1075.84713	
7.306063	1106.78342	1106.85291	1075.81255	1075.89076	
7.316251	1106.83283	1106.89654	1075.86197	1075.92567	
7.32636	1106.88128	1106.94017	1075.91041	1075.96058	
7.336553	1106.92952	1106.9838	1075.95865	1075.98676	
7.346952	1106.9781	1107.02744	1076.00724	1076.02166	
7.356909	1107.024	1107.06234	1076.05314	1076.04784	
7.367107	1107.07043	1107.09725	1076.09957	1076.08275	
7.377235	1107.11594	1107.13216	1076.14507	1076.10893	
7.387373	1107.16091	1107.15834	1076.19005	1076.13511	
7.397615	1107.20571	1107.19324	1076.23484	1076.17002	
7.407703	1107.24923	1107.22815	1076.27837	1076.21365	
7.417839	1107.29238	1107.26306	1076.32152	1076.25728	
7.42799	1107.335	1107.29796	1076.36413	1076.30092	
7.438118	1107.37691	1107.33287	1076.40604	1076.34455	
7.448355	1107.41867	1107.3765	1076.4478	1076.39691	
7.45852	1107.45952	1107.41141	1076.48866	1076.44927	
7.468761	1107.50007	1107.45504	1076.5292	1076.50163	
7.478862	1107.53968	1107.5074	1076.56882	1076.55399	
7.489266	1107.57979	1107.55104	1076.60892	1076.60635	
7.499645	1107.61868	1107.6034	1076.64781	1076.65871	
7.509905	1107.65684	1107.65576	1076.68597	1076.71107	
7.519501	1107.69199	1107.70812	1076.72112	1076.76343	
7.529631	1107.72852	1107.76048	1076.75765	1076.80706	
7.54058	1107.7673	1107.80411	1076.79644	1076.8507	
7.550359	1107.80141	1107.84774	1076.83054	1076.8856	
7.560415	1107.83585	1107.88265	1076.86498	1076.92924	
7.578638	1107.89596	1107.94374	1076.92509	1076.99032	
7.583343	1107.91152	1107.96119	1076.94065	1076.99905	
7.593543	1107.94452	1107.98737	1076.97365	1077.02523	
7.603706	1107.97681	1108.01355	1077.00594	1077.04268	
7.61391	1108.00862	1108.03973	1077.03775	1077.06886	
7.624024	1108.03956	1108.06591	1077.06869	1077.08631	
7.634129	1108.06989	1108.08336	1077.09902	1077.10377	
7.644373	1108.10003	1108.10082	1077.12916	1077.12122	
7.654592	1108.12951	1108.10954	1077.15865	1077.13867	
7.664644	1108.15789	1108.127	1077.18702	1077.1474	
7.674946	1108.18641	1108.14445	1077.21554	1077.17358	
7.685073	1108.21382	1108.15318	1077.24295	1077.19103	
7.695317	1108.24096	1108.17063	1077.27009	1077.21721	
7.705409	1108.2671	1108.19681	1077.29623	1077.23467	
7.71558	1108.29288	1108.21426	1077.32201	1077.26085	
7.725787	1108.31813	1108.24917	1077.34726	1077.28703	
7.735856	1108.34248	1108.27535	1077.37161	1077.32193	
7.746016	1108.36645	1108.31025	1077.39558	1077.35684	
7.756328	1108.39019	1108.34516	1077.41932	1077.39175	
7.766348	1108.41266	1108.38879	1077.44179	1077.42665	
7.776703	1108.43528	1108.4237	1077.46441	1077.46156	
7.78669	1108.45653	1108.45861	1077.48566	1077.49647	
7.796802	1108.47746	1108.49351	1077.5066	1077.53137	
7.806997	1108.49799	1108.52842	1077.52712	1077.56628	
7.817134	1108.51781	1108.56333	1077.54695	1077.59246	
7.827318	1108.53714	1108.58951	1077.56628	1077.61864	
7.837452	1108.5558	1108.61569	1077.58494	1077.63609	
7.847556	1108.57383	1108.63314	1077.60296	1077.65355	
7.85828	1108.59231	1108.65059	1077.62145	1077.671	
7.868161	1108.6088	1108.65059	1077.63794	1077.671	
7.878331	1108.6252	1108.65932	1077.65433	1077.67973	
7.888527	1108.64106	1108.65932	1077.67019	1077.67973	
7.898675	1108.65627	1108.65932	1077.6854	1077.68845	
7.908923	1108.67105	1108.65059	1077.70019	1077.68845	
7.919047	1108.68508	1108.65059	1077.71422	1077.68845	
7.929177	1108.69857	1108.65932	1077.7277	1077.68845	
7.939338	1108.71152	1108.65932	1077.74065	1077.68845	
7.949427	1108.72383	1108.65932	1077.75297	1077.68845	
7.960802	1108.73697	1108.66805	1077.7661	1077.68845	
7.970847	1108.74805	1108.67677	1077.77718	1077.69718	
7.980992	1108.75869	1108.6855	1077.78782	1077.70591	
7.991212	1108.76885	1108.70295	1077.79798	1077.71463	
8.001305	1108.77834	1108.72041	1077.80748	1077.73209	
8.011515	1108.78739	1108.73786	1077.81652	1077.75827	
8.02167	1108.79585	1108.76404	1077.82498	1077.77572	
8.031773	1108.80374	1108.78149	1077.83287	1077.8019	
8.041877	1108.8111	1108.80767	1077.84023	1077.82808	
8.052296	1108.81813	1108.82513	1077.84726	1077.85426	
8.063574	1108.82507	1108.84258	1077.8542	1077.88044	
8.073658	1108.83079	1108.86003	1077.85993	1077.90662	
8.083805	1108.83605	1108.87749	1077.86519	1077.92407	
8.093998	1108.84084	1108.87749	1077.86998	1077.9328	
8.104154	1108.84512	1108.88621	1077.87426	1077.94153	
8.114303	1108.84893	1108.88621	1077.87807	1077.94153	
8.12459	1108.85232	1108.88621	1077.88145	1077.94153	
8.134646	1108.8552	1108.88621	1077.88433	1077.94153	
8.144741	1108.85767	1108.87749	1077.88681	1077.9328	
8.154929	1108.85977	1108.87749	1077.8889	1077.91535	
8.166448	1108.86162	1108.86876	1077.89075	1077.90662	
8.176454	1108.86655	1108.86003	1077.89568	1077.88917	
8.186464	1108.86655	1108.85131	1077.89568	1077.88044	
8.196682	1108.86655	1108.84258	1077.89568	1077.86299	
8.206727	1108.86655	1108.84258	1077.89568	1077.85426	
8.216917	1108.86655	1108.83385	1077.89568	1077.84553	
8.227033	1108.86655	1108.83385	1077.89568	1077.84553	
8.237199	1108.86655	1108.84258	1077.89568	1077.84553	
8.247786	1108.86655	1108.84258	1077.89568	1077.84553	
8.257568	1108.86655	1108.84258	1077.89568	1077.84553	
8.268121	1108.86655	1108.85131	1077.89568	1077.86299	
8.278256	1108.86655	1108.86003	1077.89568	1077.87171	
8.288346	1108.86655	1108.86876	1077.89568	1077.88044	
8.298543	1108.86655	1108.87749	1077.89568	1077.89789	
8.308705	1108.86655	1108.87749	1077.89568	1077.91535	
8.318934	1108.86655	1108.88621	1077.89568	1077.91535	
8.329066	1108.86655	1108.88621	1077.89568	1077.9328	
8.339239	1108.86655	1108.89494	1077.89568	1077.94153	
8.349355	1108.86655	1108.88621	1077.89568	1077.95025	
8.359478	1108.86655	1108.88621	1077.89568	1077.95025	
8.369682	1108.86655	1108.87749	1077.89568	1077.94153	
8.379789	1108.86655	1108.87749	1077.89568	1077.9328	
8.390061	1108.86655	1108.87749	1077.89568	1077.92407	
8.400112	1108.86655	1108.87749	1077.89568	1077.91535	
8.410296	1108.86655	1108.86876	1077.89568	1077.90662	
8.422189	1108.86655	1108.86876	1077.89568	1077.89789	
8.430667	1108.86655	1108.86876	1077.89568	1077.88044	
8.440808	1108.86655	1108.86003	1077.89568	1077.87171	
8.450953	1108.86655	1108.86003	1077.89568	1077.86299	
8.461116	1108.86655	1108.86003	1077.89568	1077.85426	
8.471361	1108.86655	1108.86003	1077.89568	1077.85426	
8.48147	1108.86655	1108.86003	1077.89568	1077.85426	
8.491542	1108.86655	1108.86003	1077.89568	1077.86299	
8.501756	1108.86655	1108.86003	1077.89568	1077.86299	
8.511872	1108.86655	1108.86003	1077.89568	1077.87171	
8.522002	1108.86655	1108.86003	1077.89568	1077.88044	
8.532156	1108.86655	1108.86003	1077.89568	1077.88917	
8.542706	1108.86655	1108.86003	1077.89568	1077.89789	
8.552874	1108.86655	1108.86003	1077.89568	1077.90662	
8.563022	1108.86655	1108.86003	1077.89568	1077.91535	
8.573083	1108.86655	1108.86003	1077.89568	1077.91535	
8.591161	1108.86655	1108.86003	1077.89568	1077.9328	
8.595721	1108.86655	1108.86003	1077.89568	1077.9328	
8.605967	1108.86655	1108.86003	1077.89568	1077.9328	
8.616054	1108.86655	1108.86003	1077.89568	1077.9328	
8.626184	1108.86655	1108.86003	1077.89568	1077.92407	
8.636397	1108.86655	1108.86003	1077.89568	1077.91535	
8.646533	1108.86655	1108.86003	1077.89568	1077.91535	
8.656681	1108.86655	1108.86003	1077.89568	1077.90662	
8.666842	1108.86655	1108.86003	1077.89568	1077.89789	
8.677001	1108.86655	1108.86003	1077.89568	1077.88917	
8.687162	1108.86655	1108.86003	1077.89568	1077.88044	
8.697301	1108.86655	1108.86003	1077.89568	1077.88044	
8.707447	1108.86655	1108.86003	1077.89568	1077.88044	
8.717643	1108.86655	1108.86003	1077.89568	1077.87171	
8.727727	1108.86655	1108.86003	1077.89568	1077.87171	
8.737911	1108.86655	1108.86003	1077.89568	1077.87171	
8.748059	1108.86655	1108.86003	1077.89568	1077.88044	
8.758273	1108.86655	1108.86003	1077.89568	1077.88044	
8.768354	1108.86655	1108.86003	1077.89568	1077.88917	
8.778532	1108.86655	1108.86003	1077.89568	1077.89789	
8.788693	1108.86655	1108.86003	1077.89568	1077.89789	
8.798831	1108.86655	1108.86003	1077.89568	1077.90662	
8.808995	1108.86655	1108.86003	1077.89568	1077.90662	
8.819142	1108.86655	1108.86003	1077.89568	1077.91535	
8.829306	1108.86655	1108.86003	1077.89568	1077.91535	
8.839533	1108.86655	1108.86003	1077.89568	1077.91535	
8.849574	1108.86655	1108.86003	1077.89568	1077.91535	
8.859755	1108.86655	1108.86003	1077.89568	1077.91535	
8.870046	1108.86655	1108.86003	1077.89568	1077.92407	
8.880098	1108.86655	1108.86003	1077.89568	1077.92407	
8.890283	1108.86655	1108.86003	1077.89568	1077.92407	
8.900406	1108.86655	1108.86003	1077.89568	1077.92407	
8.91052	1108.86655	1108.86003	1077.89568	1077.91535	
8.920654	1108.86655	1108.86003	1077.89568	1077.91535	
8.930832	1108.86655	1108.86003	1077.89568	1077.91535	
8.940977	1108.86655	1108.86003	1077.89568	1077.91535	
8.951145	1108.86655	1108.86003	1077.89568	1077.90662	
8.961279	1108.86655	1108.86003	1077.89568	1077.90662	
8.979214	1108.86655	1108.86003	1077.89568	1077.90662	
8.98383	1108.86655	1108.86003	1077.89568	1077.89789	
8.994057	1108.86655	1108.86003	1077.89568	1077.89789	
9.004199	1108.86655	1108.86003	1077.89568	1077.89789	
9.014373	1108.86655	1108.86003	1077.89568	1077.89789	
9.024512	1108.86655	1108.86003	1077.89568	1077.89789	
9.034687	1108.86655	1108.86003	1077.89568	1077.89789	
9.044848	1108.86655	1108.86003	1077.89568	1077.89789	
9.055014	1108.86655	1108.86003	1077.89568	1077.90662	
9.065149	1108.86655	1108.86003	1077.89568	1077.90662	
9.075328	1108.86655	1108.86003	1077.89568	1077.90662	
9.085474	1108.86655	1108.86003	1077.89568	1077.90662	
9.095631	1108.86655	1108.86003	1077.89568	1077.90662	
9.105777	1108.86655	1108.86003	1077.89568	1077.90662	
9.115928	1108.86655	1108.86003	1077.89568	1077.90662	
9.126141	1108.86655	1108.86003	1077.89568	1077.90662	
9.136471	1108.86655	1108.86003	1077.89568	1077.90662	
9.146401	1108.86655	1108.86003	1077.89568	1077.90662	
9.156597	1108.86655	1108.86003	1077.89568	1077.90662	
9.166724	1108.86655	1108.86003	1077.89568	1077.90662	
9.176871	1108.86655	1108.86003	1077.89568	1077.90662	
9.187069	1108.86655	1108.86003	1077.89568	1077.90662	
9.197246	1108.86655	1108.86003	1077.89568	1077.90662	
9.207446	1108.86655	1108.86003	1077.89568	1077.90662	
9.217546	1108.86655	1108.86003	1077.89568	1077.90662	
9.227684	1108.86655	1108.86003	1077.89568	1077.90662	
9.238064	1108.86655	1108.86003	1077.89568	1077.90662	
9.24802	1108.86655	1108.86003	1077.89568	1077.90662	
9.258162	1108.86655	1108.86003	1077.89568	1077.90662	
9.268346	1108.86655	1108.86003	1077.89568	1077.90662	
9.278479	1108.86655	1108.86003	1077.89568	1077.90662	
9.288615	1108.86655	1108.86003	1077.89568	1077.90662	
9.298769	1108.86655	1108.86003	1077.89568	1077.90662	
9.308947	1108.86655	1108.86003	1077.89568	1077.90662	
9.319089	1108.86655	1108.86003	1077.89568	1077.90662	
9.329234	1108.86655	1108.86003	1077.89568	1077.90662	
9.339405	1108.86655	1108.86003	1077.89568	1077.90662	
9.349557	1108.86655	1108.86003	1077.89568	1077.90662	
9.359646	1108.86655	1108.86003	1077.89568	1077.90662	
9.369841	1108.86655	1108.86003	1077.89568	1077.90662	
9.37997	1108.86655	1108.86003	1077.89568	1077.90662	
9.390201	1108.86655	1108.86003	1077.89568	1077.90662	
9.400286	1108.86655	1108.86003	1077.89568	1077.90662	
9.410424	1108.86655	1108.86003	1077.89568	1077.90662	
9.420593	1108.86655	1108.86003	1077.89568	1077.90662	
9.430719	1108.86655	1108.86003	1077.89568	1077.90662	
9.440911	1108.86655	1108.86003	1077.89568	1077.90662	
9.451081	1108.86655	1108.86003	1077.89568	1077.90662	
9.461212	1108.86655	1108.86003	1077.89568	1077.90662	
9.479325	1108.86655	1108.86003	1077.89568	1077.90662	
9.484001	1108.86655	1108.86003	1077.89568	1077.90662	
9.494214	1108.86655	1108.86003	1077.89568	1077.90662	
9.5043	1108.86655	1108.86003	1077.89568	1077.90662	
9.514456	1108.86655	1108.86003	1077.89568	1077.90662	
9.524625	1108.86655	1108.86003	1077.89568	1077.90662	
9.534763	1108.86655	1108.86003	1077.89568	1077.90662	
9.545397	1108.86655	1108.86003	1077.89568	1077.90662	
9.555607	1108.86655	1108.86003	1077.89568	1077.90662	
9.565727	1108.86655	1108.86003	1077.89568	1077.90662	
9.575856	1108.86655	1108.86003	1077.89568	1077.90662	
9.586044	1108.86655	1108.86003	1077.89568	1077.90662	
9.596191	1108.86655	1108.86003	1077.89568	1077.90662	
9.606391	1108.86655	1108.86003	1077.89568	1077.90662	
9.616494	1108.86655	1108.86003	1077.89568	1077.90662	
9.626633	1108.86655	1108.86003	1077.89568	1077.90662	
9.636848	1108.86655	1108.86003	1077.89568	1077.90662	
9.646972	1108.86655	1108.86003	1077.89568	1077.90662	
9.657171	1108.86655	1108.86003	1077.89568	1077.90662	
9.667254	1108.86655	1108.86003	1077.89568	1077.90662	
9.677427	1108.86655	1108.86003	1077.89568	1077.90662	
9.68763	1108.86655	1108.86003	1077.89568	1077.90662	
9.709039	1108.86655	1108.86003	1077.89568	1077.90662	
9.713836	1108.86655	1108.86003	1077.89568	1077.90662	
9.724167	1108.86655	1108.86003	1077.89568	1077.90662	
