2.955334	
2.960069	
2.97028	
2.980445	
2.990552	
3.000763	
3.010929	
3.021042	
3.031193	
3.041381	
3.051542	
3.061661	
3.07181	
3.08198	
3.092197	
3.102277	
3.112451	
3.122649	
3.132741	
3.142901	
3.153044	
3.163214	
3.17332	
3.1835	
3.193646	
3.203786	
3.213943	
3.224076	
3.234284	
3.244444	
3.254567	
3.26474	
3.274946	
3.285023	
3.295159	
3.305327	
3.315459	
3.325582	
3.335695	
3.345912	
3.355996	
3.366149	
3.376452	
3.386431	
3.396577	
3.4067	
3.416834	
3.427065	
3.437184	
3.447341	
3.457826	
3.468128	
3.478122	
3.48826	
3.498431	
3.508564	
3.518707	
3.528925	
3.539235	
3.54939	
3.559534	
3.569721	
3.57985	
3.590012	
3.600208	
3.610282	
3.62983	
3.634259	
3.644486	
3.654584	
3.664815	
3.67497	
3.685095	
3.695178	
3.70535	
3.715529	
3.725647	
3.73586	
3.745969	
3.757621	
3.766219	
3.776387	
3.786476	
3.796618	
3.806792	
3.816936	
3.827128	
3.845162	
3.849584	
3.859761	
3.869867	
3.88013	
3.8902	
3.900386	
3.914261	1108.86177	1108.86003	1077.89963	1077.89789	
3.924028	1108.86344	1108.86003	1077.9013	1077.89789	
3.934157	1108.8658	1108.86876	1077.90366	1077.90662	
3.944377	1108.86881	1108.86876	1077.90667	1077.90662	
3.954589	1108.87244	1108.86876	1077.9103	1077.90662	
3.964742	1108.87667	1108.86876	1077.91453	1077.90662	
3.974878	1108.88151	1108.86876	1077.91937	1077.90662	
3.985019	1108.88697	1108.86876	1077.92483	1077.90662	
3.995228	1108.89309	1108.86876	1077.93095	1077.90662	
4.005304	1108.89974	1108.86876	1077.9376	1077.90662	
4.016882	1108.90824	1108.86876	1077.9461	1077.90662	
4.026785	1108.91604	1108.86876	1077.9539	1077.90662	
4.036865	1108.92459	1108.86876	1077.96245	1077.90662	
4.047329	1108.93415	1108.87749	1077.97201	1077.91535	
4.057152	1108.94368	1108.87749	1077.98154	1077.91535	
4.067393	1108.95426	1108.89494	1077.99212	1077.92407	
4.077477	1108.96527	1108.90367	1078.00313	1077.94153	
4.087611	1108.97697	1108.91239	1078.01482	1077.95025	
4.097758	1108.98929	1108.92985	1078.02715	1077.97643	
4.108127	1109.00254	1108.9473	1078.0404	1077.99389	
4.119657	1109.01811	1108.98221	1078.05597	1078.02007	
4.129549	1109.032	1108.99966	1078.06986	1078.03752	
4.139654	1109.04681	1109.02584	1078.08467	1078.0637	
4.14998	1109.0626	1109.05202	1078.10046	1078.08988	
4.160004	1109.07851	1109.0782	1078.11637	1078.11606	
4.170103	1109.09517	1109.09565	1078.13303	1078.13351	
4.180355	1109.1127	1109.12183	1078.15056	1078.15969	
4.190435	1109.13055	1109.13929	1078.16841	1078.17715	
4.200559	1109.14909	1109.15674	1078.18694	1078.1946	
4.210858	1109.1686	1109.17419	1078.20646	1078.22078	
4.222377	1109.19126	1109.18292	1078.22912	1078.22951	
4.232216	1109.2112	1109.19165	1078.24906	1078.25569	
4.242406	1109.23235	1109.2091	1078.27021	1078.26441	
4.252551	1109.25409	1109.2091	1078.29195	1078.28187	
4.262731	1109.27654	1109.22655	1078.3144	1078.29059	
4.272891	1109.29955	1109.23528	1078.33741	1078.29932	
4.283089	1109.32329	1109.25273	1078.36115	1078.31677	
4.293208	1109.34744	1109.27019	1078.3853	1078.3255	
4.303314	1109.37217	1109.29637	1078.41003	1078.34295	
4.313559	1109.39789	1109.31382	1078.43575	1078.3604	
4.325145	1109.42784	1109.34873	1078.4657	1078.38658	
4.334944	1109.45366	1109.38363	1078.49152	1078.41276	
4.345117	1109.48112	1109.41854	1078.51898	1078.44767	
4.355295	1109.50922	1109.46217	1078.54707	1078.48258	
4.365356	1109.53759	1109.50581	1078.57545	1078.52621	
4.37555	1109.56695	1109.54944	1078.60481	1078.56984	
4.38575	1109.59698	1109.59307	1078.63483	1078.61348	
4.3959	1109.62746	1109.63671	1078.66532	1078.66584	
4.405968	1109.65829	1109.67161	1078.69615	1078.70947	
4.416458	1109.69112	1109.71525	1078.72897	1078.7531	
4.427739	1109.72721	1109.75015	1078.76507	1078.79674	
4.437623	1109.75935	1109.78506	1078.7972	1078.84037	
4.447722	1109.79281	1109.81124	1078.83067	1078.87528	
4.457821	1109.8269	1109.83742	1078.86476	1078.91018	
4.46812	1109.86231	1109.8636	1078.90017	1078.94509	
4.478162	1109.89741	1109.88978	1078.93527	1078.97127	
4.488335	1109.93361	1109.91596	1078.97147	1078.99745	
4.498465	1109.97026	1109.93341	1079.00812	1079.03236	
4.508606	1110.00759	1109.95959	1079.04545	1079.05854	
4.529226	1110.08668	1110.01195	1079.12454	1079.10217	
4.533848	1110.10428	1110.0294	1079.14214	1079.1109	
4.54399	1110.14376	1110.06431	1079.18162	1079.13708	
4.554157	1110.18396	1110.09922	1079.22182	1079.16326	
4.564334	1110.22481	1110.13412	1079.26267	1079.18944	
4.574495	1110.26622	1110.18648	1079.30408	1079.21562	
4.584633	1110.30815	1110.23884	1079.34601	1079.25925	
4.595084	1110.35204	1110.2912	1079.3899	1079.30288	
4.605108	1110.39472	1110.34356	1079.43258	1079.34652	
4.61524	1110.43851	1110.40465	1079.47637	1079.4076	
4.625397	1110.48311	1110.46574	1079.52097	1079.45996	
4.635624	1110.52842	1110.5181	1079.56628	1079.52105	
4.645734	1110.57393	1110.58791	1079.61179	1079.59086	
4.655931	1110.62046	1110.64027	1079.65832	1079.65195	
4.666012	1110.66709	1110.69263	1079.70495	1079.72176	
4.676469	1110.71612	1110.74499	1079.75398	1079.78285	
4.686292	1110.76271	1110.78862	1079.80057	1079.83521	
4.696723	1110.81291	1110.83226	1079.85077	1079.89629	
4.706698	1110.86145	1110.87589	1079.89931	1079.94865	
4.716785	1110.91116	1110.9108	1079.94902	1079.99229	
4.726924	1110.96176	1110.95443	1079.99962	1080.03592	
4.737113	1111.01322	1110.98934	1080.05108	1080.07955	
4.747408	1111.06587	1111.03297	1080.10373	1080.11446	
4.757434	1111.1177	1111.0766	1080.15556	1080.14937	
4.767628	1111.17107	1111.11151	1080.20893	1080.18427	
4.778135	1111.22675	1111.16387	1080.2646	1080.21918	
4.787858	1111.27879	1111.2075	1080.31665	1080.25409	
4.798099	1111.33426	1111.25113	1080.37212	1080.28899	
4.808227	1111.38975	1111.31222	1080.42761	1080.33263	
4.818343	1111.44577	1111.37331	1080.48363	1080.38499	
4.828589	1111.50314	1111.43439	1080.541	1080.42862	
4.838756	1111.5607	1111.49548	1080.59856	1080.49843	
4.848939	1111.61896	1111.56529	1080.65682	1080.56825	
4.859274	1111.67873	1111.63511	1080.71659	1080.63806	
4.869222	1111.73684	1111.70492	1080.7747	1080.7166	
4.879524	1111.79772	1111.78346	1080.83558	1080.79514	
4.889627	1111.85796	1111.862	1080.89582	1080.88241	
4.899751	1111.91899	1111.93181	1080.95685	1080.95222	
4.909922	1111.98091	1112.00163	1081.01877	1081.03949	
4.920022	1112.04298	1112.07144	1081.08084	1081.11803	
4.930259	1112.10657	1112.14125	1081.14443	1081.19657	
4.940927	1112.17356	1112.20234	1081.21142	1081.26638	
4.951011	1112.23738	1112.26343	1081.27524	1081.32746	
4.961152	1112.30223	1112.32451	1081.34009	1081.37982	
4.971364	1112.36816	1112.37687	1081.40602	1081.44091	
4.981442	1112.43384	1112.43796	1081.4717	1081.48454	
4.991643	1112.50095	1112.48159	1081.53881	1081.5369	
5.001774	1112.5682	1112.54268	1081.60606	1081.58054	
5.011955	1112.63641	1112.59504	1081.67427	1081.6329	
5.022081	1112.70487	1112.6474	1081.74273	1081.68526	
5.032223	1112.77404	1112.70848	1081.8119	1081.73762	
5.043505	1112.85183	1112.7783	1081.88968	1081.7987	
5.053756	1112.92307	1112.84811	1081.96093	1081.85979	
5.063881	1112.99405	1112.91792	1082.03191	1081.9296	
5.074032	1113.06584	1112.98774	1082.1037	1082.00814	
5.08417	1113.13816	1113.06628	1082.17601	1082.08668	
5.094422	1113.21193	1113.15354	1082.24979	1082.17395	
5.104525	1113.28522	1113.24081	1082.32308	1082.26122	
5.11466	1113.35975	1113.32808	1082.39761	1082.34848	
5.124822	1113.43435	1113.41534	1082.4722	1082.4532	
5.135108	1113.51142	1113.50261	1082.54928	1082.54047	
5.146216	1113.59428	1113.60733	1082.63214	1082.64519	
5.156367	1113.67108	1113.6946	1082.70894	1082.73245	
5.166447	1113.74795	1113.78186	1082.78581	1082.81972	
5.176558	1113.82568	1113.86913	1082.86353	1082.90699	
5.186773	1113.90483	1113.94767	1082.94269	1082.98553	
5.196922	1113.98408	1114.02621	1083.02194	1083.05534	
5.207048	1114.06378	1114.09602	1083.10164	1083.12515	
5.217273	1114.14488	1114.16583	1083.18274	1083.19497	
5.227388	1114.22573	1114.22692	1083.26359	1083.25605	
5.237842	1114.30998	1114.28801	1083.34784	1083.32587	
5.248874	1114.39963	1114.35782	1083.43749	1083.39568	
5.259081	1114.48313	1114.42763	1083.52099	1083.46549	
5.269129	1114.56591	1114.49745	1083.60377	1083.52658	
5.279263	1114.65006	1114.56726	1083.68792	1083.59639	
5.289461	1114.73539	1114.6458	1083.77325	1083.67493	
5.29966	1114.82132	1114.72434	1083.85917	1083.75347	
5.309799	1114.90736	1114.81161	1083.94522	1083.84074	
5.319975	1114.99436	1114.9076	1084.03222	1083.92801	
5.33008	1115.08134	1115.00359	1084.1192	1084.024	
5.340284	1115.16981	1115.09959	1084.20767	1084.12872	
5.351584	1115.26862	1115.21303	1084.30648	1084.23344	
5.361711	1115.35768	1115.31775	1084.39554	1084.33816	
5.371842	1115.44743	1115.4312	1084.48529	1084.4516	
5.381988	1115.53795	1115.54464	1084.57581	1084.55632	
5.392107	1115.62881	1115.64936	1084.66667	1084.66977	
5.402324	1115.72121	1115.75408	1084.75907	1084.77449	
5.420324	1115.88633	1115.92862	1084.92419	1084.96648	
5.424893	1115.9282	1115.96352	1084.96606	1085.01011	
5.435205	1116.02347	1116.05952	1085.06133	1085.1061	
5.445224	1116.11665	1116.14678	1085.15451	1085.21082	
5.455446	1116.21233	1116.22532	1085.25019	1085.29809	
5.465666	1116.30861	1116.31259	1085.34647	1085.38536	
5.475761	1116.40437	1116.3824	1085.44223	1085.4639	
5.485907	1116.50116	1116.46967	1085.53902	1085.54243	
5.496354	1116.60155	1116.53948	1085.63941	1085.62097	
5.506301	1116.69768	1116.62675	1085.73554	1085.69951	
5.516443	1116.79632	1116.71402	1085.83418	1085.76933	
5.52658	1116.89553	1116.80128	1085.93339	1085.84787	
5.537041	1116.99863	1116.88855	1086.03649	1085.93513	
5.547124	1117.09856	1116.99327	1086.13642	1086.01367	
5.565612	1117.28434	1117.09799	1086.3222	1086.11839	
5.570261	1117.33091	1117.23761	1086.36877	1086.24929	
5.580416	1117.4336	1117.34233	1086.47146	1086.36274	
5.590533	1117.53647	1117.46451	1086.57433	1086.47619	
5.600723	1117.64078	1117.58668	1086.67864	1086.59836	
5.611047	1117.74707	1117.70885	1086.78492	1086.72926	
5.631078	1117.95626	1117.9532	1086.99412	1086.98233	
5.63569	1118.00432	1118.01429	1087.04217	1087.04342	
5.645982	1118.11248	1118.13646	1087.15034	1087.16559	
5.658625	1118.24641	1118.25863	1087.28427	1087.29649	
5.666107	1118.32572	1118.37208	1087.36358	1087.40994	
5.676254	1118.4342	1118.48552	1087.47206	1087.53211	
5.686394	1118.54315	1118.59024	1087.58101	1087.64556	
5.696628	1118.65376	1118.69496	1087.69162	1087.75028	
5.706702	1118.76322	1118.79096	1087.80108	1087.855	
5.717019	1118.87604	1118.88695	1087.9139	1087.95099	
5.726958	1118.98522	1118.98294	1088.02307	1088.03826	
5.737097	1119.09726	1119.07021	1088.13512	1088.12552	
5.74775	1119.21571	1119.17493	1088.25357	1088.21279	
5.759631	1119.34879	1119.2622	1088.38665	1088.30878	
5.768469	1119.44799	1119.37564	1088.48585	1088.40477	
5.778541	1119.56177	1119.48036	1088.59963	1088.50077	
5.788779	1119.67808	1119.59381	1088.71594	1088.60549	
5.798853	1119.79311	1119.69853	1088.83097	1088.71021	
5.809344	1119.91361	1119.8207	1088.95147	1088.83238	
5.819292	1120.0285	1119.94287	1089.06636	1088.94583	
5.829442	1120.14622	1120.06505	1089.18408	1089.07673	
5.839596	1120.26466	1120.19595	1089.30252	1089.21635	
5.849752	1120.38378	1120.32685	1089.42164	1089.34725	
5.86232	1120.53476	1120.46647	1089.57261	1089.49561	
5.870104	1120.62439	1120.59737	1089.66225	1089.63523	
5.880338	1120.74628	1120.72827	1089.78414	1089.77486	
5.890436	1120.86717	1120.8679	1089.90503	1089.91448	
5.900576	1120.98882	1120.9988	1090.02668	1090.06284	
5.910748	1121.11092	1121.1297	1090.14878	1090.19374	
5.920851	1121.23213	1121.2606	1090.26999	1090.32464	
5.931121	1121.35539	1121.3915	1090.39325	1090.44681	
5.941186	1121.47616	1121.51367	1090.51402	1090.56898	
5.951327	1121.59782	1121.62712	1090.63568	1090.68243	
5.963534	1121.74447	1121.74056	1090.78233	1090.79588	
5.971701	1121.84238	1121.84528	1090.88024	1090.9006	
5.981824	1121.96381	1121.96746	1091.00167	1091.00532	
5.991976	1122.08563	1122.07218	1091.12349	1091.11004	
6.002111	1122.20723	1122.1769	1091.24509	1091.20603	
6.012336	1122.32994	1122.28162	1091.3678	1091.31075	
6.022449	1122.45132	1122.39506	1091.48918	1091.42419	
6.032644	1122.57366	1122.50851	1091.61152	1091.52891	
6.042758	1122.69501	1122.62195	1091.73287	1091.64236	
6.052915	1122.8169	1122.7354	1091.85476	1091.76453	
6.063077	1122.93884	1122.85757	1091.9767	1091.87798	
6.07334	1123.06206	1122.97102	1092.09992	1092.01761	
6.083486	1123.18375	1123.10192	1092.22161	1092.13978	
6.093764	1123.30709	1123.22409	1092.34495	1092.27941	
6.103735	1123.42671	1123.35499	1092.46457	1092.41031	
6.113882	1123.54849	1123.48589	1092.58635	1092.54993	
6.124067	1123.67073	1123.62552	1092.70859	1092.68083	
6.134208	1123.79245	1123.76515	1092.83031	1092.82046	
6.144358	1123.9142	1123.90477	1092.95206	1092.96008	
6.154502	1124.03592	1124.03567	1093.07378	1093.09098	
6.165067	1124.16362	1124.16657	1093.20148	1093.23061	
6.174851	1124.28015	1124.3062	1093.31801	1093.35278	
6.185058	1124.40265	1124.4371	1093.44051	1093.48368	
6.19527	1124.52516	1124.55927	1093.56302	1093.59713	
6.205352	1124.64614	1124.68144	1093.684	1093.7193	
6.215443	1124.76729	1124.79489	1093.80515	1093.83275	
6.225652	1124.88975	1124.91706	1093.92761	1093.93747	
6.235773	1125.01121	1125.02178	1094.04907	1094.04219	
6.245946	1125.13329	1125.13523	1094.17115	1094.14691	
6.256096	1125.25512	1125.24868	1094.29298	1094.25163	
6.266523	1125.38022	1125.3534	1094.41808	1094.35635	
6.276554	1125.50066	1125.45811	1094.53852	1094.46979	
6.286569	1125.62075	1125.57156	1094.65861	1094.58324	
6.296699	1125.74233	1125.68501	1094.78019	1094.70541	
6.306839	1125.86401	1125.79845	1094.90187	1094.81886	
6.316971	1125.98561	1125.9119	1095.02347	1094.94976	
6.327126	1126.10743	1126.03407	1095.14529	1095.07193	
6.337324	1126.22981	1126.15625	1095.26767	1095.20283	
6.347523	1126.35221	1126.28715	1095.39007	1095.33373	
6.35758	1126.47288	1126.41805	1095.51074	1095.46463	
6.368052	1126.59858	1126.54895	1095.63644	1095.60426	
6.378342	1126.72208	1126.6973	1095.75994	1095.73516	
6.388538	1126.84441	1126.8282	1095.88227	1095.87478	
6.398652	1126.96482	1126.9591	1096.00268	1095.99696	
6.416774	1127.17828	1127.19472	1096.21614	1096.23258	
6.421387	1127.23262	1127.2558	1096.27048	1096.29366	
6.431549	1127.35164	1127.3867	1096.3895	1096.41584	
6.441784	1127.47088	1127.50888	1096.50874	1096.53801	
6.451888	1127.588	1127.63105	1096.62586	1096.66018	
6.461979	1127.70438	1127.7445	1096.74224	1096.7649	
6.472182	1127.82136	1127.85794	1096.85922	1096.87835	
6.482443	1127.93841	1127.96266	1096.97627	1096.99179	
6.492662	1128.05435	1128.06738	1097.09221	1097.09651	
6.502743	1128.16811	1128.1721	1097.20597	1097.20123	
6.512903	1128.28217	1128.26809	1097.32003	1097.29723	
6.523107	1128.39608	1128.37281	1097.43394	1097.40195	
6.533223	1128.50839	1128.46008	1097.54625	1097.50667	
6.543363	1128.62037	1128.5648	1097.65823	1097.61139	
6.553557	1128.7323	1128.66952	1097.77016	1097.71611	
6.563707	1128.84314	1128.77424	1097.881	1097.82955	
6.573796	1128.9527	1128.87896	1097.99056	1097.943	
6.584071	1129.06367	1128.99241	1098.10153	1098.05645	
6.594408	1129.17464	1129.10585	1098.2125	1098.16989	
6.604354	1129.28083	1129.22803	1098.31869	1098.29207	
6.614572	1129.3893	1129.34147	1098.42715	1098.40551	
6.624906	1129.50085	1129.47237	1098.53871	1098.51896	
6.634895	1129.60322	1129.59455	1098.64108	1098.64113	
6.645015	1129.70881	1129.71672	1098.74667	1098.75458	
6.655194	1129.8144	1129.83016	1098.85226	1098.86802	
6.665346	1129.91907	1129.95234	1098.95693	1098.97274	
6.675477	1130.02298	1130.06578	1099.06084	1099.08619	
6.686321	1130.13341	1130.1705	1099.17127	1099.19964	
6.696477	1130.23623	1130.27522	1099.27409	1099.30436	
6.70665	1130.33863	1130.37994	1099.37649	1099.40035	
6.71682	1130.44034	1130.47594	1099.4782	1099.49634	
6.726954	1130.54116	1130.5632	1099.57902	1099.59234	
6.737084	1130.64125	1130.65047	1099.67911	1099.6796	
6.747375	1130.74233	1130.73774	1099.78019	1099.76687	
6.757395	1130.84014	1130.825	1099.878	1099.85413	
6.769599	1130.95835	1130.90354	1099.9962	1099.9414	
6.778084	1131.04013	1130.99081	1100.07799	1100.03739	
6.789457	1131.14899	1131.09553	1100.18684	1100.13339	
6.799226	1131.24186	1131.18279	1100.27972	1100.22938	
6.809408	1131.3381	1131.28751	1100.37596	1100.32537	
6.819577	1131.43355	1131.38351	1100.47141	1100.43009	
6.829742	1131.52841	1131.48823	1100.56627	1100.52609	
6.839875	1131.62233	1131.59295	1100.66019	1100.62208	
6.850092	1131.71641	1131.69767	1100.75427	1100.71807	
6.860228	1131.80914	1131.80239	1100.847	1100.82279	
6.870354	1131.90112	1131.90711	1100.93898	1100.92751	
6.880675	1131.99462	1132.01183	1101.03247	1101.02351	
6.892119	1132.09679	1132.12527	1101.13465	1101.13695	
6.901982	1132.18451	1132.22127	1101.22237	1101.23294	
6.912123	1132.27413	1132.31726	1101.31198	1101.33766	
6.922256	1132.36305	1132.41325	1101.40091	1101.43366	
6.932408	1132.45157	1132.50925	1101.48943	1101.52092	
6.94259	1132.5397	1132.58778	1101.57756	1101.60819	
6.952763	1132.62713	1132.66632	1101.66498	1101.68673	
6.962861	1132.71331	1132.75359	1101.75117	1101.774	
6.973072	1132.79982	1132.8234	1101.83768	1101.85254	
6.983147	1132.88458	1132.89322	1101.92244	1101.93108	
6.99477	1132.98159	1132.97176	1102.01944	1102.00089	
7.004672	1133.06402	1133.03284	1102.10188	1102.07943	
7.014778	1133.1467	1133.10266	1102.18456	1102.14924	
7.02493	1133.2296	1133.17247	1102.26746	1102.22778	
7.03519	1133.31275	1133.25101	1102.35061	1102.2976	
7.04519	1133.39319	1133.32955	1102.43105	1102.37614	
7.055391	1133.47459	1133.40809	1102.51245	1102.45468	
7.065506	1133.55472	1133.48663	1102.59258	1102.53322	
7.075697	1133.63486	1133.58262	1102.67272	1102.62048	
7.085783	1133.71354	1133.66989	1102.7514	1102.69902	
7.097219	1133.80195	1133.77461	1102.83981	1102.80374	
7.107456	1133.88048	1133.8706	1102.91834	1102.89101	
7.117439	1133.95648	1133.95787	1102.99434	1102.97827	
7.127559	1134.03291	1134.04513	1103.07077	1103.06554	
7.138129	1134.11206	1134.14113	1103.14992	1103.15281	
7.147882	1134.18455	1134.21967	1103.22241	1103.2488	
7.158013	1134.25922	1134.30693	1103.29708	1103.32734	
7.168123	1134.33314	1134.38547	1103.371	1103.41461	
7.178284	1134.40684	1134.46401	1103.4447	1103.49315	
7.188488	1134.4802	1134.5251	1103.51806	1103.56296	
7.199867	1134.56121	1134.59491	1103.59906	1103.6415	
7.210042	1134.63306	1134.656	1103.67092	1103.71131	
7.220178	1134.70402	1134.70836	1103.74188	1103.7724	
7.230299	1134.77426	1134.76945	1103.81212	1103.83349	
7.240496	1134.84444	1134.81308	1103.8823	1103.88585	
7.25067	1134.91382	1134.87417	1103.95168	1103.94693	
7.260907	1134.98299	1134.93525	1104.02085	1103.99929	
7.271004	1135.05064	1134.98761	1104.0885	1104.05165	
7.281154	1135.11806	1135.05743	1104.15591	1104.11274	
7.291384	1135.18533	1135.11851	1104.22319	1104.1651	
7.30258	1135.25822	1135.19705	1104.29608	1104.23491	
7.312778	1135.32399	1135.26687	1104.36185	1104.30472	
7.322894	1135.38862	1135.33668	1104.42648	1104.37454	
7.333059	1135.45298	1135.41522	1104.49084	1104.44435	
7.343155	1135.5163	1135.49376	1104.55416	1104.51416	
7.353396	1135.57989	1135.56357	1104.61775	1104.5927	
7.363625	1135.64277	1135.64211	1104.68063	1104.67124	
7.37367	1135.70394	1135.72065	1104.7418	1104.74978	
7.383825	1135.76517	1135.79046	1104.80303	1104.8196	
7.394013	1135.826	1135.86028	1104.86385	1104.89814	
7.405289	1135.89252	1135.93009	1104.93038	1104.96795	
7.415408	1135.95162	1135.9999	1104.98948	1105.03776	
7.425507	1136.01002	1136.05226	1105.04788	1105.09885	
7.43571	1136.06839	1136.11335	1105.10625	1105.15121	
7.446348	1136.12859	1136.16571	1105.16645	1105.20357	
7.456	1136.18265	1136.20934	1105.2205	1105.2472	
7.46619	1136.2391	1136.25298	1105.27696	1105.29956	
7.47631	1136.29458	1136.29661	1105.33244	1105.3432	
7.486426	1136.34941	1136.34024	1105.38727	1105.3781	
7.496613	1136.40423	1136.37515	1105.44209	1105.42174	
7.507888	1136.46371	1136.41878	1105.50157	1105.46537	
7.518083	1136.51706	1136.47114	1105.55491	1105.509	
7.528211	1136.56945	1136.51478	1105.60731	1105.55263	
7.538301	1136.62106	1136.55841	1105.65892	1105.59627	
7.548516	1136.67271	1136.61077	1105.71057	1105.64863	
7.558623	1136.72318	1136.66313	1105.76104	1105.70099	
7.576674	1136.81098	1136.77658	1105.84884	1105.80571	
7.581304	1136.83355	1136.80275	1105.87141	1105.84061	
7.591432	1136.88217	1136.87257	1105.92003	1105.9017	
7.601653	1136.93064	1136.93365	1105.9685	1105.96279	
7.611807	1136.97818	1136.99474	1106.01604	1106.02387	
7.631435	1137.06722	1137.11691	1106.10508	1106.13732	
7.636107	1137.08848	1137.14309	1106.12634	1106.1635	
7.646204	1137.13369	1137.18673	1106.17155	1106.21586	
7.656515	1137.17927	1137.23909	1106.21713	1106.26822	
7.666477	1137.22268	1137.29145	1106.26054	1106.31185	
7.676653	1137.26642	1137.32635	1106.30428	1106.35549	
7.686789	1137.30937	1137.36126	1106.34723	1106.39912	
7.696889	1137.35161	1137.39617	1106.38947	1106.43403	
7.709048	1137.40152	1137.43107	1106.43938	1106.46893	
7.717382	1137.43539	1137.45725	1106.47325	1106.50384	
7.727412	1137.4755	1137.48343	1106.51336	1106.53002	
7.737577	1137.51556	1137.51834	1106.55342	1106.5562	
7.747702	1137.55486	1137.53579	1106.59272	1106.58238	
7.758042	1137.59437	1137.5707	1106.63223	1106.60856	
7.770027	1137.63929	1137.59688	1106.67715	1106.63474	
7.778099	1137.66921	1137.62306	1106.70707	1106.66092	
7.788226	1137.70611	1137.65797	1106.74397	1106.6871	
7.798348	1137.7424	1137.69287	1106.78026	1106.72201	
7.808581	1137.77848	1137.72778	1106.81634	1106.75691	
7.82703	1137.84111	1137.77141	1106.87897	1106.80055	
7.831659	1137.85685	1137.8325	1106.89471	1106.85291	
7.841873	1137.89088	1137.87613	1106.92874	1106.89654	
7.851968	1137.92391	1137.91977	1106.96177	1106.9489	
7.862168	1137.95669	1137.97213	1106.99455	1107.00126	
7.872306	1137.98866	1138.02449	1107.02652	1107.05362	
7.882592	1138.02049	1138.05939	1107.05835	1107.09725	
7.892635	1138.05098	1138.11175	1107.08884	1107.14088	
7.902727	1138.08102	1138.14666	1107.11888	1107.18452	
7.91552	1138.11809	1138.18157	1107.15595	1107.2107	
7.923215	1138.14012	1138.20775	1107.17798	1107.23688	
7.933226	1138.16816	1138.23392	1107.20602	1107.26306	
7.943361	1138.19595	1138.25138	1107.23381	1107.27178	
7.95348	1138.2231	1138.26883	1107.26096	1107.28924	
7.963692	1138.2499	1138.27756	1107.28776	1107.30669	
7.973825	1138.2759	1138.28628	1107.31376	1107.30669	
7.983957	1138.30131	1138.30374	1107.33917	1107.32414	
7.994132	1138.32623	1138.30374	1107.36409	1107.33287	
8.004251	1138.35042	1138.32119	1107.38828	1107.3416	
8.017032	1138.37997	1138.32992	1107.41783	1107.35032	
8.024624	1138.39726	1138.34737	1107.43512	1107.36778	
8.03506	1138.42038	1138.36482	1107.45824	1107.38523	
8.044972	1138.44176	1138.38228	1107.47962	1107.41141	
8.055137	1138.4631	1138.40846	1107.50096	1107.43759	
8.065266	1138.48378	1138.43464	1107.52164	1107.46377	
8.075515	1138.50411	1138.46954	1107.54197	1107.49868	
8.085573	1138.52348	1138.49572	1107.56134	1107.53358	
8.095971	1138.54289	1138.53063	1107.58075	1107.56849	
8.105973	1138.561	1138.57426	1107.59886	1107.6034	
8.116356	1138.57919	1138.60917	1107.61705	1107.6383	
8.12626	1138.59599	1138.64408	1107.63385	1107.66448	
8.136369	1138.61256	1138.67026	1107.65042	1107.69066	
8.146572	1138.6287	1138.69644	1107.66656	1107.72557	
8.156702	1138.64415	1138.72262	1107.68201	1107.74302	
8.166844	1138.65905	1138.74007	1107.69691	1107.76048	
8.17699	1138.67337	1138.74007	1107.71123	1107.76048	
8.187236	1138.68725	1138.7488	1107.72511	1107.7692	
8.197348	1138.70039	1138.74007	1107.73825	1107.7692	
8.207421	1138.71293	1138.74007	1107.75079	1107.7692	
8.218001	1138.72546	1138.73134	1107.76332	1107.76048	
8.227879	1138.73665	1138.72262	1107.77451	1107.76048	
8.237887	1138.74743	1138.72262	1107.78529	1107.76048	
8.248031	1138.7578	1138.72262	1107.79566	1107.76048	
8.258161	1138.76761	1138.72262	1107.80547	1107.76048	
8.268358	1138.77693	1138.72262	1107.81479	1107.7692	
8.278474	1138.78563	1138.74007	1107.82349	1107.77793	
8.288625	1138.79381	1138.7488	1107.83167	1107.78666	
8.306639	1138.80627	1138.77498	1107.84413	1107.80411	
8.311205	1138.80949	1138.7837	1107.84734	1107.81284	
8.321376	1138.81598	1138.80116	1107.85384	1107.82156	
8.331814	1138.8221	1138.81861	1107.85996	1107.83029	
8.341729	1138.82743	1138.83606	1107.86529	1107.84774	
8.351881	1138.83239	1138.85352	1107.87025	1107.85647	
8.362013	1138.83686	1138.86224	1107.87472	1107.8652	
8.372214	1138.84088	1138.8797	1107.87874	1107.88265	
8.382491	1138.84445	1138.8797	1107.88231	1107.89138	
8.392635	1138.84753	1138.8797	1107.88539	1107.9001	
8.402802	1138.85019	1138.8797	1107.88805	1107.9001	
8.413	1138.85244	1138.8797	1107.8903	1107.9001	
8.423116	1138.85429	1138.8797	1107.89215	1107.9001	
8.433396	1138.86003	1138.87097	1107.89789	1107.9001	
8.443577	1138.86003	1138.86224	1107.89789	1107.89138	
8.454024	1138.86003	1138.86224	1107.89789	1107.89138	
8.463921	1138.86003	1138.85352	1107.89789	1107.89138	
8.474051	1138.86003	1138.84479	1107.89789	1107.89138	
8.484222	1138.86003	1138.84479	1107.89789	1107.89138	
8.494362	1138.86003	1138.84479	1107.89789	1107.89138	
8.504554	1138.86003	1138.83606	1107.89789	1107.89138	
8.51475	1138.86003	1138.83606	1107.89789	1107.89138	
8.525101	1138.86003	1138.82734	1107.89789	1107.89138	
8.535147	1138.86003	1138.83606	1107.89789	1107.9001	
8.54522	1138.86003	1138.83606	1107.89789	1107.9001	
8.555458	1138.86003	1138.84479	1107.89789	1107.9001	
8.565529	1138.86003	1138.84479	1107.89789	1107.9001	
8.575624	1138.86003	1138.85352	1107.89789	1107.9001	
8.585788	1138.86003	1138.86224	1107.89789	1107.9001	
8.596141	1138.86003	1138.86224	1107.89789	1107.9001	
8.606117	1138.86003	1138.87097	1107.89789	1107.9001	
8.61623	1138.86003	1138.8797	1107.89789	1107.9001	
8.626594	1138.86003	1138.8797	1107.89789	1107.9001	
8.636547	1138.86003	1138.8797	1107.89789	1107.9001	
8.646704	1138.86003	1138.8797	1107.89789	1107.9001	
8.65686	1138.86003	1138.8797	1107.89789	1107.9001	
8.666968	1138.86003	1138.8797	1107.89789	1107.9001	
8.677194	1138.86003	1138.8797	1107.89789	1107.9001	
8.687352	1138.86003	1138.8797	1107.89789	1107.9001	
8.697443	1138.86003	1138.8797	1107.89789	1107.9001	
8.707643	1138.86003	1138.8797	1107.89789	1107.9001	
8.717736	1138.86003	1138.8797	1107.89789	1107.9001	
8.727888	1138.86003	1138.8797	1107.89789	1107.9001	
8.738079	1138.86003	1138.8797	1107.89789	1107.9001	
8.748209	1138.86003	1138.8797	1107.89789	1107.9001	
8.758307	1138.86003	1138.8797	1107.89789	1107.9001	
8.768841	1138.86003	1138.8797	1107.89789	1107.9001	
8.778678	1138.86003	1138.8797	1107.89789	1107.9001	
8.796741	1138.86003	1138.8797	1107.89789	1107.9001	
8.801295	1138.86003	1138.8797	1107.89789	1107.9001	
8.811571	1138.86003	1138.8797	1107.89789	1107.9001	
8.821649	1138.86003	1138.8797	1107.89789	1107.9001	
8.831793	1138.86003	1138.8797	1107.89789	1107.9001	
8.84199	1138.86003	1138.8797	1107.89789	1107.9001	
8.85214	1138.86003	1138.8797	1107.89789	1107.9001	
8.862266	1138.86003	1138.8797	1107.89789	1107.9001	
8.872418	1138.86003	1138.8797	1107.89789	1107.9001	
8.882695	1138.86003	1138.8797	1107.89789	1107.9001	
8.892756	1138.86003	1138.8797	1107.89789	1107.9001	
8.902881	1138.86003	1138.8797	1107.89789	1107.9001	
8.91304	1138.86003	1138.8797	1107.89789	1107.9001	
8.92318	1138.86003	1138.8797	1107.89789	1107.9001	
8.933334	1138.86003	1138.8797	1107.89789	1107.9001	
8.943486	1138.86003	1138.8797	1107.89789	1107.9001	
8.953679	1138.86003	1138.8797	1107.89789	1107.9001	
8.963817	1138.86003	1138.8797	1107.89789	1107.9001	
8.97397	1138.86003	1138.8797	1107.89789	1107.9001	
8.984107	1138.86003	1138.8797	1107.89789	1107.9001	
8.994275	1138.86003	1138.8797	1107.89789	1107.9001	
9.004472	1138.86003	1138.8797	1107.89789	1107.9001	
9.014624	1138.86003	1138.8797	1107.89789	1107.9001	
9.024776	1138.86003	1138.8797	1107.89789	1107.9001	
9.034926	1138.86003	1138.8797	1107.89789	1107.9001	
9.04508	1138.86003	1138.8797	1107.89789	1107.9001	
9.055261	1138.86003	1138.8797	1107.89789	1107.9001	
9.065422	1138.86003	1138.8797	1107.89789	1107.9001	
9.075628	1138.86003	1138.8797	1107.89789	1107.9001	
9.085692	1138.86003	1138.8797	1107.89789	1107.9001	
9.095916	1138.86003	1138.8797	1107.89789	1107.9001	
9.106044	1138.86003	1138.8797	1107.89789	1107.9001	
9.116157	1138.86003	1138.8797	1107.89789	1107.9001	
9.126553	1138.86003	1138.8797	1107.89789	1107.9001	
9.136441	1138.86003	1138.8797	1107.89789	1107.9001	
9.146584	1138.86003	1138.8797	1107.89789	1107.9001	
9.156731	1138.86003	1138.8797	1107.89789	1107.9001	
9.166883	1138.86003	1138.8797	1107.89789	1107.9001	
9.177033	1138.86003	1138.8797	1107.89789	1107.9001	
9.187253	1138.86003	1138.8797	1107.89789	1107.9001	
9.197388	1138.86003	1138.8797	1107.89789	1107.9001	
9.207466	1138.86003	1138.8797	1107.89789	1107.9001	
9.218398	1138.86003	1138.8797	1107.89789	1107.9001	
9.227867	1138.86003	1138.8797	1107.89789	1107.9001	
9.237995	1138.86003	1138.8797	1107.89789	1107.9001	
9.248077	1138.86003	1138.8797	1107.89789	1107.9001	
9.258253	1138.86003	1138.8797	1107.89789	1107.9001	
9.268489	1138.86003	1138.8797	1107.89789	1107.9001	
9.278513	1138.86003	1138.8797	1107.89789	1107.9001	
9.288682	1138.86003	1138.8797	1107.89789	1107.9001	
9.298878	1138.86003	1138.8797	1107.89789	1107.9001	
9.309037	1138.86003	1138.8797	1107.89789	1107.9001	
9.319139	1138.86003	1138.8797	1107.89789	1107.9001	
9.329289	1138.86003	1138.8797	1107.89789	1107.9001	
9.33954	1138.86003	1138.8797	1107.89789	1107.9001	
9.349622	1138.86003	1138.8797	1107.89789	1107.9001	
9.35978	1138.86003	1138.8797	1107.89789	1107.9001	
9.370002	1138.86003	1138.8797	1107.89789	1107.9001	
9.380126	1138.86003	1138.8797	1107.89789	1107.9001	
9.390263	1138.86003	1138.8797	1107.89789	1107.9001	
9.40041	1138.86003	1138.8797	1107.89789	1107.9001	
9.410606	1138.86003	1138.8797	1107.89789	1107.9001	
9.420722	1138.86003	1138.8797	1107.89789	1107.9001	
9.430891	1138.86003	1138.8797	1107.89789	1107.9001	
9.441067	1138.86003	1138.8797	1107.89789	1107.9001	
9.451215	1138.86003	1138.8797	1107.89789	1107.9001	
9.461374	1138.86003	1138.8797	1107.89789	1107.9001	
9.471513	1138.86003	1138.8797	1107.89789	1107.9001	
9.481692	1138.86003	1138.8797	1107.89789	1107.9001	
9.491897	1138.86003	1138.8797	1107.89789	1107.9001	
9.502002	1138.86003	1138.8797	1107.89789	1107.9001	
9.512153	1138.86003	1138.8797	1107.89789	1107.9001	
9.522313	1138.86003	1138.8797	1107.89789	1107.9001	
9.532482	1138.86003	1138.8797	1107.89789	1107.9001	
9.54263	1138.86003	1138.8797	1107.89789	1107.9001	
9.552782	1138.86003	1138.8797	1107.89789	1107.9001	
9.56295	1138.86003	1138.8797	1107.89789	1107.9001	
9.573174	1138.86003	1138.8797	1107.89789	1107.9001	
9.583314	1138.86003	1138.8797	1107.89789	1107.9001	
9.593451	1138.86003	1138.8797	1107.89789	1107.9001	
9.603682	1138.86003	1138.8797	1107.89789	1107.9001	
9.613742	1138.86003	1138.8797	1107.89789	1107.9001	
9.632943	1138.86003	1138.8797	1107.89789	1107.9001	
9.637621	1138.86003	1138.8797	1107.89789	1107.9001	
9.64775	1138.86003	1138.8797	1107.89789	1107.9001	
9.657893	1138.86003	1138.8797	1107.89789	1107.9001	
9.668013	1138.86003	1138.8797	1107.89789	1107.9001	
9.678168	1138.86003	1138.8797	1107.89789	1107.9001	
9.688365	1138.86003	1138.8797	1107.89789	1107.9001	
9.69849	1138.86003	1138.8797	1107.89789	1107.9001	
9.708641	1138.86003	1138.8797	1107.89789	1107.9001	
9.726633	1138.86003	1138.8797	1107.89789	1107.9001	
9.731231	1138.86003	1138.8797	1107.89789	1107.9001	
9.741374	1138.86003	1138.8797	1107.89789	1107.9001	
9.751524	1138.86003	1138.8797	1107.89789	1107.9001	
9.76168	1138.86003	1138.8797	1107.89789	1107.9001	
9.773859	1138.86003	1138.8797	1107.89789	1107.9001	
9.781971	1138.86003	1138.8797	1107.89789	1107.9001	
9.79212	1138.86003	1138.8797	1107.89789	1107.9001	
9.802289	1138.86003	1138.8797	1107.89789	1107.9001	
9.812432	1138.86003	1138.8797	1107.89789	1107.9001	
9.822583	1138.86003	1138.8797	1107.89789	1107.9001	
9.832713	1138.86003	1138.8797	1107.89789	1107.9001	
9.842904	1138.86003	1138.8797	1107.89789	1107.9001	
9.853159	1138.86003	1138.8797	1107.89789	1107.9001	
9.863209	1138.86003	1138.8797	1107.89789	1107.9001	
9.873363	1138.86003	1138.8797	1107.89789	1107.9001	
9.883727	1138.86003	1138.8797	1107.89789	1107.9001	
9.893727	1138.86003	1138.8797	1107.89789	1107.9001	
9.903835	1138.86003	1138.8797	1107.89789	1107.9001	
9.913971	1138.86003	1138.8797	1107.89789	1107.9001	
9.924122	1138.86003	1138.8797	1107.89789	1107.9001	
9.934298	1138.86003	1138.8797	1107.89789	1107.9001	
9.944444	1138.86003	1138.8797	1107.89789	1107.9001	
9.954596	1138.86003	1138.8797	1107.89789	1107.9001	
9.964761	1138.86003	1138.8797	1107.89789	1107.9001	
9.974911	1138.86003	1138.8797	1107.89789	1107.9001	
9.985036	1138.86003	1138.8797	1107.89789	1107.9001	
9.995212	1138.86003	1138.8797	1107.89789	1107.9001	
10.00536	1138.86003	1138.8797	1107.89789	1107.9001	
10.01549	1138.86003	1138.8797	1107.89789	1107.9001	
10.02564	1138.86003	1138.8797	1107.89789	1107.9001	
10.03588	1138.86003	1138.8797	1107.89789	1107.9001	
10.04604	1138.86003	1138.8797	1107.89789	1107.9001	
10.05617	1138.86003	1138.8797	1107.89789	1107.9001	
10.06633	1138.86003	1138.8797	1107.89789	1107.9001	
10.07648	1138.86003	1138.8797	1107.89789	1107.9001	
10.0866	1138.86003	1138.8797	1107.89789	1107.9001	
10.09692	1138.86003	1138.8797	1107.89789	1107.9001	
10.10694	1138.86003	1138.8797	1107.89789	1107.9001	
10.11712	1138.86003	1138.8797	1107.89789	1107.9001	
10.12728	1138.86003	1138.8797	1107.89789	1107.9001	
10.13741	1138.86003	1138.8797	1107.89789	1107.9001	
10.14761	1138.86003	1138.8797	1107.89789	1107.9001	
10.15769	1138.86003	1138.8797	1107.89789	1107.9001	
10.16779	1138.86003	1138.8797	1107.89789	1107.9001	
10.178	1138.86003	1138.8797	1107.89789	1107.9001	
10.18811	1138.86003	1138.8797	1107.89789	1107.9001	
10.19827	1138.86003	1138.8797	1107.89789	1107.9001	
10.20855	1138.86003	1138.8797	1107.89789	1107.9001	
10.21856	1138.86003	1138.8797	1107.89789	1107.9001	
10.22876	1138.86003	1138.8797	1107.89789	1107.9001	
10.23889	1138.86003	1138.8797	1107.89789	1107.9001	
10.24907	1138.86003	1138.8797	1107.89789	1107.9001	
10.25927	1138.86003	1138.8797	1107.89789	1107.9001	
10.26934	1138.86003	1138.8797	1107.89789	1107.9001	
10.27953	1138.86003	1138.8797	1107.89789	1107.9001	
10.28968	1138.86003	1138.8797	1107.89789	1107.9001	
10.29989	1138.86003	1138.8797	1107.89789	1107.9001	
10.31006	1138.86003	1138.8797	1107.89789	1107.9001	
10.32017	1138.86003	1138.8797	1107.89789	1107.9001	
10.33036	1138.86003	1138.8797	1107.89789	1107.9001	
10.35788	1138.86003	1138.8797	1107.89789	1107.9001	
10.3628	1138.86003	1138.8797	1107.89789	1107.9001	
