6.236479	
6.243937	
6.254016	
6.264143	
6.274261	
6.292768	
6.297132	
6.307303	
6.31745	
6.327588	
6.337766	
6.347937	
6.358072	
6.368228	
6.37839	
6.388584	
6.399082	
6.409217	
6.419375	
6.429539	
6.439678	
6.450141	
6.459971	
6.470098	
6.480287	
6.490398	
6.50179	
6.510803	
6.520946	
6.53111	
6.541238	
6.5514	
6.561564	
6.571695	
6.581919	
6.592134	
6.60214	
6.612413	
6.622467	
6.632607	
6.642755	
6.652901	
6.663144	
6.673204	
6.683358	
6.693472	
6.703799	
6.713785	
6.723913	
6.734053	
6.744178	
6.75432	
6.772532	
6.776904	
6.787091	
6.797224	
6.807373	
6.81752	
6.827694	
6.837924	
6.848033	
6.858196	
6.86843	
6.878503	
6.888641	
6.898805	
6.908974	
6.919105	
6.929278	
6.939423	
6.949589	
6.9597	
6.969898	
6.980048	
6.990171	
7.000315	
7.010468	
7.020704	
7.030778	
7.040911	
7.0511	
7.061237	
7.071383	
7.081556	
7.091685	
7.1019	
7.112754	
7.122113	
7.132287	
7.142367	
7.152523	
7.162719	
7.172937	
7.183133	
7.193234	
7.203361	
7.213499	
7.223639	
7.233813	
7.243957	
7.254112	
7.264247	
7.274421	
7.285062	
7.294688	
7.304838	
7.314993	
7.325076	
7.335353	
7.34537	
7.355525	
7.365671	
7.375814	
7.386015	
7.396152	
7.406286	
7.416446	
7.426606	
7.436803	
7.446916	
7.457046	
7.467227	
7.477387	
7.48753	
7.497714	
7.507886	
7.518079	
7.528193	
7.538355	
7.548566	
7.558631	
7.568797	
7.578969	
7.58909	
7.599251	
7.609403	
7.61957	
7.62971	
7.63986	
7.650013	
7.66016	
7.670308	
7.680454	
7.690599	
7.700807	
7.710872	
7.721076	
7.731236	
7.741359	
7.751484	
7.76163	
7.771787	
7.782009	
7.792094	
7.802222	
7.812484	
7.822528	
7.832639	
7.84282	
7.852946	
7.863157	
7.886503	
