10.93661	
10.94673	
10.95683	
10.96697	
10.97717	
10.9873	
10.99745	
11.00762	
11.01774	
11.02792	
11.03807	
11.04822	
11.05842	
11.06853	
11.07868	
11.08884	
11.09898	
11.10916	
11.1193	
11.12945	
11.13969	
11.1498	
11.15992	
11.17054	
11.18025	
11.19042	
11.2006	
11.21073	
11.22082	
11.23101	
11.24118	
11.25133	
11.26146	
11.27163	
11.28176	
11.29192	
11.30207	
11.31223	
11.32243	
11.33253	
11.34262	
11.35289	
11.36293	
11.37307	
11.38321	
11.39335	
11.40356	
11.41362	
11.4238	
11.43399	
11.44413	
11.45427	
11.46436	
11.47456	
11.48464	
11.49479	
11.50498	
11.51505	
11.52526	
11.53538	
11.54552	
11.55576	
11.57555	
11.57996	
11.59015	
11.60052	
11.6105	
11.62061	
11.63078	
11.64097	
11.6511	
11.66123	
11.67138	
11.68152	
11.69188	
11.70182	
11.71201	
11.72302	
11.73228	
11.74239	
11.75257	
11.76272	
11.77291	
11.78304	
11.79318	
11.80332	
11.81347	
11.82361	
11.83377	
11.84392	
11.85405	
11.86428	
11.87439	
11.88495	
11.89465	
11.90481	
11.91494	
11.92503	
11.93523	
11.94536	
11.95604	
11.96613	
11.9763	
11.98652	
11.99664	
12.00678	
12.01695	
12.02709	
12.03723	
12.04742	
12.05757	
12.06777	
12.07789	
12.08805	
12.09827	
12.10836	
12.11849	
12.12868	
12.13881	
12.14916	
12.15912	
12.16926	
12.17944	
12.18976	
12.1999	
12.21009	
12.22016	
12.23035	
12.24049	
12.25073	
12.26082	
12.27096	
12.28111	
12.29128	
12.30143	
12.31158	
12.32174	
12.33189	
12.34203	
12.35219	
12.36237	
12.37249	
12.38261	
12.39289	
12.40292	
12.41305	
12.42317	
12.43354	
12.44347	
12.45362	
12.46377	
12.47391	
12.48406	
12.49425	
12.50435	
12.51457	
12.52463	
12.53476	
12.54494	
12.55507	
12.56542	
12.57532	
12.58549	
12.59575	
12.60583	
12.61598	
12.62629	
12.63626	
12.64644	
12.6566	
12.66675	
12.67692	
12.68723	
12.69724	
12.70738	
12.71749	
12.72832	
12.73847	
12.74855	
12.75869	
12.76893	
12.77906	
12.78919	
12.79936	
12.8095	
12.81973	
12.82979	
12.83995	
12.85016	
12.86025	
12.87041	
12.88056	
12.89072	
12.90087	
12.91666	
12.92683	
