0.03398029	
0.0385502	
0.04878199	
0.05903277	
0.06905556	
0.07927535	
0.08931414	
0.09952393	
0.1095607	
0.1197935	
0.1299233	
0.1400381	
0.1501599	
0.1602687	
0.1704255	
0.1807862	
0.190732	
0.2008538	
0.2110026	
0.2290352	
0.2333552	
0.2435979	
0.2536657	
0.2638295	
0.2740163	
0.2841511	
0.2943169	
0.3044597	
0.3146065	
0.3250432	
0.335558	
0.3457128	
0.3558846	
0.3660104	
0.3761622	
0.386335	
0.3964998	
0.4065945	
0.4266761	
0.431144	
0.4412588	
0.4514166	
0.4614924	
0.4715992	
0.48175	
0.4918908	
0.5020546	
0.5123724	
0.5225021	
0.5405858	
0.5449397	
0.5551585	
0.5652053	
0.575411	
0.5855508	
0.5957296	
0.6058524	
0.6160252	
0.6387747	
0.6434816	
0.6535964	
