2.496808	
2.503514	
2.513643	
2.523884	
2.533957	
2.544485	
2.554297	
2.56439	
2.574694	
2.584809	
2.595002	
2.605143	
2.615256	
2.633276	
2.63764	
2.647801	
2.657958	
2.668148	
2.678284	
2.688424	
2.698589	
2.708744	
2.718882	
2.729015	
2.739192	
2.749369	
2.759471	
2.769658	
2.779853	
2.789948	
2.800108	
2.81032	
2.820415	
2.830562	
2.840701	
2.850875	
2.861015	
2.871137	
2.881431	
2.891587	
2.901676	
2.911814	
2.921981	
2.932129	
2.942255	
2.961614	
2.965993	
2.976097	
2.986355	
2.996466	
3.006584	
3.016771	
3.026916	
3.037114	
3.047227	
3.05738	
3.067758	
3.077714	
3.087852	
3.09802	
3.108186	
3.118325	
3.128477	
3.138654	
3.148794	
3.158928	
3.169133	
3.179393	
3.189422	
3.199571	
3.209736	
3.219926	
3.230034	
3.240192	
3.250376	
3.260465	
3.270638	
3.28079	
3.290974	
3.301172	
3.311218	
3.321937	
3.332167	
3.342203	
3.352354	
3.362579	
3.372668	
3.382811	
3.392918	
3.403105	
3.421106	
3.425512	
3.435663	
3.445775	
3.455937	
3.466222	
3.476278	
3.486421	
3.496582	
3.506741	
3.51691	
3.527055	
3.537216	
3.54738	
3.557529	
3.567677	
3.57792	
3.588019	
3.598151	
3.608332	
3.618515	
3.628633	
3.638764	
3.648921	
3.659083	
3.66928	
3.679397	
3.689548	
3.699792	
3.709876	
3.720004	
3.73017	
3.740331	
3.750895	
3.760962	
3.771147	
3.781406	
3.791467	
3.801614	
3.811838	
3.821928	
3.832062	
3.8422	
3.852619	
3.862741	
3.872872	
3.883016	
3.893144	
3.903292	
3.913452	
3.923655	
3.933743	
3.961692	
3.966052	
3.976195	
3.986451	
3.996543	
4.006655	
4.016834	
4.027013	
4.03717	
4.047328	
4.057461	
4.067657	
4.077801	
4.08792	
4.098094	
4.108264	
4.118396	
4.128657	
4.138732	
4.148851	
4.158993	
4.169157	
4.179476	
4.18948	
4.199688	
4.209838	
4.220036	
4.230249	
4.240285	
4.250487	
4.260569	
4.270758	
4.280903	
4.291061	
4.301263	
4.311409	
4.32153	
4.331718	
4.341837	
4.351978	
4.362116	
4.372299	
4.382393	
4.392579	
4.402781	
4.412865	
4.422971	
4.43312	
4.443306	
4.453483	
4.463602	
4.473738	
4.484009	
4.494045	
4.504207	
4.514328	
4.524458	
4.534598	
4.544945	
4.554895	
4.565033	
4.575196	
4.585331	
4.595982	
4.605618	
4.615781	
4.625927	
4.636149	
4.646231	
4.656417	
4.666618	
4.676728	
4.686871	
4.697017	
4.707182	
4.717382	
4.727487	
4.737637	
4.747872	
4.757946	
4.768155	
4.778279	
4.788443	
4.798574	
4.808688	
4.818898	
4.829024	
4.839174	
4.849351	
4.859454	
4.869627	
4.879776	
4.88993	
4.900113	
4.910225	
4.920386	
4.930562	
4.940691	
4.951168	
4.960994	
4.971233	
4.981479	
4.991556	
5.001735	
5.011916	
5.022018	
5.032158	
5.042305	
5.05246	
5.062597	
5.072758	
5.082907	
5.093045	
5.103194	
5.113358	
5.123477	
5.133632	
5.143767	
5.153973	
5.164097	
5.174398	
5.184514	
5.194743	
5.20484	
5.214969	
5.225112	
5.235275	
5.24553	
5.255537	
5.265711	
5.276095	
5.286025	
5.296166	
5.306324	
5.316489	
5.326625	
5.336789	
5.346961	
5.357062	
5.367255	
5.377429	
5.387607	
5.397737	
5.407875	
5.418042	
5.428252	
5.438336	
5.448484	
5.458686	
5.468804	
5.478958	
5.489123	
5.499329	
5.509534	
5.519672	
5.529819	
5.540048	
5.550119	
5.560257	
5.570406	
5.580573	
5.590944	
5.600866	
5.611015	
5.621169	
5.631311	
5.641472	
5.651631	
5.661771	
5.67193	
5.682051	
5.692258	
5.702431	
5.712563	
5.722687	
5.732809	
5.742932	
5.75307	
5.763201	
5.773392	
5.783516	
5.793645	
5.803907	
5.81401	
5.824115	
5.834263	
5.844391	
5.864905	
5.869289	
5.87942	
5.889593	
5.899733	
5.909903	
5.92007	
5.930197	
5.940362	
5.950498	
5.960674	
5.970811	
5.980924	
5.991052	
6.001254	
6.011428	
6.021622	
6.03172	
6.041849	
6.052097	
6.062157	
6.072297	
6.082492	
6.092607	
6.102741	
6.113077	
6.123025	
6.133172	
6.143304	
6.153475	
6.163595	
6.173747	
6.183964	
6.194191	
6.204291	
6.214345	
6.224489	
6.234666	
6.244783	
6.25489	
6.265057	
6.275208	
6.28541	
6.295548	
6.305704	
6.315866	
6.326037	
6.336164	
6.346325	
6.35651	
6.366624	
6.376788	
6.386977	
6.397102	
6.407244	
6.417394	
6.427771	
6.437903	
6.448037	
6.458208	
6.468436	
6.478513	
6.48863	
6.498861	
6.508938	
6.519125	
6.545847	
