0.03446233	
0.03915724	
0.04926504	
0.05945684	
0.06966164	
0.07976545	
0.08991625	
0.100093	
0.1102159	
0.1203547	
0.1305045	
0.1406733	
0.1507861	
0.1611999	
0.1711047	
0.1813045	
0.1914243	
0.2015691	
0.2116689	
0.2218857	
0.2319935	
0.2421473	
0.2523001	
0.2623809	
0.2725997	
0.2827735	
0.2929063	
0.3046001	
0.3133609	
0.3234907	
0.3336695	
0.3442763	
0.3539381	
0.3641399	
0.3743037	
0.3843925	
0.3945723	
0.4046401	
0.4147989	
0.4248997	
0.4350705	
0.4452253	
0.4553211	
0.4654929	
0.4756237	
0.4858915	
0.4959313	
0.5060991	
0.5162949	
0.5264117	
0.5365645	
0.5467313	
0.5569191	
0.5671519	
0.5772687	
0.5874426	
0.5976234	
0.6077622	
0.617907	
0.6280858	
0.6384086	
0.6485184	
0.6586642	
0.668834	
0.6790308	
0.6891686	
0.6992974	
0.7094842	
0.7196	
0.7297018	
0.7399486	
0.7500624	
0.7601922	
0.770354	
0.7804688	
0.7906626	
0.8007914	
0.8109772	
0.821103	
0.8312378	
0.8414116	
0.8515414	
0.8618132	
0.871894	
0.8820398	
0.8923456	
0.9023364	
0.9124792	
0.922607	
0.9327448	
0.9429086	
0.9531144	
0.9631672	
0.973328	
0.9834578	
0.9936056	
1.003813	
1.013974	
1.024079	
1.034257	
1.044811	
1.0545	
1.064783	
1.074796	
1.084961	
1.095224	
1.105322	
1.115453	
1.136143	
1.146546	
