9.244968	
9.255144	
9.265292	
9.275388	
9.285748	
9.295718	
9.305861	
9.316289	
9.327057	
9.337111	
9.346955	
9.357119	
9.367229	
9.377638	
9.387523	
9.397783	
9.40787	
9.417942	
9.428475	
9.438251	
9.448325	
9.458514	
9.46861	
9.47884	
9.48892	
9.499053	
9.50928	
9.51939	
9.529499	
9.539677	
9.549831	
9.559989	
9.570145	
9.580308	
9.590491	
9.600617	
9.610826	
9.620901	
9.631122	
9.641268	
9.651425	
9.661605	
9.671729	
9.681887	
9.700085	
9.704458	
9.714583	
9.724761	
9.734975	
9.745073	
9.755296	
9.765469	
9.775538	
9.785669	
9.795984	
9.805977	
9.8161	
9.826277	
9.836503	
9.846522	
9.856701	
9.866859	
9.876963	
9.887148	
9.897299	
9.907441	
9.91761	
9.927775	
9.937918	
9.948075	
9.958163	
9.968242	
9.978619	
9.988654	
9.998716	
10.00888	
10.01903	
10.02916	
10.04711	
10.05149	
10.06171	
10.07179	
10.08195	
10.09214	
10.10227	
10.11245	
10.12255	
10.13274	
10.15076	
10.15512	
10.16534	
10.17543	
10.18559	
10.19573	
10.20591	
10.21603	
10.22616	
10.23635	
10.24647	
10.25664	
10.26674	
10.27687	
10.28709	
10.29719	
10.30735	
10.31778	
10.32762	
10.33782	
10.34793	
10.35831	
10.36819	
10.37853	
10.38867	
10.39881	
10.40896	
10.41909	
10.42936	
10.43945	
10.44958	
10.45977	
10.46996	
10.48004	
10.4902	
10.50039	
10.51051	
10.52066	
10.53084	
10.54102	
10.55118	
10.56135	
10.57149	
10.58169	
10.59179	
10.60196	
10.61217	
10.62224	
10.63244	
10.64258	
10.65275	
10.66288	
10.67304	
10.6832	
10.69341	
10.70352	
10.71365	
10.7238	
10.73401	
10.74412	
10.75429	
10.76444	
10.77457	
10.78471	
10.79486	
10.80504	
10.81519	
10.8352	
10.83996	
10.84982	
10.86006	
10.87013	
10.88026	
10.89045	
10.9006	
10.91077	
10.92092	
10.93103	
10.94125	
10.95139	
10.96155	
10.9717	
10.9819	
10.99201	
11.00216	
11.01236	
11.02247	
11.03264	
11.04277	
11.053	
11.06323	
11.07336	
11.08348	
11.09372	
11.10374	
11.11395	
11.12411	
11.13425	
11.14437	
11.15467	
11.16485	
11.17506	
11.18514	
11.1953	
11.20551	
11.21559	
11.22574	
11.23588	
11.24603	
11.25623	
11.26632	
11.27651	
11.28665	
11.29675	
11.30687	
11.31838	
11.32855	
11.33868	
11.34876	
11.35892	
11.36907	
11.37927	
11.38942	
11.39956	
11.40968	
11.41991	
11.43006	
11.44021	
11.45037	
11.46053	
11.47067	
11.48126	
11.49144	
11.50179	
11.51183	
11.52198	
11.53218	
11.54234	
11.55246	
11.56263	
11.57277	
11.58295	
11.59309	
11.60324	
11.61341	
11.62351	
11.63368	
11.64385	
11.65407	
11.66414	
11.67435	
11.68452	
11.69461	
11.70486	808.926149	808.925202	777.990188	777.989241	
11.7151	808.927721	808.925202	777.99176	777.989241	
11.72516	808.929868	808.925202	777.993907	777.989241	
11.73563	808.932805	808.925202	777.996844	777.989241	
11.74549	808.936075	808.925202	778.000114	777.989241	
11.75567	808.940117	808.925202	778.004156	777.997967	
11.76584	808.94477	808.933928	778.008809	777.997967	
11.77594	808.950003	808.933928	778.014042	777.997967	
11.78607	808.955879	808.942655	778.019918	777.997967	
11.7963	808.962432	808.942655	778.026471	777.997967	
11.80739	808.970307	808.942655	778.034346	777.997967	
11.81752	808.978085	808.951382	778.042124	777.997967	
11.83764	808.996565	808.960108	778.060604	778.015421	
11.84218	809.000638	808.960108	778.064677	778.015421	
11.85254	809.010786	808.977562	778.074825	778.024147	
11.86247	809.021078	808.986288	778.085117	778.032874	
11.87259	809.032186	808.995015	778.096225	778.032874	
11.88322	809.044566	809.003742	778.108605	778.041601	
11.89293	809.0564	809.021195	778.120439	778.050327	
11.90317	809.069531	809.029921	778.13357	778.067781	
11.9133	809.08313	809.047375	778.147169	778.067781	
11.92347	809.097408	809.056101	778.161447	778.076507	
11.93369	809.112371	809.073555	778.17641	778.085234	
11.94372	809.127664	809.082281	778.191703	778.09396	
11.95392	809.143849	809.099735	778.207888	778.102687	
11.9641	809.160623	809.117188	778.224662	778.102687	
11.97424	809.177934	809.125915	778.241973	778.111414	
11.9844	809.19592	809.143368	778.259959	778.12014	
11.99453	809.214474	809.152095	778.278513	778.128867	
12.00473	809.233738	809.169548	778.297777	778.137594	
12.01493	809.25366	809.187001	778.317699	778.155047	
12.02505	809.274039	809.213181	778.338078	778.163774	
12.03529	809.295275	809.230634	778.359314	778.181227	
12.04543	809.316942	809.256814	778.380981	778.19868	
12.05572	809.339562	809.282994	778.403601	778.216134	
12.06567	809.36199	809.309174	778.42603	778.242313	
12.07582	809.385522	809.344081	778.449561	778.259767	
12.08602	809.409774	809.370261	778.473813	778.285947	
12.09648	809.435348	809.405167	778.499387	778.312127	
12.10623	809.459696	809.440074	778.523735	778.347033	
12.11652	809.486064	809.47498	778.550103	778.38194	
12.12665	809.512653	809.509887	778.576692	778.416846	
12.13675	809.539717	809.544794	778.603756	778.451753	
12.14727	809.568641	809.5797	778.63268	778.48666	
12.1571	809.596214	809.614607	778.660253	778.521566	
12.16728	809.625372	809.649513	778.689411	778.556473	
12.17736	809.654885	809.693147	778.718924	778.591379	
12.18749	809.685159	809.728053	778.749198	778.635013	
12.19788	809.716851	809.76296	778.78089	778.669919	
12.21648	809.77616	809.797866	778.840199	778.713552	
12.22107	809.790696	809.850226	778.854735	778.765912	
12.23163	809.825046	809.885133	778.889085	778.800819	
12.24175	809.858589	809.920039	778.922628	778.844452	
12.25188	809.892737	809.954946	778.956776	778.888085	
12.26214	809.928007	809.989853	778.992046	778.931719	
12.27224	809.963303	810.016032	779.027342	778.966625	
12.28238	809.999396	810.050939	779.063435	779.010258	
12.29253	810.036107	810.077119	779.100146	779.045165	
12.3027	810.073535	810.112026	779.137574	779.088798	
12.31285	810.111491	810.146932	779.17553	779.123705	
12.32306	810.150485	810.173112	779.214524	779.167338	
12.33324	810.189636	810.208019	779.253675	779.202245	
12.34342	810.229553	810.242925	779.293592	779.245878	
12.35352	810.269825	810.277832	779.333864	779.280784	
12.36373	810.311104	810.304012	779.375143	779.315691	
12.37388	810.352768	810.338918	779.416807	779.350598	
12.38403	810.395045	810.382552	779.459084	779.394231	
12.39416	810.437906	810.417458	779.501945	779.429137	
12.40437	810.481729	810.461091	779.545768	779.464044	
12.4145	810.525757	810.495998	779.589796	779.498951	
12.42472	810.570827	810.539631	779.634866	779.542584	
12.4348	810.615912	810.583265	779.679951	779.586217	
12.44498	810.662069	810.626898	779.726108	779.62985	
12.45518	810.708929	810.670531	779.772968	779.673483	
12.46522	810.75731	810.722891	779.821349	779.717117	
12.47564	810.804809	810.766524	779.868848	779.76075	
12.48568	810.852775	810.818884	779.916814	779.81311	
12.49578	810.901583	810.871244	779.965622	779.856743	
12.50591	810.951221	810.923604	780.01526	779.909103	
12.51599	811.001203	810.975964	780.065242	779.952736	
12.52629	811.052955	811.03705	780.116994	780.005096	
12.53646	811.104594	811.08941	780.168633	780.057456	
12.54653	811.156366	811.150497	780.220405	780.109816	
12.55666	811.209058	811.211583	780.273097	780.162176	
12.567	811.263555	811.263943	780.327594	780.223262	
12.57704	811.316972	811.325029	780.381011	780.275622	
12.5871	811.371365	811.386116	780.435404	780.336709	
12.59731	811.42678	811.447202	780.490819	780.397795	
12.60741	811.48238	811.508289	780.546419	780.458882	
12.61757	811.53897	811.578102	780.603009	780.511241	
12.62865	811.601468	811.639189	780.665507	780.581055	
12.63894	811.660083	811.700275	780.724122	780.642141	
12.64905	811.718222	811.770088	780.782261	780.703228	
12.65921	811.777357	811.822448	780.841396	780.755588	
12.67766	811.887195	811.935895	780.951234	780.869034	
12.68221	811.914219	811.962075	780.978258	780.895214	
12.69243	811.975688	812.023161	781.039727	780.965027	
12.70255	812.037215	812.084248	781.101254	781.026114	
12.71266	812.099258	812.145334	781.163297	781.0872	
12.72287	812.162618	812.206421	781.226657	781.148287	
12.7331	812.226681	812.258781	781.29072	781.209373	
12.74336	812.291551	812.319867	781.35559	781.279186	
12.7535	812.356289	812.380954	781.420328	781.349	
12.76363	812.421565	812.433314	781.485604	781.410086	
12.77383	812.487919	812.485673	781.551958	781.479899	
12.78388	812.553905	812.54676	781.617944	781.540986	
12.79404	812.621256	812.607846	781.685295	781.602072	
12.80421	812.689254	812.660206	781.753293	781.671885	
12.81439	812.757941	812.712566	781.82198	781.732972	
12.82453	812.827049	812.782379	781.891088	781.802785	
12.83468	812.896781	812.834739	781.96082	781.872598	
12.84487	812.967385	812.895826	782.031424	781.942411	
12.85518	813.039518	812.956912	782.103557	782.012225	
12.86511	813.109502	813.026725	782.173541	782.082038	
12.87564	813.185217	813.096539	782.249256	782.151851	
12.88549	813.255161	813.166352	782.3192	782.221664	
12.89561	813.328364	813.244892	782.392403	782.291477	
12.90575	813.402409	813.323431	782.466448	782.36129	
12.91589	813.477006	813.393245	782.541045	782.431104	
12.92619	813.553496	813.480511	782.617535	782.500917	
12.93725	813.636325	813.567778	782.700364	782.588183	
12.94737	813.712624	813.655044	782.776663	782.657996	
12.9575	813.789675	813.74231	782.853714	782.736536	
12.96765	813.867566	813.829577	782.931605	782.815076	
12.97868	813.952911	813.916843	783.01695	782.893616	
12.98798	814.025278	814.012836	783.089317	782.980882	
12.99818	814.105376	814.10883	783.169415	783.059422	
13.00825	814.185058	814.196096	783.249097	783.137962	
13.01837	814.265728	814.283363	783.329767	783.225228	
13.02867	814.348507	814.370629	783.412546	783.303768	
13.04001	814.4405	814.475349	783.504539	783.408488	
13.05018	814.523453	814.562615	783.587492	783.495755	
13.06037	814.607242	814.649882	783.671281	783.583021	
13.07046	814.690891	814.737148	783.75493	783.670287	
13.08068	814.776266	814.824415	783.840305	783.757554	
13.09084	814.861597	814.911681	783.925636	783.84482	
13.10098	814.947503	814.998948	784.011542	783.932087	
13.11118	815.034483	815.086214	784.098522	784.019353	
13.12126	815.121089	815.17348	784.185128	784.10662	
13.13146	815.209301	815.260747	784.27334	784.193886	
13.14272	815.307586	815.348013	784.371625	784.289879	
13.15284	815.39642	815.43528	784.460459	784.385872	
13.163	815.486225	815.51382	784.550264	784.473139	
13.17311	815.576226	815.592359	784.640265	784.560405	
13.18337	815.668181	815.679626	784.73222	784.647672	
13.1935	815.759628	815.766892	784.823667	784.734938	
13.20366	815.851911	815.845432	784.91595	784.822205	
13.2139	815.945534	815.932699	785.009573	784.909471	
13.22395	816.038038	816.011238	785.102077	785.005464	
13.23408	816.131905	816.098505	785.195944	785.092731	
13.24555	816.239158	816.203225	785.303197	785.197451	
13.25566	816.334016	816.290491	785.398055	785.293444	
13.26597	816.431663	816.377758	785.495702	785.38071	
13.27595	816.526576	816.473751	785.590615	785.476703	
13.28606	816.623507	816.569744	785.687546	785.572696	
13.29623	816.721519	816.665737	785.785558	785.668689	
13.30644	816.820504	816.76173	785.884543	785.764683	
13.31759	816.929543	816.86645	785.993582	785.860676	
13.32668	817.018755	816.97117	786.082794	785.956669	
13.34038	817.157633	817.075889	786.221672	786.061389	
13.35101	817.260567	817.232969	786.324606	786.201015	
13.36121	817.362905	817.346415	786.426944	786.305735	
13.37165	817.468261	817.459862	786.5323	786.410454	
13.38143	817.567561	817.573308	786.6316	786.506447	
13.39162	817.671566	817.686755	786.735605	786.611167	
13.40175	817.775665	817.791474	786.839704	786.724614	
13.41194	817.880964	817.913647	786.945003	786.829333	
13.42213	817.986843	818.027094	787.050882	786.934053	
13.43221	818.09229	818.14054	787.156329	787.0475	
13.44241	818.199578	818.253987	787.263617	787.160946	
13.45345	818.316514	818.384886	787.380553	787.283119	
13.46356	818.423996	818.489606	787.488035	787.387839	
13.47368	818.532328	818.611779	787.596367	787.501285	
13.48384	818.641774	818.725225	787.705813	787.614732	
13.49401	818.751916	818.838672	787.815955	787.728178	
13.5042	818.862921	818.943392	787.92696	787.832898	
13.51429	818.973313	819.048111	788.037352	787.946344	
13.52451	819.083883	819.152831	788.147922	788.051064	
13.53465	819.193112	819.257551	788.257151	788.173237	
13.54476	819.301311	819.362271	788.36535	788.286683	
13.55609	819.421867	819.46699	788.485906	788.408856	
13.56631	819.529942	819.57171	788.593982	788.513576	
13.57641	819.636142	819.667703	788.700181	788.627023	
13.58653	819.741939	819.763696	788.805978	788.731742	
13.59705	819.851242	819.868416	788.915281	788.845189	
13.60683	819.952316	819.964409	789.016355	788.949908	
13.61694	820.056107	820.060402	789.120146	789.054628	
13.62708	820.159682	820.165122	789.223721	789.159348	
13.63723	820.262803	820.261115	789.326842	789.264068	
13.64744	820.365806	820.357108	789.429845	789.368787	
13.65886	820.480286	820.461828	789.544325	789.482234	
13.66889	820.580161	820.566548	789.6442	789.586954	
13.67904	820.680583	820.662541	789.744622	789.691673	
13.68917	820.780273	820.758534	789.844312	789.796393	
13.70761	820.959354	820.933067	790.023393	789.988379	
13.71221	821.003968	820.985427	790.068007	790.032013	
13.72236	821.101877	821.08142	790.165916	790.136732	
13.73253	821.199312	821.177413	790.263351	790.232725	
13.74262	821.295365	821.282133	790.359404	790.328719	
13.75282	821.391915	821.369399	790.455954	790.433438	
13.76306	821.488186	821.474119	790.552225	790.529431	
13.77318	821.582629	821.570112	790.646668	790.634151	
13.78339	821.677314	821.666105	790.741353	790.730144	
13.79344	821.769954	821.770825	790.833993	790.817411	
13.80359	821.862951	821.858091	790.92699	790.913404	
13.81385	821.956303	821.962811	791.020343	791.009397	
13.82392	822.047265	822.058804	791.111304	791.096663	
13.83445	822.141689	822.154797	791.205728	791.192657	
13.84467	822.232814	822.250791	791.296853	791.28865	
13.85491	822.323429	822.346784	791.387468	791.375916	
13.86504	822.412409	822.43405	791.476448	791.471909	
13.87519	822.501088	822.530043	791.565127	791.559176	
13.8854	822.589545	822.61731	791.653584	791.646442	
13.89555	822.676895	822.713303	791.740934	791.733709	
13.90575	822.764137	822.800569	791.828176	791.820975	
13.91584	822.849808	822.887836	791.913847	791.899515	
13.92605	822.93578	822.975102	791.999819	791.986781	
13.93611	823.019898	823.053642	792.083937	792.065321	
13.94624	823.104036	823.140908	792.168075	792.152588	
13.95634	823.187358	823.219448	792.251397	792.239854	
13.9753	823.34105	823.376528	792.405089	792.388207	
13.97988	823.378211	823.411435	792.44225	792.43184	
13.9901	823.460363	823.489974	792.524402	792.51038	
14.00021	823.541128	823.568514	792.605167	792.58892	
14.01041	823.621878	823.647054	792.685917	792.66746	
14.02058	823.701814	823.725594	792.765853	792.746	
14.03072	823.780949	823.795407	792.844988	792.824539	
14.04082	823.859119	823.873947	792.923158	792.903079	
14.05096	823.937014	823.952487	793.001053	792.990346	
14.06121	824.015125	824.0223	793.079164	793.068885	
14.07145	824.092543	824.10084	793.156582	793.147425	
14.08154	824.168165	824.179379	793.232204	793.217238	
14.09172	824.243886	824.249193	793.307925	793.295778	
14.10192	824.3191	824.319006	793.383139	793.365591	
14.11201	824.392943	824.397546	793.456982	793.444131	
14.12213	824.466394	824.476085	793.530433	793.513944	
14.1323	824.539577	824.545899	793.603616	793.592484	
14.14247	824.612157	824.615712	793.676196	793.662297	
14.15257	824.683606	824.694252	793.747645	793.740837	
14.16278	824.755222	824.764065	793.819261	793.81065	
14.17298	824.826185	824.833878	793.890224	793.880464	
14.18312	824.896065	824.912418	793.960104	793.950277	
14.19326	824.965307	824.982231	794.029346	794.02009	
14.20342	825.034345	825.043317	794.098384	794.089903	
14.21355	825.10215	825.104404	794.166189	794.159716	
14.22374	825.1699	825.174217	794.233939	794.220803	
14.23386	825.236636	825.235304	794.300675	794.290616	
14.24404	825.303098	825.29639	794.367137	794.360429	
14.25424	825.369098	825.366203	794.433137	794.421516	
14.26432	825.433715	825.42729	794.497754	794.482602	
14.27581	825.506583	825.488376	794.570622	794.561142	
14.28605	825.570967	825.549463	794.635006	794.622228	
14.29608	825.633323	825.610549	794.697362	794.683315	
14.30621	825.695745	825.671636	794.759784	794.753128	
14.31634	825.757534	825.732722	794.821573	794.805488	
14.32653	825.819089	825.785082	794.883128	794.866575	
14.33665	825.879657	825.854895	794.943696	794.927661	
14.3468	825.939768	825.907255	795.003807	794.988748	
14.35703	825.999718	825.968342	795.063757	795.049834	
14.36713	826.05826	826.029428	795.122299	795.102194	
14.37842	826.123	826.099242	795.187039	795.172007	
14.38862	826.180893	826.160328	795.244932	795.224367	
14.40709	826.283145	826.221415	795.347184	795.285454	
14.41164	826.308408	826.299954	795.372447	795.355267	
14.42186	826.364395	826.361041	795.428434	795.416353	
14.43196	826.419061	826.413401	795.4831	795.468713	
14.4421	826.473372	826.474487	795.537411	795.5298	
14.45226	826.52722	826.535574	795.591259	795.590886	
14.46239	826.58023	826.587934	795.644269	795.643246	
14.47256	826.632914	826.640294	795.696953	795.695606	
14.48277	826.685142	826.692653	795.749181	795.756693	
14.49297	826.736728	826.745013	795.800767	795.809052	
14.50308	826.787248	826.797373	795.851287	795.861412	
14.51318	826.837058	826.849733	795.901097	795.913772	
14.5234	826.886932	826.893366	795.950971	795.974859	
14.53353	826.935701	826.937	795.99974	796.018492	
14.5437	826.984052	826.989359	796.048091	796.070852	
14.55384	827.031687	827.032993	796.095726	796.123212	
14.56397	827.078643	827.076626	796.142682	796.175572	
14.57414	827.125169	827.120259	796.189208	796.219205	
14.58435	827.171325	827.163892	796.235364	796.271565	
14.59449	827.216473	827.216252	796.280512	796.315198	
14.60468	827.261313	827.251159	796.325352	796.358831	
14.6148	827.305185	827.294792	796.369224	796.402464	
14.62489	827.348345	827.338425	796.412384	796.446098	
14.63505	827.391216	827.373332	796.455255	796.489731	
14.6453	827.433838	827.416965	796.497877	796.533364	
14.65554	827.475782	827.460598	796.539821	796.568271	
14.66554	827.516174	827.495505	796.580213	796.603177	
14.67578	827.556909	827.539138	796.620948	796.64681	
14.68651	827.598921	827.582771	796.66296	796.681717	
14.69666	827.638045	827.617678	796.702084	796.72535	
14.70681	827.676569	827.661311	796.740608	796.760257	
14.71689	827.714257	827.704944	796.778296	796.795163	
14.72717	827.752077	827.739851	796.816116	796.83007	
14.7372	827.788335	827.774758	796.852374	796.864977	
14.74735	827.824631	827.809664	796.88867	796.899883	
14.75752	827.860072	827.853297	796.924111	796.93479	
14.76774	827.895233	827.888204	796.959272	796.969696	
14.78757	827.960591	827.923111	797.02463	796.995876	
14.79218	827.975836	827.97547	797.039875	797.048236	
14.80232	828.008671	828.010377	797.07271	797.074416	
14.81257	828.041263	828.05401	797.105302	797.109323	
14.82262	828.072634	828.088917	797.136673	797.135503	
14.83481	828.109736	828.123823	797.173775	797.161683	
14.84291	828.134071	828.15873	797.19811	797.196589	
14.85305	828.163915	828.18491	797.227954	797.222769	
14.8632	828.193216	828.219817	797.257255	797.248949	
14.87333	828.221833	828.245997	797.285872	797.275129	
14.88348	828.250004	828.280903	797.314043	797.301309	
14.89372	828.277646	828.307083	797.341685	797.336215	
14.90385	828.304465	828.333263	797.368504	797.362395	
14.91399	828.330744	828.359443	797.394783	797.379849	
14.92408	828.356288	828.385623	797.420327	797.406029	
14.93426	828.381465	828.403076	797.445504	797.432209	
14.94436	828.405852	828.429256	797.469891	797.458389	
14.95454	828.429853	828.446709	797.493892	797.475842	
14.96477	828.453369	828.464163	797.517408	797.502022	
14.97492	828.476107	828.481616	797.540146	797.528202	
14.98495	828.497977	828.499069	797.562016	797.545655	
14.99531	828.519987	828.507796	797.584026	797.571835	
15.00543	828.540869	828.525249	797.604908	797.589288	
15.02385	828.576556	828.551429	797.640595	797.624195	
15.02838	828.585394	828.560156	797.649433	797.632921	
15.03862	828.604601	828.577609	797.66864	797.650375	
15.04872	828.622981	828.586336	797.68702	797.659101	
15.05884	828.640817	828.603789	797.704856	797.676555	
15.06898	828.65811	828.621242	797.722149	797.685281	
15.07911	828.674797	828.638696	797.738836	797.702735	
15.09806	828.703572	828.673602	797.767611	797.720188	
15.10265	828.710591	828.682329	797.77463	797.728915	
15.1128	828.725407	828.699782	797.789446	797.737641	
15.12294	828.739643	828.717235	797.803682	797.755095	
15.13309	828.753337	828.734689	797.817376	797.755095	
15.14327	828.766494	828.752142	797.830533	797.772548	
15.15341	828.779018	828.769595	797.843057	797.781274	
15.16357	828.791026	828.787049	797.855065	797.790001	
15.17422	828.802971	828.804502	797.86701	797.790001	
15.18424	828.813678	828.813229	797.877717	797.798728	
15.19691	828.826285	828.821955	797.890324	797.807454	
15.20452	828.833641	828.839408	797.89768	797.816181	
15.2147	828.842869	828.856862	797.906908	797.824908	
15.22487	828.851541	828.856862	797.91558	797.833634	
15.23505	828.859679	828.874315	797.923718	797.842361	
15.2453	828.867327	828.874315	797.931366	797.851088	
15.25544	828.874362	828.883042	797.938401	797.851088	
15.26552	828.880847	828.891768	797.944886	797.859814	
15.27566	828.886855	828.891768	797.950894	797.859814	
15.28579	828.892346	828.891768	797.956385	797.868541	
15.2982	828.898259	828.891768	797.962298	797.877268	
15.30616	828.901835	828.891768	797.965874	797.877268	
15.31652	828.905992	828.891768	797.970031	797.877268	
15.32711	828.909612	828.891768	797.973651	797.885994	
15.33706	828.912651	828.891768	797.97669	797.885994	
15.3472	828.915312	828.891768	797.979351	797.885994	
15.35735	828.917566	828.891768	797.981605	797.885994	
15.36756	828.91944	828.891768	797.983479	797.885994	
15.37763	828.925202	828.891768	797.989241	797.885994	
15.39577	828.925202	828.891768	797.989241	797.885994	
15.4023	828.925202	828.891768	797.989241	797.885994	
15.41051	828.925202	828.891768	797.989241	797.885994	
15.42073	828.925202	828.891768	797.989241	797.885994	
15.43083	828.925202	828.891768	797.989241	797.885994	
15.44097	828.925202	828.891768	797.989241	797.885994	
15.4511	828.925202	828.891768	797.989241	797.885994	
15.46145	828.925202	828.891768	797.989241	797.885994	
15.47157	828.925202	828.891768	797.989241	797.885994	
15.48168	828.925202	828.891768	797.989241	797.885994	
15.49181	828.925202	828.891768	797.989241	797.885994	
15.50462	828.925202	828.891768	797.989241	797.885994	
15.51215	828.925202	828.891768	797.989241	797.885994	
15.52257	828.925202	828.891768	797.989241	797.885994	
15.53275	828.925202	828.900495	797.989241	797.885994	
15.54285	828.925202	828.900495	797.989241	797.885994	
15.55301	828.925202	828.900495	797.989241	797.885994	
15.56315	828.925202	828.900495	797.989241	797.885994	
15.57336	828.925202	828.909222	797.989241	797.885994	
15.59139	828.925202	828.909222	797.989241	797.885994	
15.59591	828.925202	828.909222	797.989241	797.885994	
15.60882	828.925202	828.917948	797.989241	797.885994	
15.61624	828.925202	828.917948	797.989241	797.885994	
15.62648	828.925202	828.917948	797.989241	797.885994	
15.63665	828.925202	828.909222	797.989241	797.885994	
15.64699	828.925202	828.909222	797.989241	797.885994	
15.65684	828.925202	828.909222	797.989241	797.885994	
15.66698	828.925202	828.909222	797.989241	797.885994	
15.67714	828.925202	828.909222	797.989241	797.885994	
15.68726	828.925202	828.909222	797.989241	797.885994	
15.69743	828.925202	828.909222	797.989241	797.885994	
15.71018	828.925202	828.909222	797.989241	797.885994	
15.71782	828.925202	828.909222	797.989241	797.885994	
15.72792	828.925202	828.909222	797.989241	797.885994	
15.73801	828.925202	828.909222	797.989241	797.885994	
15.74816	828.925202	828.909222	797.989241	797.885994	
15.75867	828.925202	828.909222	797.989241	797.885994	
15.76846	828.925202	828.909222	797.989241	797.885994	
15.77861	828.925202	828.909222	797.989241	797.885994	
15.78881	828.925202	828.909222	797.989241	797.885994	
15.79886	828.925202	828.909222	797.989241	797.885994	
15.81168	828.925202	828.909222	797.989241	797.885994	
15.81926	828.925202	828.909222	797.989241	797.885994	
15.8294	828.925202	828.909222	797.989241	797.885994	
15.83962	828.925202	828.909222	797.989241	797.885994	
15.8497	828.925202	828.909222	797.989241	797.885994	
15.86005	828.925202	828.909222	797.989241	797.885994	
15.87004	828.925202	828.909222	797.989241	797.885994	
15.88017	828.925202	828.909222	797.989241	797.885994	
15.89033	828.925202	828.909222	797.989241	797.885994	
15.90046	828.925202	828.909222	797.989241	797.885994	
15.91064	828.925202	828.909222	797.989241	797.885994	
15.92085	828.925202	828.909222	797.989241	797.885994	
15.93096	828.925202	828.909222	797.989241	797.885994	
15.94115	828.925202	828.909222	797.989241	797.885994	
15.95126	828.925202	828.909222	797.989241	797.885994	
15.96148	828.925202	828.909222	797.989241	797.885994	
15.97167	828.925202	828.909222	797.989241	797.885994	
15.98179	828.925202	828.909222	797.989241	797.885994	
15.99194	828.925202	828.909222	797.989241	797.885994	
16.00206	828.925202	828.909222	797.989241	797.885994	
16.01225	828.925202	828.909222	797.989241	797.885994	
16.02252	828.925202	828.909222	797.989241	797.885994	
16.03257	828.925202	828.909222	797.989241	797.885994	
16.04269	828.925202	828.909222	797.989241	797.885994	
16.05294	828.925202	828.909222	797.989241	797.885994	
16.06303	828.925202	828.909222	797.989241	797.885994	
16.0732	828.925202	828.909222	797.989241	797.885994	
16.08334	828.925202	828.909222	797.989241	797.885994	
16.09351	828.925202	828.909222	797.989241	797.885994	
16.10375	828.925202	828.909222	797.989241	797.885994	
16.1138	828.925202	828.909222	797.989241	797.885994	
16.124	828.925202	828.909222	797.989241	797.885994	
16.13424	828.925202	828.909222	797.989241	797.885994	
16.1443	828.925202	828.909222	797.989241	797.885994	
16.15446	828.925202	828.909222	797.989241	797.885994	
16.16458	828.925202	828.909222	797.989241	797.885994	
16.17478	828.925202	828.909222	797.989241	797.885994	
16.18489	828.925202	828.909222	797.989241	797.885994	
16.19505	828.925202	828.909222	797.989241	797.885994	
16.2052	828.925202	828.909222	797.989241	797.885994	
16.21563	828.925202	828.909222	797.989241	797.885994	
16.22646	828.925202	828.909222	797.989241	797.885994	
16.23653	828.925202	828.909222	797.989241	797.885994	
16.2467	828.925202	828.909222	797.989241	797.885994	
16.25681	828.925202	828.909222	797.989241	797.885994	
16.26711	828.925202	828.909222	797.989241	797.885994	
16.27717	828.925202	828.909222	797.989241	797.885994	
16.28729	828.925202	828.909222	797.989241	797.885994	
16.29744	828.925202	828.909222	797.989241	797.885994	
16.30759	828.925202	828.909222	797.989241	797.885994	
16.32752	828.925202	828.909222	797.989241	797.885994	
16.3321	828.925202	828.909222	797.989241	797.885994	
16.34233	828.925202	828.909222	797.989241	797.885994	
16.35241	828.925202	828.909222	797.989241	797.885994	
16.36254	828.925202	828.909222	797.989241	797.885994	
16.3727	828.925202	828.909222	797.989241	797.885994	
16.38288	828.925202	828.909222	797.989241	797.885994	
16.39301	828.925202	828.909222	797.989241	797.885994	
16.40317	828.925202	828.909222	797.989241	797.885994	
16.41329	828.925202	828.909222	797.989241	797.885994	
16.42347	828.925202	828.909222	797.989241	797.885994	
16.43368	828.925202	828.909222	797.989241	797.885994	
16.4438	828.925202	828.909222	797.989241	797.885994	
16.45399	828.925202	828.909222	797.989241	797.885994	
16.46411	828.925202	828.909222	797.989241	797.885994	
16.47422	828.925202	828.909222	797.989241	797.885994	
16.48487	828.925202	828.909222	797.989241	797.885994	
16.49498	828.925202	828.909222	797.989241	797.885994	
16.50534	828.925202	828.909222	797.989241	797.885994	
16.51546	828.925202	828.909222	797.989241	797.885994	
16.52575	828.925202	828.909222	797.989241	797.885994	
16.53589	828.925202	828.909222	797.989241	797.885994	
16.54598	828.925202	828.909222	797.989241	797.885994	
16.55611	828.925202	828.909222	797.989241	797.885994	
16.56633	828.925202	828.909222	797.989241	797.885994	
16.57676	828.925202	828.909222	797.989241	797.885994	
16.58665	828.925202	828.909222	797.989241	797.885994	
16.59676	828.925202	828.909222	797.989241	797.885994	
16.60688	828.925202	828.909222	797.989241	797.885994	
16.61699	828.925202	828.909222	797.989241	797.885994	
16.62717	828.925202	828.909222	797.989241	797.885994	
16.63739	828.925202	828.909222	797.989241	797.885994	
16.64751	828.925202	828.909222	797.989241	797.885994	
16.65766	828.925202	828.909222	797.989241	797.885994	
16.67578	828.925202	828.909222	797.989241	797.885994	
16.68038	828.925202	828.909222	797.989241	797.885994	
16.69056	828.925202	828.909222	797.989241	797.885994	
16.7007	828.925202	828.909222	797.989241	797.885994	
16.71087	828.925202	828.909222	797.989241	797.885994	
16.72097	828.925202	828.909222	797.989241	797.885994	
16.73114	828.925202	828.909222	797.989241	797.885994	
16.74137	828.925202	828.909222	797.989241	797.885994	
16.7515	828.925202	828.909222	797.989241	797.885994	
16.76164	828.925202	828.909222	797.989241	797.885994	
16.77179	828.925202	828.909222	797.989241	797.885994	
16.78197	828.925202	828.909222	797.989241	797.885994	
16.79218	828.925202	828.909222	797.989241	797.885994	
16.80225	828.925202	828.909222	797.989241	797.885994	
16.81241	828.925202	828.909222	797.989241	797.885994	
16.82258	828.925202	828.909222	797.989241	797.885994	
16.83273	828.925202	828.909222	797.989241	797.885994	
16.84411	828.925202	828.909222	797.989241	797.885994	
16.85428	828.925202	828.909222	797.989241	797.885994	
16.8647	828.925202	828.909222	797.989241	797.885994	
16.87449	828.925202	828.909222	797.989241	797.885994	
16.88463	828.925202	828.909222	797.989241	797.885994	
16.89483	828.925202	828.909222	797.989241	797.885994	
16.90498	828.925202	828.909222	797.989241	797.885994	
16.91513	828.925202	828.909222	797.989241	797.885994	
16.92532	828.925202	828.909222	797.989241	797.885994	
16.93563	828.925202	828.909222	797.989241	797.885994	
16.94681	828.925202	828.909222	797.989241	797.885994	
16.95695	828.925202	828.909222	797.989241	797.885994	
16.96708	828.925202	828.909222	797.989241	797.885994	
16.97722	828.925202	828.909222	797.989241	797.885994	
16.98737	828.925202	828.909222	797.989241	797.885994	
16.99756	828.925202	828.909222	797.989241	797.885994	
17.01565	828.925202	828.909222	797.989241	797.885994	
17.02022	828.925202	828.909222	797.989241	797.885994	
17.03039	828.925202	828.909222	797.989241	797.885994	
17.04048	828.925202	828.909222	797.989241	797.885994	
17.05071	828.925202	828.909222	797.989241	797.885994	
17.06092	828.925202	828.909222	797.989241	797.885994	
17.07102	828.925202	828.909222	797.989241	797.885994	
17.08117	828.925202	828.909222	797.989241	797.885994	
17.09134	828.925202	828.909222	797.989241	797.885994	
17.10151	828.925202	828.909222	797.989241	797.885994	
17.11954	828.925202	828.909222	797.989241	797.885994	
17.12408	828.925202	828.909222	797.989241	797.885994	
17.13428	828.925202	828.909222	797.989241	797.885994	
17.1444	828.925202	828.909222	797.989241	797.885994	
17.1546	828.925202	828.909222	797.989241	797.885994	
17.16471	828.925202	828.909222	797.989241	797.885994	
17.17493	828.925202	828.909222	797.989241	797.885994	
17.18504	828.925202	828.909222	797.989241	797.885994	
17.19515	828.925202	828.909222	797.989241	797.885994	
17.20536	828.925202	828.909222	797.989241	797.885994	
17.21553	828.925202	828.909222	797.989241	797.885994	
17.22567	828.925202	828.909222	797.989241	797.885994	
17.23582	828.925202	828.909222	797.989241	797.885994	
17.24591	828.925202	828.909222	797.989241	797.885994	
17.25616	828.925202	828.909222	797.989241	797.885994	
17.26627	828.925202	828.909222	797.989241	797.885994	
17.27646	828.925202	828.909222	797.989241	797.885994	
17.28661	828.925202	828.909222	797.989241	797.885994	
17.29698	828.925202	828.909222	797.989241	797.885994	
17.30701	828.925202	828.909222	797.989241	797.885994	
17.31859	828.925202	828.909222	797.989241	797.885994	
17.32719	828.925202	828.909222	797.989241	797.885994	
17.33733	828.925202	828.909222	797.989241	797.885994	
17.34746	828.925202	828.909222	797.989241	797.885994	
17.35775	828.925202	828.909222	797.989241	797.885994	
17.3679	828.925202	828.909222	797.989241	797.885994	
17.37798	828.925202	828.909222	797.989241	797.885994	
17.38812	828.925202	828.909222	797.989241	797.885994	
17.39861	828.925202	828.909222	797.989241	797.885994	
17.40855	828.925202	828.909222	797.989241	797.885994	
17.41872	828.925202	828.909222	797.989241	797.885994	
17.4287	828.925202	828.909222	797.989241	797.885994	
17.43883	828.925202	828.909222	797.989241	797.885994	
17.44901	828.925202	828.909222	797.989241	797.885994	
17.46004	828.925202	828.909222	797.989241	797.885994	
17.47018	828.925202	828.909222	797.989241	797.885994	
17.48034	828.925202	828.909222	797.989241	797.885994	
17.49044	828.925202	828.909222	797.989241	797.885994	
17.50063	828.925202	828.909222	797.989241	797.885994	
17.51076	828.925202	828.909222	797.989241	797.885994	
17.52094	828.925202	828.909222	797.989241	797.885994	
17.5401	828.925202	828.909222	797.989241	797.885994	
