11.59054	
11.59799	
11.60779	
11.61812	
11.62859	
11.6384	
11.64854	
11.65865	
11.66877	
11.67897	
11.6891	
11.69923	
11.70947	
11.7196	
11.72974	
11.73983	
11.74998	
11.76016	
11.77023	
11.78042	
11.79052	
11.80073	
11.81103	
11.82887	
11.83327	
11.84336	
11.86361	
11.86801	
11.87817	
11.88838	
11.89844	
11.90857	
11.91875	
11.92888	
11.93902	
11.94918	
11.95933	
11.97734	
11.98175	
11.9919	
12.002	
12.01214	
12.02233	
12.03252	
12.04263	
12.05278	
12.06299	
12.07311	
12.08323	
12.09342	
12.10357	
12.11378	
12.12418	
12.13404	
12.14463	
12.15433	
12.16447	
12.17465	
12.18482	
12.19491	
12.20511	
12.21523	
12.22541	
12.23558	
12.24574	
12.25654	
12.26602	
12.27617	
12.28631	
12.29653	
12.30663	
12.31675	
12.32701	
12.33711	
12.34737	
12.3575	
12.36764	
12.38569	
12.39006	
12.40024	
12.41037	
12.42052	
12.43065	
12.44085	
12.45101	
12.46112	
12.47128	
12.48143	
12.49161	
12.50178	
12.51191	
12.52209	
12.53224	
12.54245	
12.55262	
12.56274	
12.57288	
12.58307	
12.59322	
12.60335	
12.61352	
12.62367	
12.64174	
12.64633	
12.65633	
12.66646	
12.67658	
12.68673	
12.6969	
12.70704	
12.7172	
12.72734	
12.73749	
12.74762	
12.75811	
12.76794	
12.77823	
12.78821	
12.79862	
12.80857	
12.81868	
12.82881	
12.83898	
12.84909	
12.85932	
12.86949	
12.87961	
12.88968	
12.90012	
12.91	
12.9201	
12.93046	
12.94043	
12.95059	
12.96079	
12.97087	
12.98107	
12.99121	
13.00601	598.946613	598.944639	568.089192	568.087218	
13.01582	598.948347	598.944639	568.090926	568.087218	
13.02603	598.950795	598.944639	568.093374	568.095945	
13.03611	598.953815	598.944639	568.096394	568.095945	
13.04633	598.957507	598.944639	568.100086	568.095945	
13.05656	598.961832	598.944639	568.10441	568.095945	
13.06665	598.966707	598.944639	568.109286	568.095945	
13.0768	598.972229	598.944639	568.114808	568.095945	
13.08689	598.978459	598.944639	568.121038	568.095945	
13.09711	598.985133	598.944639	568.127712	568.095945	
13.10872	598.993729	598.944639	568.136308	568.095945	
13.11855	599.001527	598.944639	568.144106	568.095945	
13.12872	599.010229	598.944639	568.152808	568.095945	
13.13884	599.019496	598.944639	568.162074	568.095945	
13.1506	599.031161	598.944639	568.17374	568.104672	
13.15917	599.040022	598.953366	568.182601	568.104672	
13.17738	599.061349	598.962093	568.203928	568.113398	
13.18198	599.066678	598.962093	568.209256	568.130851	
13.19208	599.079155	598.979546	568.221734	568.139578	
13.20226	599.092355	598.996999	568.234934	568.157031	
13.21244	599.106198	599.014453	568.248777	568.174485	
13.22263	599.120647	599.031906	568.263226	568.200665	
13.23282	599.13572	599.058086	568.278298	568.226845	
13.24288	599.151224	599.084266	568.293802	568.253025	
13.25306	599.167527	599.119172	568.310106	568.279204	
13.26325	599.184471	599.154079	568.32705	568.305384	
13.27338	599.201929	599.188986	568.344508	568.331564	
13.28351	599.220001	599.223892	568.36258	568.357744	
13.29365	599.238702	599.267525	568.381281	568.383924	
13.30384	599.258146	599.311159	568.400724	568.410104	
13.31412	599.278372	599.346065	568.420951	568.436284	
13.32424	599.298913	599.380972	568.441492	568.453737	
13.33439	599.320107	599.415878	568.462686	568.479917	
13.34473	599.342369	599.450785	568.484948	568.497371	
13.36273	599.383473	599.503145	568.526052	568.532277	
13.36736	599.393966	599.520598	568.536545	568.541004	
13.3775	599.417791	599.538051	568.56037	568.558457	
13.38761	599.442131	599.564231	568.58471	568.57591	
13.39774	599.467153	599.590411	568.609732	568.593364	
13.40787	599.492786	599.607865	568.635364	568.610817	
13.41826	599.519753	599.625318	568.662332	568.62827	
13.42839	599.546601	599.634044	568.689179	568.636997	
13.43852	599.574101	599.642771	568.71668	568.663177	
13.4487	599.602376	599.660224	568.744955	568.68063	
13.45885	599.631153	599.660224	568.773732	568.698083	
13.46898	599.660491	599.668951	568.803069	568.724263	
13.47933	599.691161	599.677678	568.83374	568.75917	
13.48928	599.721162	599.686404	568.863741	568.78535	
13.49946	599.752527	599.695131	568.895105	568.820257	
13.51006	599.78586	599.695131	568.928438	568.855163	
13.52017	599.818276	599.712584	568.960855	568.898796	
13.53784	599.87714	599.738764	569.019719	568.977336	
13.5424	599.892283	599.747491	569.034862	568.994789	
13.55261	599.926976	599.764944	569.069555	569.038423	
13.56273	599.962001	599.799851	569.104579	569.082056	
13.57288	599.997715	599.834757	569.140294	569.116962	
13.58307	600.034217	599.878391	569.176796	569.160596	
13.59325	600.071304	599.922024	569.213883	569.204229	
13.60333	600.108622	599.974384	569.251201	569.239136	
13.61351	600.14697	600.026744	569.289549	569.282769	
13.62412	600.187615	600.08783	569.330194	569.326402	
13.63399	600.225965	600.148917	569.368544	569.361309	
13.64403	600.265574	600.21873	569.408152	569.396215	
13.65417	600.306204	600.288543	569.448783	569.439848	
13.66442	600.347939	600.358356	569.490517	569.483482	
13.67452	600.389653	600.428169	569.532232	569.518388	
13.68466	600.432126	600.489256	569.574705	569.562021	
13.70282	600.510665	600.611429	569.653244	569.640561	
13.70746	600.530692	600.637609	569.673271	569.658015	
13.71753	600.574876	600.698695	569.717455	569.701648	
13.72778	600.620473	600.759782	569.763052	569.745281	
13.73792	600.666234	600.812142	569.808813	569.788914	
13.74803	600.712417	600.864502	569.854996	569.832547	
13.75818	600.759444	600.916861	569.902023	569.884907	
13.76867	600.80875	600.960495	569.951329	569.928541	
13.77849	600.855393	601.004128	569.997972	569.9809	
13.78859	600.904025	601.039035	570.046604	570.024534	
13.79878	600.953707	601.073941	570.096286	570.076894	
13.80893	601.0038	601.108848	570.146379	570.129253	
13.81904	601.054379	601.143754	570.196958	570.172887	
13.83012	601.110555	601.169934	570.253133	570.233973	
13.83946	601.158306	601.196114	570.300885	570.277606	
13.85987	601.265939	601.231021	570.408517	570.329966	
13.86448	601.290115	601.265927	570.432694	570.408506	
13.87461	601.34411	601.300834	570.486689	570.460866	
13.88474	601.398738	601.33574	570.541317	570.513226	
13.89493	601.454309	601.370647	570.596887	570.565586	
13.90508	601.510267	601.405554	570.652846	570.617946	
13.91521	601.566713	601.44046	570.709292	570.679032	
13.92709	601.633886	601.49282	570.776465	570.731392	
13.9355	601.681753	601.54518	570.824332	570.792479	
13.94573	601.740644	601.59754	570.883223	570.844838	
13.95586	601.799548	601.6499	570.942127	570.897198	
13.96599	601.859115	601.719713	571.001694	570.958285	
13.97617	601.919581	601.789526	571.06216	571.019371	
13.98632	601.980493	601.859339	571.123071	571.071731	
13.99647	602.042022	601.937879	571.184601	571.141544	
14.00668	602.104611	602.016419	571.247189	571.202631	
14.01679	602.167098	602.094959	571.309677	571.263717	
14.02954	602.247006	602.182225	571.389585	571.333531	
14.03719	602.295154	602.269492	571.437733	571.403344	
14.04734	602.359787	602.348031	571.502366	571.473157	
14.05746	602.424824	602.435298	571.567403	571.54297	
14.06755	602.490344	602.522564	571.632922	571.612783	
14.07776	602.557185	602.609831	571.699764	571.691323	
14.08791	602.624324	602.697097	571.766902	571.761136	
14.09815	602.692649	602.775637	571.835228	571.830949	
14.10839	602.761603	602.854177	571.904182	571.900763	
14.11866	602.831435	602.941443	571.974014	571.970576	
14.13094	602.915849	603.011257	572.058428	572.040389	
14.13866	602.969165	603.089796	572.111743	572.110202	
14.14921	603.044647	603.15961	572.187226	572.171289	
14.15896	603.111403	603.229423	572.253981	572.241102	
14.1691	603.183346	603.299236	572.325924	572.310915	
14.17926	603.256064	603.360322	572.398643	572.380728	
14.18946	603.329688	603.430136	572.472266	572.450541	
14.1996	603.403544	603.491222	572.546123	572.511628	
14.20973	603.477906	603.552309	572.620485	572.581441	
14.21985	603.552816	603.604669	572.695395	572.659981	
14.23031	603.630971	603.665755	572.77355	572.729794	
14.2402	603.705327	603.726842	572.847906	572.799607	
14.25037	603.782463	603.787928	572.925042	572.878147	
14.2612	603.865363	603.849015	573.007941	572.94796	
14.27061	603.937809	603.910101	573.080388	573.0265	
14.28083	604.017272	603.971188	573.159851	573.10504	
14.29886	604.159677	604.093361	573.302256	573.253393	
14.30346	604.195967	604.128267	573.338546	573.288299	
14.31359	604.276593	604.19808	573.419172	573.375566	
14.32375	604.358215	604.285347	573.500794	573.454106	
14.33624	604.459513	604.363887	573.602092	573.541372	
14.34449	604.526672	604.442427	573.669251	573.619912	
14.35431	604.607218	604.529693	573.749797	573.715905	
14.36443	604.69094	604.616959	573.833519	573.794445	
14.37456	604.77532	604.721679	573.917899	573.890438	
14.38481	604.86135	604.808946	574.003929	573.977704	
14.39492	604.94678	604.913665	574.089359	574.064971	
14.40502	605.032737	605.009659	574.175316	574.152237	
14.41526	605.120589	605.105652	574.263168	574.239504	
14.42536	605.207778	605.210371	574.350357	574.32677	
14.43552	605.296159	605.306365	574.438738	574.422763	
14.44574	605.385665	605.402358	574.528243	574.51003	
14.45591	605.475396	605.507077	574.617974	574.597296	
14.46615	605.566268	605.603071	574.708847	574.693289	
14.4762	605.656152	605.699064	574.798731	574.771829	
14.48633	605.747288	605.78633	574.889867	574.867822	
14.49659	605.840293	605.882323	574.982872	574.955089	
14.50673	605.932815	605.978316	575.075394	575.042355	
14.51687	606.025973	606.065583	575.168552	575.138348	
14.52705	606.120103	606.152849	575.262681	575.225615	
14.53735	606.216696	606.240116	575.359275	575.321608	
14.54739	606.31002	606.327382	575.452599	575.408874	
14.55756	606.4059	606.414649	575.548479	575.504868	
14.56769	606.501959	606.501915	575.644538	575.609587	
14.57785	606.599019	606.589182	575.741598	575.70558	
14.58815	606.698067	606.676448	575.840646	575.801574	
14.59818	606.795057	606.772441	575.937636	575.897567	
14.60832	606.893751	606.859708	576.03633	576.002286	
14.61844	606.992814	606.955701	576.135393	576.098279	
14.62856	607.092591	607.042967	576.23517	576.202999	
14.63883	607.194444	607.13896	576.337023	576.307719	
14.64899	607.295792	607.234953	576.438371	576.412439	
14.65908	607.397101	607.339673	576.53968	576.517159	
14.66922	607.49948	607.435666	576.642058	576.621878	
14.67943	607.603172	607.540386	576.745751	576.717871	
14.69	607.711316	607.645106	576.853895	576.822591	
14.69975	607.811541	607.749825	576.95412	576.927311	
14.71005	607.918053	607.854545	577.060632	577.032031	
14.71995	608.020992	607.967992	577.163571	577.128024	
14.73015	608.127738	608.081438	577.270317	577.232744	
14.74034	608.235097	608.194884	577.377676	577.337463	
14.75104	608.34839	608.317057	577.490969	577.45091	
14.76121	608.456696	608.430504	577.599274	577.555629	
14.77129	608.564628	608.54395	577.707206	577.660349	
14.78142	608.673777	608.666123	577.816356	577.773796	
14.79164	608.784471	608.77957	577.92705	577.878515	
14.8018	608.895089	608.901743	578.037668	577.983235	
14.81193	609.006071	609.015189	578.14865	578.105408	
14.8221	609.118524	609.137362	578.261103	578.218855	
14.83222	609.230262	609.259535	578.372841	578.332301	
14.84245	609.344228	609.372982	578.486807	578.445747	
14.85371	609.470462	609.503881	578.613041	578.576647	
14.86394	609.585656	609.626054	578.728235	578.690093	
14.88195	609.790908	609.835494	578.933487	578.899533	
14.88649	609.842666	609.887854	578.985245	578.960619	
14.89669	609.959536	610.010027	579.102115	579.074066	
14.90677	610.07574	610.1322	579.218319	579.196239	
14.91698	610.194026	610.245646	579.336605	579.309685	
14.92713	610.312245	610.359093	579.454823	579.431858	
14.93725	610.430669	610.481266	579.573247	579.554031	
14.94746	610.550869	610.594712	579.693447	579.667478	
14.95763	610.671242	610.716885	579.813821	579.789651	
14.96778	610.791817	610.830332	579.934396	579.911824	
14.97792	610.912985	610.952505	580.055564	580.033997	
14.98809	611.035108	611.074678	580.177687	580.147443	
14.99858	611.161072	611.188124	580.303651	580.269616	
15.00837	611.278516	611.301571	580.421095	580.391789	
15.01851	611.400184	611.423744	580.542763	580.505236	
15.02867	611.522068	611.53719	580.664647	580.627409	
15.03878	611.64346	611.650636	580.786039	580.749582	
15.04908	611.767096	611.772809	580.909675	580.871755	
15.05919	611.88838	611.886256	581.030959	580.993928	
15.0693	612.009736	611.999702	581.152315	581.124828	
15.07954	612.132592	612.121875	581.275171	581.238274	
15.0896	612.253204	612.235322	581.395783	581.369174	
15.10007	612.378976	612.348768	581.521555	581.491347	
15.10988	612.4966	612.470941	581.639179	581.61352	
15.12003	612.61846	612.593114	581.761039	581.735693	
15.13024	612.740968	612.715287	581.883547	581.857866	
15.14034	612.86218	612.83746	582.004759	581.980039	
15.15067	612.99292	612.959633	582.135499	582.102212	
15.16184	613.120132	613.09926	582.262711	582.241838	
15.17202	613.24234	613.212706	582.384919	582.364012	
15.18215	613.364248	613.343606	582.506827	582.486185	
15.19228	613.485472	613.465779	582.628051	582.608358	
15.20247	613.607668	613.587952	582.750247	582.730531	
15.21264	613.729804	613.710125	582.872383	582.86143	
15.22277	613.851364	613.832298	582.993943	582.974877	
15.233	613.974052	613.963198	583.116631	583.105776	
15.24306	614.094748	614.085371	583.237327	583.227949	
15.25327	614.217304	614.207544	583.359883	583.350123	
15.26458	614.353156	614.34717	583.495735	583.481022	
15.27461	614.47342	614.47807	583.615999	583.603195	
15.28475	614.595004	614.600243	583.737583	583.716642	
15.29489	614.716708	614.722416	583.859287	583.838815	
15.30506	614.838784	614.844589	583.981363	583.952261	
15.31528	614.96146	614.966762	584.104039	584.083161	
15.32537	615.082492	615.088935	584.225071	584.196607	
15.33559	615.20512	615.219835	584.347699	584.31878	
15.34583	615.328012	615.342008	584.470591	584.440953	
15.35585	615.448192	615.464181	584.590771	584.563126	
15.36717	615.5842	615.603807	584.726779	584.694026	
15.3776	615.709264	615.72598	584.851843	584.816199	
15.38742	615.82714	615.848153	584.969719	584.938372	
15.39758	615.948988	615.970326	585.091567	585.060545	
15.40767	616.070224	616.092499	585.212803	585.182718	
15.41787	616.192456	616.223399	585.335035	585.304891	
15.42799	616.313908	616.345572	585.456487	585.427064	
15.43818	616.43656	616.467745	585.579139	585.557964	
15.44832	616.55788	616.589918	585.700459	585.680137	
15.45868	616.68232	616.712091	585.824899	585.80231	
15.46989	616.816744	616.851718	585.959323	585.941936	
15.48016	616.939996	616.973891	586.082575	586.06411	
15.49036	617.062444	617.10479	586.205023	586.186283	
15.50043	617.18326	617.226963	586.325839	586.308456	
15.51062	617.305528	617.349136	586.448107	586.430629	
15.52124	617.432992	617.480036	586.575571	586.561528	
15.53137	617.554492	617.602209	586.697071	586.674975	
15.54153	617.6764	617.724382	586.818979	586.797148	
15.55167	617.79814	617.837829	586.940719	586.919321	
15.56186	617.92042	617.951275	587.062999	587.041494	
15.57299	618.05404	618.073448	587.196619	587.172394	
15.58296	618.17374	618.195621	587.316319	587.294567	
15.59314	618.295768	618.300341	587.438347	587.408013	
15.60326	618.417196	618.422514	587.559775	587.530186	
15.61338	618.538648	618.527234	587.681227	587.652359	
15.62362	618.66154	618.649407	587.804119	587.774532	
15.63374	618.782956	618.754126	587.925535	587.896705	
15.64391	618.905008	618.867573	588.047587	588.010152	
15.65403	619.026448	618.981019	588.169027	588.132325	
15.66415	619.147852	619.103192	588.290431	588.245771	
15.67553	619.28446	619.225365	588.427039	588.385397	
15.68565	619.405936	619.347538	588.548515	588.50757	
15.69583	619.528108	619.460985	588.670687	588.629744	
15.70599	619.64998	619.583158	588.792559	588.760643	
15.71609	619.77112	619.705331	588.913699	588.87409	
15.72631	619.893796	619.836231	589.036375	589.004989	
15.73645	620.015476	619.958404	589.158055	589.127162	
15.74658	620.137012	620.080577	589.279591	589.258062	
15.75675	620.259088	620.20275	589.401667	589.380235	
15.76685	620.380264	620.333649	589.522843	589.502408	
15.77827	620.5174	620.482002	589.659979	589.642034	
15.78834	620.638156	620.604175	589.780735	589.764208	
15.79844	620.759344	620.743802	589.901923	589.886381	
15.80859	620.881264	620.874701	590.023843	589.999827	
15.81882	621.003988	621.005601	590.146567	590.130727	
15.82888	621.124672	621.127774	590.267251	590.244173	
15.83899	621.24604	621.267401	590.388619	590.366346	
15.85049	621.38722	621.389574	590.529799	590.488519	
15.85934	621.490204	621.520473	590.632783	590.610692	
15.87918	621.728248	621.651373	590.870827	590.732865	
15.88379	621.783652	621.825906	590.926231	590.898672	
15.89399	621.906028	621.956806	591.048607	591.029571	
15.90412	622.027564	622.087705	591.170143	591.160471	
15.91431	622.149772	622.209878	591.292351	591.291371	
15.92445	622.271464	622.332051	591.414043	591.42227	
15.93461	622.393468	622.462951	591.536047	591.544443	
15.94487	622.516504	622.585124	591.659083	591.666616	
15.95494	622.637344	622.707297	591.779923	591.788789	
15.96505	622.758628	622.82947	591.901207	591.910963	
15.97529	622.881556	622.951643	592.024135	592.033136	
15.98546	623.003656	623.073816	592.146235	592.146582	
15.99561	623.125336	623.195989	592.267915	592.260028	
16.00569	623.246368	623.309436	592.388947	592.382201	
16.01592	623.369152	623.431609	592.511731	592.495648	
16.02602	623.490316	623.545055	592.632895	592.609094	
16.03622	623.612692	623.667228	592.755271	592.722541	
16.04636	623.734432	623.780675	592.877011	592.844714	
16.05651	623.856256	623.894121	592.998835	592.95816	
16.06669	623.978284	624.007567	593.120863	593.071606	
16.07677	624.09934	624.112287	593.241919	593.19378	
16.08706	624.22276	624.225734	593.365339	593.315953	
16.09725	624.345136	624.33918	593.487715	593.438126	
16.10734	624.466168	624.4439	593.608747	593.560299	
16.1175	624.587992	624.54862	593.730571	593.682472	
16.12761	624.709468	624.662066	593.852047	593.804645	
16.13795	624.833524	624.775512	593.976103	593.935544	
16.14815	624.955852	624.880232	594.098431	594.057718	
16.15865	625.0819	625.002405	594.224479	594.179891	
16.16876	625.203148	625.107125	594.345727	594.31079	
16.17885	625.324276	625.229298	594.466855	594.432963	
16.18903	625.446484	625.351471	594.589063	594.555136	
16.1992	625.568488	625.473644	594.711067	594.677309	
16.20933	625.690012	625.595817	594.832591	594.808209	
16.21952	625.812292	625.71799	594.954871	594.930382	
16.23005	625.938652	625.84889	595.081231	595.052555	
16.23982	626.05588	625.97979	595.198459	595.183455	
16.24991	626.177032	626.110689	595.319611	595.296901	
16.26007	626.298856	626.241589	595.441435	595.427801	
16.27027	626.421796	626.381215	595.564375	595.549974	
16.28043	626.543236	626.512115	595.685815	595.672147	
16.29154	626.676568	626.660468	595.819147	595.811773	
16.30976	626.895256	626.904814	596.037835	596.02994	
16.31444	626.951077	626.965901	596.093656	596.082299	
16.3245	627.070621	627.0968	596.2132	596.204472	
16.33472	627.191531	627.236427	596.33411	596.317919	
16.34507	627.313181	627.367326	596.45576	596.440092	
16.35502	627.429583	627.498226	596.572162	596.553538	
16.36518	627.547866	627.629126	596.690445	596.675711	
16.37529	627.664888	627.760025	596.807467	596.797884	
16.38548	627.78226	627.882198	596.924839	596.911331	
16.3957	627.899409	628.004371	597.041988	597.033504	
16.40584	628.014996	628.126545	597.157575	597.14695	
16.41602	628.130305	628.248718	597.272884	597.260397	
16.42623	628.245354	628.353437	597.387933	597.38257	
16.43629	628.358214	628.47561	597.500792	597.496016	
16.4465	628.472105	628.58033	597.614684	597.609463	
16.45668	628.584989	628.68505	597.727568	597.722909	
16.46679	628.696488	628.78977	597.839067	597.836355	
16.47696	628.808151	628.885763	597.95073	597.941075	
16.48729	628.921888	628.990482	598.064467	598.054521	
16.49732	629.029673	629.086476	598.172252	598.159241	
16.50768	629.141405	629.191195	598.283984	598.272688	
16.51762	629.24804	629.287188	598.390619	598.377407	
16.52777	629.356318	629.383182	598.498897	598.490854	
16.53788	629.46356	629.479175	598.606139	598.595574	
16.54814	629.571677	629.575168	598.714256	598.70902	
16.5582	629.677639	629.679888	598.820218	598.822466	
16.56837	629.78327	629.775881	598.925849	598.927186	
16.5785	629.888248	629.871874	599.030827	599.031906	
16.5888	629.994381	629.976594	599.13696	599.136626	
16.5995	630.104	630.081313	599.246579	599.241345	
16.60964	630.207208	630.186033	599.349787	599.346065	
16.61989	630.310885	630.282026	599.453464	599.450785	
16.62998	630.412352	630.378019	599.554931	599.555505	
16.64034	630.515916	630.482739	599.658494	599.651498	
16.65035	630.615325	630.587459	599.757904	599.747491	
16.66046	630.715273	630.683452	599.857852	599.843484	
16.67059	630.814658	630.779445	599.957237	599.939477	
16.6808	630.914283	630.884165	600.056862	600.03547	
16.69134	631.016474	630.980158	600.159053	600.131463	
16.70218	631.120756	631.093604	600.263334	600.236183	
16.71236	631.218116	631.189597	600.360695	600.332176	
16.72275	631.316855	631.28559	600.459434	600.428169	
16.73263	631.410208	631.39031	600.552787	600.532889	
16.74283	631.505945	631.486303	600.648524	600.628882	
16.75304	631.601173	631.582296	600.743752	600.724875	
16.76315	631.694752	631.67829	600.837331	600.820868	
16.77326	631.787851	631.774283	600.930429	600.916861	
16.78345	631.880983	631.870276	601.023561	601.021581	
16.79359	631.973164	631.966269	601.115743	601.117574	
16.80523	632.078073	632.070989	601.220652	601.222294	
16.81506	632.166047	632.158255	601.308626	601.318287	
16.8253	632.257074	632.254248	601.399653	601.405554	
16.8354	632.346272	632.350241	601.48885	601.501547	
16.8455	632.434862	632.437508	601.577441	601.588813	
16.85569	632.523725	632.524774	601.666303	601.684806	
16.86586	632.611703	632.612041	601.754282	601.772073	
16.876	632.698836	632.699307	601.841415	601.859339	
16.88615	632.785442	632.786574	601.92802	601.937879	
16.89631	632.871526	632.87384	602.014105	602.025146	
16.90789	632.968826	632.969833	602.111405	602.103685	
16.9178	633.051384	633.0571	602.193963	602.190952	
16.92791	633.135154	633.135639	602.277733	602.260765	
16.93815	633.219398	633.222906	602.361977	602.339305	
16.94857	633.304404	633.310172	602.446983	602.417845	
16.95838	633.384128	633.388712	602.526707	602.496384	
16.96852	633.4654	633.467252	602.607979	602.574924	
16.97865	633.546238	633.554518	602.688817	602.662191	
16.98877	633.626435	633.624332	602.769014	602.740731	
16.99893	633.706373	633.702871	602.848952	602.81927	
17.01061	633.797325	633.790138	602.939904	602.915263	
17.02034	633.872517	633.868678	603.015096	602.993803	
17.03059	633.951237	633.938491	603.093816	603.08107	
17.04068	634.02797	634.025757	603.170548	603.15961	
17.05083	634.104644	634.095571	603.247223	603.246876	
17.06102	634.180958	634.17411	603.323536	603.325416	
17.0711	634.255906	634.25265	603.398485	603.403956	
17.08131	634.331161	634.33119	603.47374	603.482495	
17.09142	634.405111	634.40973	603.54769	603.561035	
17.10158	634.47877	634.479543	603.621348	603.630848	
17.11306	634.561194	634.566809	603.703772	603.709388	
17.12341	634.634862	634.645349	603.777441	603.787928	
17.13355	634.70648	634.723889	603.849059	603.849015	
17.1438	634.778269	634.793702	603.920848	603.918828	
17.15389	634.848318	634.872242	603.990897	603.988641	
17.16408	634.918415	634.942055	604.060994	604.058454	
17.17423	634.98764	635.020595	604.130219	604.128267	
17.18441	635.056455	635.090408	604.199033	604.189354	
17.19456	635.12445	635.160221	604.267029	604.259167	
17.20469	635.191704	635.230035	604.334282	604.320254	
17.21565	635.263769	635.299848	604.406347	604.390067	
17.22578	635.329743	635.369661	604.472322	604.45988	
17.23592	635.39513	635.430747	604.537709	604.520966	
17.24607	635.46011	635.491834	604.602689	604.59078	
17.2562	635.52426	635.55292	604.666839	604.651866	
17.26714	635.592838	635.614007	604.735417	604.721679	
17.27649	635.650903	635.675094	604.793482	604.791492	
17.28666	635.713528	635.73618	604.856106	604.852579	
17.29688	635.775773	635.797267	604.918352	604.922392	
17.30728	635.839089	635.858353	604.981667	604.983479	
17.31839	635.905033	635.91944	605.047612	605.053292	
17.32841	635.96401	635.980526	605.106589	605.114378	
17.33857	636.023353	636.041613	605.165932	605.175465	
17.34882	636.082719	636.102699	605.225298	605.236551	
17.35885	636.140173	636.155059	605.282751	605.288911	
17.36905	636.197963	636.216146	605.340542	605.349998	
17.37916	636.254637	636.268505	605.397216	605.402358	
17.38928	636.310779	636.329592	605.453358	605.454718	
17.39951	636.366893	636.381952	605.509472	605.498351	
17.41005	636.424086	636.434312	605.566665	605.550711	
17.42136	636.484669	636.486672	605.627248	605.611797	
17.43113	636.536413	636.539031	605.678992	605.664157	
17.44134	636.589946	636.591391	605.732524	605.716517	
17.45146	636.642369	636.626298	605.784948	605.768877	
17.46162	636.694369	636.678658	605.836948	605.81251	
17.47188	636.746294	636.722291	605.888873	605.873597	
17.482	636.796921	636.765924	605.9395	605.91723	
17.49219	636.847269	636.818284	605.989848	605.96959	
17.50236	636.8969	636.861917	606.039478	606.02195	
17.51249	636.945709	636.905551	606.088288	606.074309	
17.52379	636.999458	636.957911	606.142036	606.126669	
17.53387	637.04676	637.001544	606.189338	606.179029	
17.54405	637.093942	637.045177	606.236521	606.222662	
17.55424	637.140583	637.097537	606.283161	606.275022	
17.56435	637.186223	637.14117	606.328802	606.318655	
17.57454	637.231613	637.19353	606.374192	606.362289	
17.58471	637.276311	637.237163	606.41889	606.414649	
17.59485	637.320327	637.289523	606.462905	606.458282	
17.60498	637.363637	637.341883	606.506216	606.501915	
17.61512	637.406395	637.385516	606.548974	606.545548	
17.62675	637.454644	637.446603	606.597222	606.589182	
17.63672	637.495408	637.490236	606.637986	606.632815	
17.64665	637.535495	637.533869	606.678074	606.676448	
17.65681	637.575844	637.577502	606.718423	606.711355	
17.6673	637.617172	637.621136	606.75975	606.754988	
17.67714	637.654798	637.673496	606.797376	606.789894	
17.68729	637.693328	637.708402	606.835907	606.833528	
17.69747	637.731362	637.760762	606.873941	606.877161	
17.70759	637.768569	637.795669	606.911147	606.912067	
17.71768	637.80512	637.830575	606.947699	606.946974	
17.72912	637.845694	637.874208	606.988273	606.990607	
17.73915	637.880694	637.909115	607.023273	607.025514	
17.74931	637.915577	637.944022	607.058155	607.06042	
17.75953	637.950062	637.970201	607.092641	607.095327	
17.77004	637.984886	638.005108	607.127465	607.130234	
17.77977	638.016579	638.031288	607.159158	607.16514	
17.79004	638.049401	638.057468	607.19198	607.200047	
17.80007	638.080861	638.083648	607.22344	607.226227	
17.81017	638.111956	638.109828	607.254535	607.261133	
17.82034	638.142702	638.136008	607.285281	607.287313	
17.83206	638.177234	638.162188	607.319813	607.32222	
17.84185	638.205586	638.188368	607.348165	607.3484	
17.86132	638.259271	638.232001	607.40185	607.409486	
17.86587	638.271864	638.240728	607.414443	607.418213	
17.87607	638.299391	638.266907	607.44197	607.444393	
17.88623	638.326206	638.293087	607.468785	607.470573	
17.89641	638.352489	638.319267	607.495068	607.496753	
17.90657	638.378098	638.336721	607.520677	607.514206	
17.91669	638.403047	638.362901	607.545625	607.540386	
17.92687	638.427546	638.389081	607.570125	607.566566	
17.93718	638.451749	638.41526	607.594328	607.584019	
17.94723	638.474734	638.44144	607.617313	607.610199	
17.95738	638.497396	638.46762	607.639975	607.627652	
17.96755	638.51949	638.4938	607.662068	607.653832	
17.97766	638.540887	638.51998	607.683466	607.671286	
17.98784	638.561838	638.54616	607.704417	607.688739	
17.99796	638.582072	638.563613	607.724651	607.714919	
18.00821	638.601979	638.589793	607.744558	607.732372	
18.01831	638.621017	638.615973	607.763595	607.758552	
18.02862	638.639864	638.633427	607.782442	607.776005	
18.03862	638.657574	638.65088	607.800153	607.793459	
18.04878	638.674961	638.67706	607.81754	607.819639	
18.0589	638.69171	638.694513	607.834289	607.828365	
18.06903	638.707911	638.711966	607.85049	607.854545	
18.07921	638.723624	638.72942	607.866203	607.863272	
18.08946	638.738843	638.738146	607.881422	607.889452	
18.09956	638.753275	638.7556	607.895854	607.898178	
18.10968	638.767171	638.773053	607.90975	607.915632	
18.11981	638.780524	638.78178	607.923103	607.933085	
18.13032	638.793742	638.790506	607.936321	607.941812	
18.14045	638.805951	638.799233	607.948529	607.950538	
18.1503	638.817276	638.80796	607.959855	607.959265	
18.16182	638.829764	638.80796	607.972343	607.967992	
18.17064	638.83897	638.816686	607.981548	607.967992	
18.18086	638.84903	638.816686	607.991609	607.976718	
18.19096	638.858428	638.825413	608.001007	607.985445	
18.20118	638.867392	638.825413	608.009971	607.985445	
18.21136	638.875768	638.825413	608.018347	607.994172	
18.22149	638.883566	638.825413	608.026145	607.994172	
18.2317	638.89089	638.825413	608.033469	607.994172	
18.24281	638.898203	638.834139	608.040782	607.994172	
18.25257	638.904174	638.842866	608.046753	607.994172	
18.26272	638.909868	638.842866	608.052447	607.994172	
18.27294	638.915084	638.851593	608.057663	607.994172	
18.28312	638.919782	638.860319	608.062361	607.994172	
18.29326	638.923979	638.860319	608.066558	607.994172	
18.30342	638.927709	638.877773	608.070288	608.002898	
18.3136	638.930987	638.886499	608.073566	608.002898	
18.3237	638.933803	638.895226	608.076382	608.011625	
18.33388	638.936219	638.912679	608.078798	608.020352	
18.34545	638.938413	638.930133	608.080991	608.037805	
18.35524	638.93997	638.938859	608.082549	608.046531	
18.36538	638.944639	638.947586	608.087218	608.063985	
18.37553	638.944639	638.965039	608.087218	608.072711	
18.3857	638.944639	638.965039	608.087218	608.081438	
18.39589	638.944639	638.973766	608.087218	608.098891	
18.40598	638.944639	638.982492	608.087218	608.107618	
18.41617	638.944639	638.982492	608.087218	608.107618	
18.42634	638.944639	638.973766	608.087218	608.107618	
18.43644	638.944639	638.965039	608.087218	608.116345	
18.44733	638.944639	638.965039	608.087218	608.116345	
18.45723	638.944639	638.965039	608.087218	608.107618	
18.46731	638.944639	638.956313	608.087218	608.107618	
18.47746	638.944639	638.956313	608.087218	608.107618	
18.48754	638.944639	638.947586	608.087218	608.098891	
18.49778	638.944639	638.947586	608.087218	608.098891	
18.50791	638.944639	638.947586	608.087218	608.090165	
18.5181	638.944639	638.947586	608.087218	608.090165	
18.5282	638.944639	638.947586	608.087218	608.090165	
18.53868	638.944639	638.947586	608.087218	608.090165	
18.5485	638.944639	638.956313	608.087218	608.090165	
18.55865	638.944639	638.956313	608.087218	608.090165	
18.56882	638.944639	638.956313	608.087218	608.081438	
18.57895	638.944639	638.956313	608.087218	608.081438	
18.58909	638.944639	638.956313	608.087218	608.081438	
18.59927	638.944639	638.956313	608.087218	608.081438	
18.6095	638.944639	638.956313	608.087218	608.081438	
18.61961	638.944639	638.956313	608.087218	608.081438	
18.62971	638.944639	638.956313	608.087218	608.081438	
18.63988	638.944639	638.956313	608.087218	608.081438	
18.64997	638.944639	638.956313	608.087218	608.081438	
18.66013	638.944639	638.956313	608.087218	608.081438	
18.67029	638.944639	638.956313	608.087218	608.081438	
18.68043	638.944639	638.956313	608.087218	608.081438	
18.69069	638.944639	638.956313	608.087218	608.081438	
18.70077	638.944639	638.956313	608.087218	608.081438	
18.71099	638.944639	638.956313	608.087218	608.081438	
18.72121	638.944639	638.956313	608.087218	608.081438	
18.73126	638.944639	638.956313	608.087218	608.081438	
18.7414	638.944639	638.956313	608.087218	608.081438	
18.75163	638.944639	638.956313	608.087218	608.081438	
18.76176	638.944639	638.956313	608.087218	608.081438	
18.77187	638.944639	638.956313	608.087218	608.081438	
18.78206	638.944639	638.956313	608.087218	608.081438	
18.79221	638.944639	638.956313	608.087218	608.081438	
18.80238	638.944639	638.956313	608.087218	608.081438	
18.81256	638.944639	638.956313	608.087218	608.081438	
18.82271	638.944639	638.956313	608.087218	608.081438	
18.83288	638.944639	638.956313	608.087218	608.081438	
18.84302	638.944639	638.956313	608.087218	608.081438	
18.85317	638.944639	638.956313	608.087218	608.081438	
18.86335	638.944639	638.956313	608.087218	608.081438	
18.87354	638.944639	638.956313	608.087218	608.081438	
18.88365	638.944639	638.956313	608.087218	608.081438	
18.89381	638.944639	638.956313	608.087218	608.081438	
18.90398	638.944639	638.956313	608.087218	608.081438	
18.91415	638.944639	638.956313	608.087218	608.081438	
18.92428	638.944639	638.956313	608.087218	608.081438	
18.93443	638.944639	638.956313	608.087218	608.081438	
18.94462	638.944639	638.956313	608.087218	608.081438	
18.95479	638.944639	638.956313	608.087218	608.081438	
18.96495	638.944639	638.956313	608.087218	608.081438	
18.9751	638.944639	638.956313	608.087218	608.081438	
18.98529	638.944639	638.956313	608.087218	608.081438	
18.99542	638.944639	638.956313	608.087218	608.081438	
19.00557	638.944639	638.956313	608.087218	608.081438	
19.0158	638.944639	638.956313	608.087218	608.081438	
19.02592	638.944639	638.956313	608.087218	608.081438	
19.03608	638.944639	638.956313	608.087218	608.081438	
19.04623	638.944639	638.956313	608.087218	608.081438	
19.05642	638.944639	638.956313	608.087218	608.081438	
19.07446	638.944639	638.956313	608.087218	608.081438	
19.079	638.944639	638.956313	608.087218	608.081438	
19.08924	638.944639	638.956313	608.087218	608.081438	
19.09931	638.944639	638.956313	608.087218	608.081438	
19.11735	638.944639	638.956313	608.087218	608.081438	
19.12211	638.944639	638.956313	608.087218	608.081438	
19.13206	638.944639	638.956313	608.087218	608.081438	
19.14222	638.944639	638.956313	608.087218	608.081438	
19.15234	638.944639	638.956313	608.087218	608.081438	
19.16391	638.944639	638.956313	608.087218	608.081438	
19.17267	638.944639	638.956313	608.087218	608.081438	
19.18284	638.944639	638.956313	608.087218	608.081438	
19.19299	638.944639	638.956313	608.087218	608.081438	
19.20316	638.944639	638.956313	608.087218	608.081438	
19.2133	638.944639	638.956313	608.087218	608.081438	
19.22345	638.944639	638.956313	608.087218	608.081438	
19.23383	638.944639	638.956313	608.087218	608.081438	
19.24397	638.944639	638.956313	608.087218	608.081438	
19.25413	638.944639	638.956313	608.087218	608.081438	
19.26429	638.944639	638.956313	608.087218	608.081438	
19.2745	638.944639	638.956313	608.087218	608.081438	
19.28459	638.944639	638.956313	608.087218	608.081438	
19.29473	638.944639	638.956313	608.087218	608.081438	
19.30487	638.944639	638.956313	608.087218	608.081438	
19.31505	638.944639	638.956313	608.087218	608.081438	
19.32519	638.944639	638.956313	608.087218	608.081438	
19.33538	638.944639	638.956313	608.087218	608.081438	
19.34558	638.944639	638.956313	608.087218	608.081438	
19.35569	638.944639	638.956313	608.087218	608.081438	
19.36584	638.944639	638.956313	608.087218	608.081438	
19.376	638.944639	638.956313	608.087218	608.081438	
19.38616	638.944639	638.956313	608.087218	608.081438	
19.39632	638.944639	638.956313	608.087218	608.081438	
19.40642	638.944639	638.956313	608.087218	608.081438	
19.4166	638.944639	638.956313	608.087218	608.081438	
19.42684	638.944639	638.956313	608.087218	608.081438	
19.43704	638.944639	638.956313	608.087218	608.081438	
19.44719	638.944639	638.956313	608.087218	608.081438	
19.45736	638.944639	638.956313	608.087218	608.081438	
19.46747	638.944639	638.956313	608.087218	608.081438	
19.47761	638.944639	638.956313	608.087218	608.081438	
19.48778	638.944639	638.956313	608.087218	608.081438	
19.4979	638.944639	638.956313	608.087218	608.081438	
19.50809	638.944639	638.956313	608.087218	608.081438	
19.5182	638.944639	638.956313	608.087218	608.081438	
19.52835	638.944639	638.956313	608.087218	608.081438	
19.53871	638.944639	638.956313	608.087218	608.081438	
19.54864	638.944639	638.956313	608.087218	608.081438	
19.55878	638.944639	638.956313	608.087218	608.081438	
19.56892	638.944639	638.956313	608.087218	608.081438	
19.57907	638.944639	638.956313	608.087218	608.081438	
19.5892	638.944639	638.956313	608.087218	608.081438	
19.59941	638.944639	638.956313	608.087218	608.081438	
19.60961	638.944639	638.956313	608.087218	608.081438	
19.61967	638.944639	638.956313	608.087218	608.081438	
19.62983	638.944639	638.956313	608.087218	608.081438	
19.64001	638.944639	638.956313	608.087218	608.081438	
19.65009	638.944639	638.956313	608.087218	608.081438	
19.66026	638.944639	638.956313	608.087218	608.081438	
19.67041	638.944639	638.956313	608.087218	608.081438	
19.68057	638.944639	638.956313	608.087218	608.081438	
19.69079	638.944639	638.956313	608.087218	608.081438	
19.70095	638.944639	638.956313	608.087218	608.081438	
19.71108	638.944639	638.956313	608.087218	608.081438	
19.72128	638.944639	638.956313	608.087218	608.081438	
19.73136	638.944639	638.956313	608.087218	608.081438	
19.74151	638.944639	638.956313	608.087218	608.081438	
19.75174	638.944639	638.956313	608.087218	608.081438	
19.76186	638.944639	638.956313	608.087218	608.081438	
19.772	638.944639	638.956313	608.087218	608.081438	
19.78218	638.944639	638.956313	608.087218	608.081438	
19.79233	638.944639	638.956313	608.087218	608.081438	
19.80252	638.944639	638.956313	608.087218	608.081438	
19.81267	638.944639	638.956313	608.087218	608.081438	
19.82282	638.944639	638.956313	608.087218	608.081438	
19.833	638.944639	638.956313	608.087218	608.081438	
19.84311	638.944639	638.956313	608.087218	608.081438	
19.8635	638.944639	638.956313	608.087218	608.081438	
19.86816	638.944639	638.956313	608.087218	608.081438	
19.87825	638.944639	638.956313	608.087218	608.081438	
19.88838	638.944639	638.956313	608.087218	608.081438	
19.89852	638.944639	638.956313	608.087218	608.081438	
19.90866	638.944639	638.956313	608.087218	608.081438	
19.91881	638.944639	638.956313	608.087218	608.081438	
19.92899	638.944639	638.956313	608.087218	608.081438	
19.93916	638.944639	638.956313	608.087218	608.081438	
19.94928	638.944639	638.956313	608.087218	608.081438	
19.96734	638.944639	638.956313	608.087218	608.081438	
19.97191	638.944639	638.956313	608.087218	608.081438	
19.98207	638.944639	638.956313	608.087218	608.081438	
19.99221	638.944639	638.956313	608.087218	608.081438	
20.00236	638.944639	638.956313	608.087218	608.081438	
20.01254	638.944639	638.956313	608.087218	608.081438	
20.02271	638.944639	638.956313	608.087218	608.081438	
20.03287	638.944639	638.956313	608.087218	608.081438	
20.04295	638.944639	638.956313	608.087218	608.081438	
20.05315	638.944639	638.956313	608.087218	608.081438	
20.06347	638.944639	638.956313	608.087218	608.081438	
20.0735	638.944639	638.956313	608.087218	608.081438	
20.08362	638.944639	638.956313	608.087218	608.081438	
20.09376	638.944639	638.956313	608.087218	608.081438	
20.10395	638.944639	638.956313	608.087218	608.081438	
20.1141	638.944639	638.956313	608.087218	608.081438	
20.12423	638.944639	638.956313	608.087218	608.081438	
20.1344	638.944639	638.956313	608.087218	608.081438	
20.1446	638.944639	638.956313	608.087218	608.081438	
20.1548	638.944639	638.956313	608.087218	608.081438	
20.16624	638.944639	638.956313	608.087218	608.081438	
20.17506	638.944639	638.956313	608.087218	608.081438	
20.1853	638.944639	638.956313	608.087218	608.081438	
20.19535	638.944639	638.956313	608.087218	608.081438	
20.20552	638.944639	638.956313	608.087218	608.081438	
20.21567	638.944639	638.956313	608.087218	608.081438	
20.22584	638.944639	638.956313	608.087218	608.081438	
20.23598	638.944639	638.956313	608.087218	608.081438	
20.24614	638.944639	638.956313	608.087218	608.081438	
20.2563	638.944639	638.956313	608.087218	608.081438	
20.26647	638.944639	638.956313	608.087218	608.081438	
20.27664	638.944639	638.956313	608.087218	608.081438	
20.28677	638.944639	638.956313	608.087218	608.081438	
20.29701	638.944639	638.956313	608.087218	608.081438	
20.30706	638.944639	638.956313	608.087218	608.081438	
20.31725	638.944639	638.956313	608.087218	608.081438	
20.32741	638.944639	638.956313	608.087218	608.081438	
20.33757	638.944639	638.956313	608.087218	608.081438	
20.34769	638.944639	638.956313	608.087218	608.081438	
20.35786	638.944639	638.956313	608.087218	608.081438	
20.36801	638.944639	638.956313	608.087218	608.081438	
20.37818	638.944639	638.956313	608.087218	608.081438	
20.38831	638.944639	638.956313	608.087218	608.081438	
20.39846	638.944639	638.956313	608.087218	608.081438	
20.40858	638.944639	638.956313	608.087218	608.081438	
20.42667	638.944639	638.956313	608.087218	608.081438	
20.4313	638.944639	638.956313	608.087218	608.081438	
20.44148	638.944639	638.956313	608.087218	608.081438	
20.45162	638.944639	638.956313	608.087218	608.081438	
20.46178	638.944639	638.956313	608.087218	608.081438	
20.47198	638.944639	638.956313	608.087218	608.081438	
20.48212	638.944639	638.956313	608.087218	608.081438	
20.49228	638.944639	638.956313	608.087218	608.081438	
20.50245	638.944639	638.956313	608.087218	608.081438	
20.52209	638.944639	638.956313	608.087218	608.081438	
20.53168	638.944639	638.956313	608.087218	608.081438	
