20.49299	
20.50016	
20.5103	
20.52048	
20.53061	
20.54081	
20.55097	
20.56105	
20.57115	
20.58165	
20.59146	
20.60162	
20.61173	
20.62186	
20.63202	
20.64214	
20.66016	
20.66454	
20.67465	
20.6848	
20.69514	
20.70511	
20.71524	
20.7254	
20.73555	
20.74576	
20.75582	
20.76598	
20.77618	
20.78628	
20.79643	
20.80661	
20.81676	
20.8269	
20.83703	
20.84719	
20.85811	
20.86821	
20.87838	
20.88855	
20.89868	
20.90886	
20.91904	
20.92915	
20.93936	
20.94948	
20.95958	
20.96978	
20.97985	
20.98999	
21.00017	
21.01045	
21.02042	
21.03056	
21.04076	
21.05914	
21.06352	
21.07372	
21.08377	
21.09392	
21.10416	
21.11445	
21.12441	
21.13456	
21.14473	
21.15487	
21.16502	
21.17521	
21.18533	
21.19551	
21.20563	
21.21584	
21.22602	
21.23616	
21.24632	
21.25647	
21.26661	
21.27675	
21.28697	
21.29703	
21.3072	
21.31734	
21.32753	
21.3377	
21.3478	
21.35795	
21.36812	
21.37831	
21.38847	
21.39861	
21.41802	
21.42245	
21.4327	
21.44278	
21.45293	
21.46314	
21.47325	
21.48341	
21.49356	
21.50369	
21.51394	
21.52406	
21.53437	
21.54465	
21.55466	
21.5648	
21.575	
21.58514	
21.59522	
21.60542	
21.61556	
21.62577	
21.63588	
21.64601	
21.65622	
21.66631	
21.67645	
21.68662	
21.69681	
21.70692	
21.71705	
21.72725	
21.73737	
21.74754	
21.75765	
21.76782	
21.778	
21.78812	
21.79832	
21.80855	
21.81863	
21.82875	
21.83895	
21.84907	
21.85976	
21.86988	
21.88001	
21.89017	
21.90032	
21.91047	
21.92066	
21.93081	
21.94092	
21.96189	
21.96628	
21.97648	
21.98657	
21.9967	
22.00682	
22.01699	
22.02732	
22.03744	
22.04761	
22.05784	
22.06792	
22.07806	
22.08817	
22.09865	
22.10846	
22.11864	
22.12899	
22.13895	
22.14904	
22.15945	
22.16943	
22.17954	
22.18967	
22.2001	
22.21002	
22.22014	
22.23028	
22.24048	
22.25054	
22.26083	
22.27091	
22.281	
22.29112	
22.30127	
22.31141	
22.32156	
22.3317	
22.34187	
22.35199	
22.36213	
22.38032	
22.38474	
22.39484	
22.40498	
22.4152	
22.42532	
22.43546	
22.44561	
22.45577	
22.46601	
22.47608	
22.48624	
22.49645	
22.5065	
22.51668	
22.52684	
22.537	
22.54714	
22.55728	
22.56744	
22.57762	
22.58776	
22.59792	
22.60806	
22.6182	
22.62838	
22.63851	
22.64868	
22.6588	
22.66894	
22.67915	
22.68924	
22.69945	
22.70954	
22.71974	
22.72991	
22.73998	
22.75015	
22.76028	
22.77041	
22.78055	
22.79078	
22.80094	
22.81102	
22.82115	
22.83129	
22.84142	
22.85157	
22.86172	
22.87186	
22.88209	
22.89246	
22.9026	
22.91285	
22.92293	
22.93309	
22.94327	
22.9534	
22.96355	
22.97371	
22.98388	
22.99432	
23.00419	
23.0144	
23.02464	
23.03472	
23.04485	
23.05505	
23.06518	
23.07531	
23.08545	
23.09564	
23.10583	
23.11594	
23.12611	
23.13627	
23.14641	
23.15656	
23.16671	
23.17692	
23.18752	
23.19739	
23.20755	
23.21765	
23.22778	
23.238	
23.24813	
23.25821	
23.2684	
23.27868	
23.28874	
23.29878	
23.30915	
23.31915	
23.32926	
23.33945	
23.34955	
23.35969	
23.37008	
23.3803	
23.39025	
23.40045	
23.41193	
23.42077	
23.4309	
23.44103	
23.45117	
23.46164	
23.47146	
23.48156	
23.49171	
23.50181	
23.51205	
23.52228	
23.5324	
23.5425	
23.55273	
23.5628	
23.57296	
23.58316	
23.59329	
23.60925	128.990853	128.988558	117.078981	117.076686	
23.61418	128.991544	128.988558	117.079672	117.076686	
23.62401	128.993645	128.988558	117.081773	117.076686	
23.6342	128.996458	128.988558	117.084586	117.076686	
23.64432	128.999862	128.988558	117.08799	117.076686	
23.65452	129.003923	128.997285	117.092051	117.076686	
23.66473	129.008616	128.997285	117.096744	117.076686	
23.67481	129.013851	128.997285	117.101979	117.076686	
23.68497	129.019745	129.006012	117.107873	117.076686	
23.69527	129.026373	129.014738	117.114501	117.076686	
23.7053	129.033414	129.014738	117.121542	117.076686	
23.71574	129.041419	129.023465	117.129547	117.076686	
23.72567	129.049596	129.032192	117.137723	117.076686	
23.73581	129.058575	129.032192	117.146703	117.076686	
23.74601	129.068227	129.040918	117.156355	117.076686	
23.75608	129.078369	129.040918	117.166497	117.076686	
23.76627	129.089254	129.049645	117.177382	117.076686	
23.77647	129.100787	129.049645	117.188915	117.076686	
23.78657	129.112796	129.049645	117.200924	117.076686	
23.79711	129.126023	129.058372	117.214151	117.076686	
23.80726	129.139359	129.067098	117.227487	117.076686	
23.81757	129.153563	129.075825	117.24169	117.076686	
23.82775	129.16819	129.084551	117.256318	117.076686	
23.83785	129.18331	129.102005	117.271438	117.076686	
23.84806	129.199227	129.119458	117.287355	117.076686	
23.85927	129.21765	129.136911	117.305778	117.076686	
23.86835	129.232741	129.154365	117.320869	117.076686	
23.87844	129.250314	129.180545	117.338441	117.076686	
23.88866	129.268728	129.206725	117.356856	117.076686	
23.89873	129.287499	129.232904	117.375627	117.076686	
23.90889	129.30705	129.259084	117.395178	117.076686	
23.92	129.329206	129.285264	117.417334	117.076686	
23.93024	129.350212	129.311444	117.43834	117.076686	
23.94032	129.371511	129.337624	117.459638	117.076686	
23.95221	129.397934	129.363804	117.486061	117.076686	
23.96909	129.43644	129.389984	117.524568	117.076686	
23.97364	129.446867	129.424891	117.534995	117.076686	
23.9838	129.471007	129.451071	117.559135	117.076686	
23.99399	129.4958	129.477251	117.583928	117.076686	
24.00408	129.520967	129.50343	117.609095	117.076686	
24.01427	129.547033	129.52961	117.635161	117.076686	
24.02446	129.573736	129.55579	117.661864	117.076686	
24.0346	129.600876	129.573244	117.689003	117.076686	
24.04477	129.628736	129.599424	117.716864	117.076686	
24.05489	129.65706	129.625604	117.745188	117.076686	
24.06509	129.686259	129.643057	117.774386	117.076686	
24.07522	129.71584	129.66051	117.803968	117.076686	
24.08534	129.746025	129.68669	117.834153	117.076686	
24.09556	129.77715	129.71287	117.865278	117.076686	
24.10566	129.808506	129.747777	117.896634	117.076686	
24.11585	129.840748	129.76523	117.928876	117.076686	
24.1261	129.873841	129.800136	117.961969	117.076686	
24.13622	129.907122	129.835043	117.99525	117.076686	
24.14639	129.9412	129.86995	118.029328	117.076686	
24.15651	129.975699	129.904856	118.063827	117.076686	
24.16665	130.010881	129.939763	118.099009	117.076686	
24.17687	130.047001	129.983396	118.135129	117.076686	
24.187	130.083388	130.027029	118.171516	117.076686	
24.19734	130.121181	130.061936	118.209309	117.076686	
24.20733	130.158283	130.114296	118.246411	117.085413	
24.21743	130.196393	130.149202	118.284521	117.085413	
24.22798	130.236914	130.201562	118.325042	117.09414	
24.23815	130.276702	130.236469	118.36483	117.102866	
24.24831	130.316814	130.288829	118.404942	117.111593	
24.25837	130.357234	130.332462	118.445362	117.120319	
24.26876	130.399729	130.376095	118.487857	117.129046	
24.27872	130.440938	130.419728	118.529066	117.146499	
24.2889	130.483758	130.463362	118.571886	117.155226	
24.29895	130.526587	130.498268	118.614715	117.172679	
24.30915	130.570731	130.550628	118.658859	117.190133	
24.31929	130.615219	130.585535	118.703347	117.207586	
24.33076	130.666349	130.637895	118.754477	117.233766	
24.34092	130.712252	130.672801	118.80038	117.251219	
24.35114	130.759066	130.716434	118.847193	117.277399	
24.36113	130.805366	130.760068	118.893494	117.303579	
24.37161	130.854623	130.803701	118.942751	117.329759	
24.38151	130.901747	130.847334	118.989875	117.355939	
24.39159	130.950314	130.899694	119.038442	117.382119	
24.40169	130.999634	130.943327	119.087762	117.417025	
24.41198	131.05202	130.98696	119.140148	117.443205	
24.42202	131.100899	131.03932	119.189027	117.478112	
24.43345	131.15871	131.100407	119.246838	117.513019	
24.44361	131.21085	131.152767	119.298978	117.547925	
24.45374	131.263461	131.213853	119.351589	117.582832	
24.46389	131.316806	131.266213	119.404934	117.617738	
24.47414	131.371294	131.318573	119.459422	117.661372	
24.48424	131.425565	131.379659	119.513692	117.696278	
24.4944	131.480801	131.440746	119.568928	117.739911	
24.50457	131.536723	131.493106	119.624851	117.774818	
24.51467	131.592876	131.562919	119.681004	117.818451	
24.52486	131.650144	131.615279	119.738271	117.862084	
24.53611	131.714158	131.685092	119.802286	117.905718	
24.54631	131.772824	131.746179	119.860952	117.949351	
24.55643	131.831567	131.807265	119.919694	117.992984	
24.56661	131.89137	131.868352	119.979497	118.036617	
24.57677	131.951627	131.929438	120.039754	118.088977	
24.5869	132.012332	131.990525	120.10046	118.13261	
24.59707	132.073888	132.051611	120.162015	118.176244	
24.60726	132.136169	132.112698	120.224297	118.228604	
24.61738	132.198703	132.173784	120.28683	118.272237	
24.62749	132.261694	132.234871	120.349822	118.324597	
24.63877	132.332885	132.295957	120.421013	118.376957	
24.64897	132.397818	132.36577	120.485946	118.429316	
24.65906	132.462613	132.426857	120.550741	118.47295	
24.66922	132.528518	132.487944	120.616646	118.52531	
24.67936	132.594924	132.54903	120.683051	118.577669	
24.68951	132.661933	132.618843	120.750061	118.630029	
24.69967	132.729694	132.67993	120.817822	118.682389	
24.70981	132.797952	132.749743	120.88608	118.726022	
24.71992	132.866628	132.819556	120.954756	118.787109	
24.73016	132.936785	132.889369	121.024913	118.830742	
24.74136	133.014319	132.967909	121.102447	118.891829	
24.75154	133.085405	133.037722	121.173533	118.944189	
24.76169	133.156785	133.116262	121.244913	118.996548	
24.77183	133.228839	133.186075	121.316967	119.057635	
24.78202	133.301815	133.255888	121.389943	119.101268	
24.79214	133.374946	133.325702	121.463074	119.162355	
24.8024	133.449673	133.404241	121.537801	119.205988	
24.81247	133.523663	133.482781	121.61179	119.267074	
24.82261	133.598756	133.552594	121.686884	119.319434	
24.83295	133.675955	133.631134	121.764083	119.380521	
24.8442	133.760856	133.718401	121.848984	119.441607	
24.85435	133.837926	133.79694	121.926054	119.493967	
24.86482	133.918102	133.884207	122.00623	119.555054	
24.8749	133.995934	133.962747	122.084062	119.61614	
24.88499	134.074384	134.041287	122.162512	119.6685	
24.89512	134.153881	134.119826	122.242009	119.729587	
24.90531	134.234354	134.198366	122.322482	119.790673	
24.91545	134.315143	134.285633	122.403271	119.85176	
24.92561	134.396671	134.364172	122.484799	119.912846	
24.93573	134.478508	134.442712	122.566636	119.973933	
24.94691	134.569643	134.529979	122.657771	120.043746	
24.95706	134.653023	134.617245	122.74115	120.113559	
24.96721	134.736954	134.695785	122.825081	120.174646	
24.97753	134.82301	134.774325	122.911138	120.244459	
24.98747	134.90649	134.861591	122.994618	120.314272	
24.99765	134.992588	134.948858	123.080716	120.375359	
25.00776	135.078628	135.036124	123.166756	120.445172	
25.01794	135.166017	135.123391	123.254145	120.506258	
25.02808	135.253592	135.210657	123.34172	120.576071	
25.03821	135.341714	135.297924	123.429842	120.645885	
25.04956	135.441308	135.393917	123.529436	120.724424	
25.05973	135.53111	135.481183	123.619237	120.794238	
25.06981	135.620706	135.577176	123.708834	120.864051	
25.08	135.711879	135.664443	123.800007	120.933864	
25.0903	135.804767	135.751709	123.892895	121.003677	
25.10032	135.895626	135.838976	123.983754	121.082217	
25.11047	135.988313	135.934969	124.076441	121.15203	
25.12066	136.082008	136.030962	124.170136	121.221843	
25.1308	136.175924	136.118228	124.264052	121.291656	
25.14136	136.274354	136.222948	124.362482	121.370196	
25.15217	136.375738	136.327668	124.463866	121.448736	
25.16245	136.472879	136.432388	124.561007	121.527276	
25.17251	136.568495	136.519654	124.656623	121.597089	
25.18263	136.665336	136.624374	124.753464	121.675629	
25.19293	136.764513	136.729094	124.852641	121.754169	
25.20306	136.862643	136.825087	124.950771	121.823982	
25.2132	136.961498	136.929806	125.049626	121.902522	
25.22343	137.0619	137.0258	125.150027	121.981061	
25.2335	137.161266	137.130519	125.249394	122.059601	
25.24387	137.264258	137.235239	125.352386	122.138141	
25.25488	137.374467	137.348685	125.462595	122.216681	
25.26514	137.477722	137.453405	125.56585	122.295221	
25.27518	137.579302	137.558125	125.66743	122.382487	
25.2853	137.682348	137.662845	125.770476	122.4523	
25.2955	137.786867	137.767565	125.874995	122.539567	
25.30564	137.891314	137.872284	125.979442	122.618107	
25.31577	137.996335	137.977004	126.084463	122.696646	
25.32593	138.102235	138.081724	126.190363	122.775186	
25.33609	138.208829	138.186444	126.296957	122.862453	
25.34632	138.31667	138.29989	126.404797	122.940993	
25.35756	138.436085	138.413336	126.524213	123.036986	
25.36773	138.544629	138.518056	126.632756	123.124252	
25.37786	138.653403	138.631502	126.741531	123.211519	
25.38803	138.763326	138.736222	126.851454	123.290058	
25.39866	138.879602	138.849669	126.967729	123.386051	
25.40852	138.986516	138.963115	127.074644	123.464591	
25.4277	139.198669	139.172555	127.286797	123.639124	
25.43232	139.249634	139.224914	127.337762	123.674031	
25.44243	139.362177	139.347087	127.450304	123.761297	
25.4529	139.479248	139.460534	127.567375	123.85729	
25.46306	139.593675	139.57398	127.681802	123.953283	
25.47329	139.709304	139.696153	127.797432	124.04055	
25.48341	139.824414	139.8096	127.912542	124.136543	
25.49353	139.940012	139.931773	128.02814	124.232536	
25.50372	140.05715	140.045219	128.145278	124.319803	
25.51387	140.174446	140.167392	128.262574	124.415796	
25.52401	140.292196	140.280839	128.380324	124.511789	
25.53418	140.411352	140.394285	128.49948	124.616509	
25.54432	140.529949	140.516458	128.618077	124.712502	
25.55453	140.650503	140.621178	128.738631	124.817221	
25.56472	140.771264	140.743351	128.859392	124.913215	
25.57491	140.892768	140.865524	128.980896	125.009208	
25.5851	141.014775	140.97897	129.102903	125.105201	
25.59515	141.135423	141.092417	129.223551	125.209921	
25.60553	141.259983	141.21459	129.348111	125.305914	
25.61555	141.380223	141.336763	129.468351	125.410633	
25.62568	141.501831	141.458936	129.589959	125.506627	
25.63581	141.623367	141.581109	129.711495	125.611346	
25.64594	141.744903	141.703282	129.833031	125.707339	
25.65616	141.867615	141.825455	129.955743	125.803332	
25.66646	141.991167	141.956355	130.079295	125.908052	
25.67656	142.112355	142.078528	130.200483	126.012772	
25.68668	142.233807	142.209427	130.321935	126.117492	
25.69693	142.356807	142.331601	130.444935	126.213485	
25.70697	142.477299	142.453774	130.565427	126.318205	
25.71716	142.599579	142.584673	130.687707	126.422924	
25.72728	142.721043	142.715573	130.809171	126.518917	
25.73747	142.843251	142.837746	130.931379	126.623637	
25.74761	142.964955	142.959919	131.053083	126.728357	
25.75771	143.086107	143.082092	131.174235	126.82435	
25.76824	143.213199	143.204265	131.301327	126.937796	
25.77847	143.335299	143.326438	131.423427	127.042516	
25.78854	143.456163	143.448611	131.544291	127.147236	
25.79868	143.577783	143.570784	131.665911	127.243229	
25.80888	143.700315	143.692957	131.788443	127.347949	
25.81914	143.823327	143.81513	131.911455	127.452669	
25.82925	143.944611	143.928577	132.032739	127.557388	
25.83951	144.067767	144.05075	132.155895	127.662108	
25.84956	144.188391	144.164196	132.276519	127.766828	
25.85993	144.312831	144.286369	132.400959	127.862821	
25.87095	144.445119	144.425996	132.533247	127.984994	
25.88106	144.566379	144.548169	132.654507	128.089714	
25.89118	144.687735	144.670342	132.775863	128.185707	
25.90128	144.808983	144.792515	132.897111	128.290427	
25.91166	144.933603	144.905961	133.021731	128.395146	
25.92162	145.053075	145.028134	133.141203	128.499866	
25.93174	145.174551	145.159034	133.262679	128.604586	
25.94193	145.296831	145.281207	133.384959	128.709306	
25.96277	145.546971	145.40338	133.635099	128.814025	
25.96948	145.627599	145.58664	133.715727	128.971105	
25.97777	145.726899	145.717539	133.815027	129.075825	
25.98766	145.845603	145.839712	133.933731	129.171818	
25.99781	145.967283	145.979339	134.055411	129.276538	
26.00791	146.088555	146.101512	134.176683	129.372531	
26.01812	146.211039	146.232411	134.299167	129.477251	
26.02821	146.332203	146.363311	134.420331	129.58197	
26.03864	146.457339	146.485484	134.545467	129.677963	
26.04877	146.578815	146.607657	134.666943	129.782683	
26.05882	146.699511	146.72983	134.787639	129.887403	
26.06901	146.821779	146.843277	134.909907	130.000849	
26.07921	146.944191	146.956723	135.032319	130.105569	
26.08935	147.065847	147.070169	135.153975	130.210289	
26.09949	147.187527	147.183616	135.275655	130.315009	
26.10971	147.310155	147.305789	135.398283	130.428455	
26.11999	147.433587	147.410509	135.521715	130.533175	
26.12994	147.552963	147.523955	135.641091	130.637895	
26.14005	147.674187	147.637401	135.762315	130.742614	
26.1502	147.795999	147.759574	135.884127	130.856061	
26.16034	147.917739	147.864294	136.005867	130.96078	
26.17056	148.040367	147.986467	136.128495	131.074227	
26.18081	148.163379	148.10864	136.251507	131.178947	
26.19096	148.285227	148.230813	136.373355	131.283666	
26.2013	148.409223	148.352986	136.497351	131.397113	
26.21133	148.529619	148.475159	136.617747	131.510559	
26.22169	148.653903	148.597333	136.742031	131.615279	
26.23171	148.774239	148.728232	136.862367	131.728725	
26.24181	148.895307	148.859132	136.983435	131.833445	
26.25191	149.016579	148.981305	137.104707	131.946891	
26.26204	149.138127	149.112205	137.226255	132.051611	
26.2815	149.371791	149.365277	137.459919	132.261051	
26.2861	149.426907	149.417637	137.515035	132.304684	
26.29625	149.548647	149.548537	137.636775	132.41813	
26.30647	149.671239	149.679437	137.759367	132.531577	
26.31656	149.792331	149.80161	137.880459	132.636297	
26.32674	149.914527	149.923783	138.002655	132.749743	
26.33718	150.039795	150.045956	138.127923	132.854463	
26.34705	150.158211	150.168129	138.246339	132.959182	
26.35719	150.279867	150.290302	138.367995	133.063902	
26.36731	150.401283	150.412475	138.489411	133.177349	
26.3801	150.557103	150.525921	138.645231	133.282068	
26.38789	150.648375	150.648094	138.736503	133.395515	
26.39781	150.767355	150.761541	138.855483	133.500234	
26.40795	150.888963	150.883714	138.977091	133.613681	
26.41949	151.027539	151.005887	139.115667	133.718401	
26.42864	151.138311	151.119333	139.226439	133.831847	
26.43849	151.257495	151.23278	139.345623	133.936567	
26.44865	151.377447	151.354953	139.465575	134.050013	
26.45876	151.498731	151.477126	139.586859	134.154733	
26.46891	151.620603	151.599299	139.708731	134.268179	
26.47902	151.741887	151.721472	139.830015	134.372899	
26.48929	151.865223	151.843645	139.953351	134.477619	
26.49947	151.987323	151.965818	140.075451	134.591065	
26.50953	152.107995	152.087991	140.196123	134.695785	
26.51972	152.230299	152.218891	140.318427	134.800505	
26.53009	152.354715	152.34979	140.442843	134.913951	
26.53998	152.473395	152.471963	140.561523	135.018671	
26.55015	152.595459	152.594137	140.683587	135.123391	
26.56029	152.717175	152.71631	140.805303	135.236837	
26.57048	152.839455	152.838483	140.927583	135.350283	
26.58061	152.960943	152.960656	141.049071	135.455003	
26.59086	153.084039	153.082829	141.172167	135.56845	
26.60109	153.206751	153.205002	141.294879	135.681896	
26.61114	153.327279	153.327175	141.415407	135.786616	
26.62122	153.448299	153.449348	141.536427	135.891336	
26.63168	153.573867	153.562794	141.661995	135.996055	
26.64155	153.692223	153.684967	141.780351	136.109502	
26.65175	153.814611	153.798414	141.902739	136.222948	
26.66189	153.936267	153.920587	142.024395	136.327668	
26.67198	154.057431	154.034033	142.145559	136.441114	
26.68219	154.179963	154.14748	142.268091	136.545834	
26.69239	154.302327	154.269653	142.390455	136.65928	
26.70254	154.424247	154.391826	142.512375	136.764	
26.71269	154.545903	154.513999	142.634031	136.86872	
26.72279	154.667091	154.636172	142.755219	136.982166	
26.73299	154.789503	154.758345	142.877631	137.086886	
26.74314	154.911327	154.880518	142.999455	137.200332	
26.75333	155.033631	155.002691	143.121759	137.305052	
26.76346	155.155179	155.124864	143.243307	137.418499	
26.77358	155.276559	155.247037	143.364687	137.523218	
26.78376	155.398719	155.36921	143.486847	137.627938	
26.79487	155.532051	155.508836	143.620179	137.741385	
26.80501	155.653731	155.631009	143.741859	137.854831	
26.81525	155.776683	155.753182	143.864811	137.968277	
26.82538	155.898183	155.875355	143.986311	138.072997	
26.83549	156.019479	155.997529	144.107607	138.186444	
26.84566	156.141543	156.128428	144.229671	138.29989	
26.85587	156.264027	156.250601	144.352155	138.40461	
26.86669	156.394023	156.372774	144.482151	138.509329	
26.8761	156.506775	156.494947	144.594903	138.614049	
26.88622	156.628275	156.625847	144.716403	138.727496	
26.89747	156.763347	156.756747	144.851475	138.840942	
26.90766	156.885555	156.87892	144.973683	138.954388	
26.9178	157.006258	157.001093	145.094386	139.059108	
26.92793	157.126374	157.123266	145.214502	139.172555	
26.9381	157.246253	157.245439	145.334381	139.277274	
26.9483	157.365866	157.367612	145.453994	139.390721	
26.95846	157.484803	157.489785	145.572931	139.504167	
26.96864	157.602569	157.603231	145.690697	139.608887	
26.97875	157.71931	157.725405	145.807438	139.722333	
26.98886	157.835512	157.847578	145.923639	139.827053	
27.00012	157.964051	157.978477	146.052179	139.940499	
27.01032	158.079868	158.091924	146.167996	140.045219	
27.02039	158.193655	158.214097	146.281783	140.149939	
27.03075	158.310095	158.327543	146.398222	140.263385	
27.04133	158.428356	158.440989	146.516483	140.368105	
27.051	158.535819	158.563163	146.623947	140.464098	
27.06114	158.64795	158.667882	146.736078	140.568818	
27.07132	158.759883	158.790055	146.848011	140.673538	
27.08143	158.870388	158.894775	146.958516	140.769531	
27.09171	158.982216	158.999495	147.070344	140.874251	
27.10288	159.102941	159.121668	147.191069	140.987697	
27.11312	159.212989	159.217661	147.301117	141.08369	
27.12317	159.320433	159.322381	147.408561	141.179683	
27.1333	159.428046	159.427101	147.516173	141.284403	
27.14352	159.536097	159.523094	147.624225	141.371669	
27.15366	159.64261	159.627813	147.730738	141.476389	
27.16379	159.748462	159.732533	147.83659	141.572382	
27.174	159.854517	159.837253	147.942645	141.659649	
27.18412	159.959011	159.941973	148.047139	141.755642	
27.19433	160.063762	160.037966	148.151889	141.851635	
27.20553	160.17803	160.151412	148.266158	141.956355	
27.21574	160.281573	160.256132	148.369701	142.043621	
27.22584	160.383349	160.360852	148.471477	142.139614	
27.23597	160.484788	160.465571	148.572916	142.226881	
27.24609	160.585519	160.570291	148.673647	142.314147	
27.25625	160.686182	160.683738	148.77431	142.41014	
27.27435	160.862995	160.866997	148.951123	142.56722	
27.27893	160.907768	160.919357	148.995896	142.610853	
27.28916	161.007016	161.01535	149.095144	142.69812	
27.29919	161.103713	161.12007	149.191841	142.785386	
27.30948	161.202319	161.216063	149.290447	142.872653	
27.31972	161.299816	161.320783	149.387944	142.968646	
27.32977	161.394864	161.408049	149.482992	143.047185	
27.33986	161.489713	161.504042	149.577841	143.143179	
27.35015	161.585902	161.600035	149.67403	143.230445	
27.36016	161.678833	161.687302	149.766961	143.317712	
27.37031	161.772394	161.774568	149.860521	143.404978	
27.38047	161.865543	161.870561	149.953671	143.492244	
27.39061	161.957719	161.957828	150.045847	143.570784	
27.40114	162.052919	162.045094	150.141047	143.666777	
27.41095	162.141001	162.132361	150.229128	143.745317	
27.42261	162.244881	162.219627	150.333009	143.832584	
27.43122	162.321189	162.306894	150.409317	143.911123	
27.44137	162.410537	162.39416	150.498665	143.989663	
27.45167	162.500501	162.490153	150.588629	144.068203	
27.46165	162.587158	162.57742	150.675286	144.15547	
27.47184	162.674947	162.664686	150.763075	144.234009	
27.48195	162.761546	162.751953	150.849674	144.303823	
27.49208	162.847597	162.839219	150.935725	144.382362	
27.51237	163.017114	163.013752	151.105242	144.521989	
27.51739	163.059064	163.066112	151.147192	144.574349	
27.52709	163.139512	163.153378	151.22764	144.644162	
27.5373	163.223549	163.240645	151.311677	144.722702	
27.54737	163.305837	163.327911	151.393965	144.792515	
27.55757	163.388593	163.415178	151.476721	144.862328	
27.56775	163.470565	163.502444	151.558693	144.940868	
27.57788	163.551481	163.580984	151.639609	145.019408	
27.58804	163.632144	163.659524	151.720272	145.089221	
27.59816	163.711743	163.738064	151.799871	145.159034	
27.60836	163.791433	163.816604	151.879561	145.228847	
27.61867	163.871387	163.886417	151.959515	145.29866	
27.62868	163.948326	163.964957	152.036454	145.368473	
27.63883	164.025737	164.043496	152.113864	145.438287	
27.64905	164.103129	164.11331	152.191257	145.5081	
27.65908	164.17848	164.191849	152.266607	145.577913	
27.66925	164.254273	164.261663	152.342401	145.638999	
27.67947	164.329783	164.340202	152.417911	145.708813	
27.68959	164.403989	164.410016	152.492117	145.778626	
27.69992	164.47909	164.479829	152.567218	145.839712	
27.71004	164.552101	164.558369	152.640229	145.909525	
27.72009	164.623969	164.636908	152.712097	145.979339	
27.73022	164.695752	164.706722	152.78388	146.040425	
27.74037	164.767131	164.785261	152.855259	146.101512	
27.75052	164.837902	164.855074	152.92603	146.162598	
27.76066	164.907941	164.933614	152.996069	146.223685	
27.77088	164.977963	165.003427	153.06609	146.293498	
27.78096	165.046396	165.073241	153.134523	146.354584	
27.79115	165.114987	165.143054	153.203114	146.406944	
27.80128	165.182583	165.20414	153.270711	146.468031	
27.81164	165.251074	165.265227	153.339202	146.529117	
27.82161	165.316392	165.33504	153.40452	146.590204	
27.83185	165.382904	165.396127	153.471032	146.642564	
27.84195	165.447821	165.457213	153.535949	146.712377	
27.85203	165.51208	165.5183	153.600208	146.764737	
27.8712	165.631584	165.631746	153.719712	146.869457	
27.87574	165.659874	165.657926	153.748002	146.895636	
27.88586	165.722369	165.719012	153.810497	146.947996	
27.896	165.784357	165.771372	153.872485	147.000356	
27.90617	165.845942	165.841186	153.93407	147.061443	
27.91636	165.906983	165.893545	153.995111	147.113803	
27.92657	165.967764	165.954632	154.055892	147.166163	
27.93675	166.027361	166.015718	154.115489	147.209796	
27.94684	166.086025	166.076805	154.174153	147.270882	
27.96707	166.200689	166.198978	154.288817	147.366875	
27.97169	166.22691	166.225158	154.315038	147.384329	
27.98178	166.283479	166.286244	154.371607	147.436689	
27.99193	166.339811	166.347331	154.427939	147.480322	
28.00204	166.395311	166.399691	154.483439	147.532682	
28.01227	166.450846	166.460777	154.538974	147.585042	
28.03338	166.56219	166.521864	154.650318	147.628675	
28.03795	166.586352	166.60913	154.67448	147.689761	
28.04816	166.639614	166.66149	154.727742	147.733395	
28.05832	166.692057	166.71385	154.780185	147.777028	
28.06851	166.745227	166.76621	154.833354	147.820661	
28.07864	166.795086	166.81857	154.883214	147.864294	
28.08871	166.845288	166.87093	154.933415	147.907927	
28.09891	166.895421	166.92329	154.983549	147.951561	
28.10898	166.944427	166.958196	155.032555	147.986467	
28.11917	166.993361	167.010556	155.081489	148.030101	
28.12969	167.043228	167.054189	155.131355	148.073734	
28.13983	167.090716	167.097823	155.178844	148.10864	
28.14996	167.13754	167.141456	155.225668	148.143547	
28.16008	167.183706	167.185089	155.271833	148.178453	
28.17025	167.229507	167.219996	155.317635	148.21336	
28.18037	167.274483	167.263629	155.362611	148.256993	
28.19055	167.319127	167.307262	155.407255	148.2919	
28.20079	167.363441	167.350895	155.451569	148.326806	
28.21085	167.406379	167.394529	155.494507	148.361713	
28.22138	167.45062	167.429435	155.538747	148.39662	
28.24027	167.527541	167.507975	155.615669	148.457706	
28.24485	167.546186	167.525428	155.634314	148.475159	
28.25496	167.586764	167.569061	155.674892	148.510066	
28.26518	167.627144	167.612695	155.715272	148.544973	
28.27529	167.666483	167.656328	155.754611	148.571153	
28.28544	167.705397	167.691235	155.793524	148.597333	
28.29556	167.743574	167.734868	155.831702	148.632239	
28.30575	167.78143	167.778501	155.869558	148.667146	
28.31587	167.818415	167.813408	155.906543	148.693326	
28.32607	167.855111	167.857041	155.943239	148.728232	
28.33629	167.891315	167.900674	155.979442	148.754412	
28.34641	167.926487	167.935581	156.014615	148.789319	
28.35655	167.961137	167.970487	156.049265	148.815499	
28.36671	167.995314	168.005394	156.083442	148.841679	
28.37684	168.028751	168.0403	156.116879	148.876585	
28.38703	168.061817	168.075207	156.149945	148.902765	
28.39717	168.094106	168.110114	156.182234	148.928945	
28.40728	168.125731	168.14502	156.213859	148.955125	
28.41753	168.157154	168.179927	156.245282	148.981305	
28.42762	168.187533	168.206107	156.275661	149.007485	
28.43784	168.217698	168.232287	156.305826	149.033665	
28.44799	168.24705	168.267193	156.335178	149.059845	
28.45834	168.276348	168.293373	156.364476	149.086025	
28.4683	168.304004	168.319553	156.392132	149.103478	
28.4787	168.332437	168.345733	156.420564	149.129658	
28.4886	168.358577	168.371913	156.446705	149.155838	
28.49879	168.385064	168.389366	156.473192	149.173291	
28.50886	168.41067	168.415546	156.498798	149.190744	
28.51915	168.436249	168.441726	156.524377	149.216924	
28.52923	168.460708	168.459179	156.548836	149.234378	
28.54025	168.48671	168.485359	156.574838	149.260558	
28.55042	168.510147	168.511539	156.598275	149.278011	
28.56055	168.532925	168.528993	156.621053	149.295464	
28.5708	168.555365	168.546446	156.643493	149.312918	
28.58135	168.577817	168.572626	156.665945	149.330371	
28.59102	168.5979	168.590079	156.686028	149.347824	
28.60125	168.618529	168.616259	156.706657	149.356551	
28.61132	168.638267	168.633712	156.726395	149.374004	
28.62141	168.657476	168.651166	156.745603	149.382731	
28.63169	168.676445	168.668619	156.764572	149.400184	
28.64306	168.696658	168.694799	156.784786	149.408911	
28.65323	168.714196	168.703525	156.802323	149.417637	
28.66336	168.731077	168.729705	156.819205	149.426364	
28.67354	168.747479	168.747159	156.835606	149.435091	
28.68369	168.763257	168.755885	156.851385	149.443817	
28.69384	168.778457	168.773339	156.866585	149.452544	
28.70422	168.793408	168.790792	156.881536	149.452544	
28.71434	168.807428	168.808245	156.895556	149.46127	
28.72447	168.820885	168.816972	156.909013	149.46127	
28.73465	168.833894	168.834425	156.922022	149.469997	
28.74573	168.847258	168.843152	156.935386	149.469997	
28.75584	168.858962	168.851878	156.94709	149.469997	
28.766	168.870168	168.860605	156.958296	149.469997	
28.77617	168.880831	168.869332	156.968959	149.469997	
28.78629	168.890886	168.878058	156.979014	149.469997	
28.7969	168.900818	168.878058	156.988945	149.469997	
28.80665	168.90947	168.878058	156.997597	149.469997	
28.8169	168.917995	168.878058	157.006123	149.469997	
28.82694	168.925827	168.886785	157.013955	149.469997	
28.83705	168.933182	168.886785	157.02131	149.469997	
28.84855	168.940843	168.886785	157.028971	149.469997	
28.85859	168.947047	168.886785	157.035175	149.469997	
28.86936	168.953117	168.895512	157.041245	149.469997	
28.87877	168.958018	168.895512	157.046145	149.469997	
28.8889	168.962783	168.895512	157.050911	149.469997	
28.89903	168.967066	168.904238	157.055194	149.469997	
28.90923	168.970898	168.912965	157.059025	149.469997	
28.91936	168.974247	168.912965	157.062375	149.469997	
28.92953	168.977168	168.921692	157.065296	149.469997	
28.93997	168.97971	168.930418	157.067838	149.469997	
28.95146	168.981972	168.939145	157.070099	149.469997	
28.96136	168.983607	168.947872	157.071735	149.469997	
28.9714	168.988558	168.956598	157.076686	149.469997	
28.9815	168.988558	168.965325	157.076686	149.469997	
28.99174	168.988558	168.974052	157.076686	149.469997	
29.0018	168.988558	168.974052	157.076686	149.469997	
29.01198	168.988558	168.982778	157.076686	149.469997	
29.02211	168.988558	168.982778	157.076686	149.469997	
29.03228	168.988558	168.982778	157.076686	149.469997	
29.04285	168.988558	168.982778	157.076686	149.469997	
29.05407	168.988558	168.982778	157.076686	149.469997	
29.06422	168.988558	168.982778	157.076686	149.469997	
29.07437	168.988558	168.982778	157.076686	149.469997	
29.08448	168.988558	168.982778	157.076686	149.469997	
29.0947	168.988558	168.982778	157.076686	149.469997	
29.10484	168.988558	168.982778	157.076686	149.469997	
29.11498	168.988558	168.982778	157.076686	149.469997	
29.12513	168.988558	168.982778	157.076686	149.469997	
29.13525	168.988558	168.982778	157.076686	149.469997	
29.14547	168.988558	168.982778	157.076686	149.469997	
29.16488	168.988558	168.982778	157.076686	149.469997	
29.16953	168.988558	168.982778	157.076686	149.469997	
29.1796	168.988558	168.982778	157.076686	149.469997	
29.18973	168.988558	168.982778	157.076686	149.469997	
29.20033	168.988558	168.982778	157.076686	149.469997	
29.21005	168.988558	168.982778	157.076686	149.469997	
29.22018	168.988558	168.982778	157.076686	149.469997	
29.23031	168.988558	168.982778	157.076686	149.469997	
29.24048	168.988558	168.982778	157.076686	149.469997	
29.25093	168.988558	168.982778	157.076686	149.469997	
29.2609	168.988558	168.982778	157.076686	149.469997	
29.27104	168.988558	168.982778	157.076686	149.469997	
29.28124	168.988558	168.982778	157.076686	149.469997	
29.29126	168.988558	168.982778	157.076686	149.469997	
29.30165	168.988558	168.982778	157.076686	149.469997	
29.31157	168.988558	168.982778	157.076686	149.469997	
29.32176	168.988558	168.982778	157.076686	149.469997	
29.33189	168.988558	168.982778	157.076686	149.469997	
29.34199	168.988558	168.982778	157.076686	149.469997	
29.35218	168.988558	168.982778	157.076686	149.469997	
29.36241	168.988558	168.982778	157.076686	149.469997	
29.37254	168.988558	168.982778	157.076686	149.469997	
29.39071	168.988558	168.982778	157.076686	149.469997	
29.39527	168.988558	168.982778	157.076686	149.469997	
29.40544	168.988558	168.982778	157.076686	149.469997	
29.41558	168.988558	168.982778	157.076686	149.469997	
29.42708	168.988558	168.982778	157.076686	149.469997	
29.43591	168.988558	168.982778	157.076686	149.469997	
29.44602	168.988558	168.982778	157.076686	149.469997	
29.45622	168.988558	168.982778	157.076686	149.469997	
29.46646	168.988558	168.982778	157.076686	149.469997	
29.47656	168.988558	168.982778	157.076686	149.469997	
29.48673	168.988558	168.982778	157.076686	149.469997	
29.49688	168.988558	168.982778	157.076686	149.469997	
29.50697	168.988558	168.982778	157.076686	149.469997	
29.51718	168.988558	168.982778	157.076686	149.469997	
29.52731	168.988558	168.982778	157.076686	149.469997	
29.53754	168.988558	168.982778	157.076686	149.469997	
29.54762	168.988558	168.982778	157.076686	149.469997	
29.55773	168.988558	168.982778	157.076686	149.469997	
29.56833	168.988558	168.982778	157.076686	149.469997	
29.57814	168.988558	168.982778	157.076686	149.469997	
29.58831	168.988558	168.982778	157.076686	149.469997	
29.59843	168.988558	168.982778	157.076686	149.469997	
29.6087	168.988558	168.982778	157.076686	149.469997	
29.61882	168.988558	168.982778	157.076686	149.469997	
29.62888	168.988558	168.982778	157.076686	149.469997	
29.63902	168.988558	168.982778	157.076686	149.469997	
29.64924	168.988558	168.982778	157.076686	149.469997	
29.65942	168.988558	168.982778	157.076686	149.469997	
29.66981	168.988558	168.982778	157.076686	149.469997	
29.68002	168.988558	168.982778	157.076686	149.469997	
29.6901	168.988558	168.982778	157.076686	149.469997	
29.70023	168.988558	168.982778	157.076686	149.469997	
29.71042	168.988558	168.982778	157.076686	149.469997	
29.72056	168.988558	168.982778	157.076686	149.469997	
29.73084	168.988558	168.982778	157.076686	149.469997	
29.74089	168.988558	168.982778	157.076686	149.469997	
29.75098	168.988558	168.982778	157.076686	149.469997	
29.76158	168.988558	168.982778	157.076686	149.469997	
29.77255	168.988558	168.982778	157.076686	149.469997	
29.78278	168.988558	168.982778	157.076686	149.469997	
29.79289	168.988558	168.982778	157.076686	149.469997	
29.80301	168.988558	168.982778	157.076686	149.469997	
29.81318	168.988558	168.982778	157.076686	149.469997	
29.82336	168.988558	168.982778	157.076686	149.469997	
29.83356	168.988558	168.982778	157.076686	149.469997	
29.84366	168.988558	168.982778	157.076686	149.469997	
29.85379	168.988558	168.982778	157.076686	149.469997	
29.864	168.988558	168.982778	157.076686	149.469997	
29.87525	168.988558	168.982778	157.076686	149.469997	
29.88556	168.988558	168.982778	157.076686	149.469997	
29.89553	168.988558	168.982778	157.076686	149.469997	
29.90574	168.988558	168.982778	157.076686	149.469997	
29.91581	168.988558	168.982778	157.076686	149.469997	
29.926	168.988558	168.982778	157.076686	149.469997	
29.93617	168.988558	168.982778	157.076686	149.469997	
29.94628	168.988558	168.982778	157.076686	149.469997	
29.96611	168.988558	168.982778	157.076686	149.469997	
29.9707	168.988558	168.982778	157.076686	149.469997	
29.98096	168.988558	168.982778	157.076686	149.469997	
29.99119	168.988558	168.982778	157.076686	149.469997	
30.00112	168.988558	168.982778	157.076686	149.469997	
30.01123	168.988558	168.982778	157.076686	149.469997	
30.02156	168.988558	168.982778	157.076686	149.469997	
30.03154	168.988558	168.982778	157.076686	149.469997	
30.04174	168.988558	168.982778	157.076686	149.469997	
30.05183	168.988558	168.982778	157.076686	149.469997	
30.06194	168.988558	168.982778	157.076686	149.469997	
30.07215	168.988558	168.982778	157.076686	149.469997	
30.0902	168.988558	168.982778	157.076686	149.469997	
30.09482	168.988558	168.982778	157.076686	149.469997	
30.10493	168.988558	168.982778	157.076686	149.469997	
30.11505	168.988558	168.982778	157.076686	149.469997	
30.12525	168.988558	168.982778	157.076686	149.469997	
30.13539	168.988558	168.982778	157.076686	149.469997	
30.14561	168.988558	168.982778	157.076686	149.469997	
30.15572	168.988558	168.982778	157.076686	149.469997	
30.16582	168.988558	168.982778	157.076686	149.469997	
30.17605	168.988558	168.982778	157.076686	149.469997	
30.18889	168.988558	168.982778	157.076686	149.469997	
30.19901	168.988558	168.982778	157.076686	149.469997	
30.20918	168.988558	168.982778	157.076686	149.469997	
30.21926	168.988558	168.982778	157.076686	149.469997	
30.2295	168.988558	168.982778	157.076686	149.469997	
30.23959	168.988558	168.982778	157.076686	149.469997	
30.24978	168.988558	168.982778	157.076686	149.469997	
30.25983	168.988558	168.982778	157.076686	149.469997	
30.27014	168.988558	168.982778	157.076686	149.469997	
30.28173	168.988558	168.982778	157.076686	149.469997	
30.29037	168.988558	168.982778	157.076686	149.469997	
30.30044	168.988558	168.982778	157.076686	149.469997	
30.31063	168.988558	168.982778	157.076686	149.469997	
30.32082	168.988558	168.982778	157.076686	149.469997	
30.33138	168.988558	168.982778	157.076686	149.469997	
30.34115	168.988558	168.982778	157.076686	149.469997	
30.35122	168.988558	168.982778	157.076686	149.469997	
30.36146	168.988558	168.982778	157.076686	149.469997	
30.37148	168.988558	168.982778	157.076686	149.469997	
30.38427	168.988558	168.982778	157.076686	149.469997	
30.39228	168.988558	168.982778	157.076686	149.469997	
30.40198	168.988558	168.982778	157.076686	149.469997	
30.41216	168.988558	168.982778	157.076686	149.469997	
30.43057	168.988558	168.982778	157.076686	149.469997	
30.43524	168.988558	168.982778	157.076686	149.469997	
30.44539	168.988558	168.982778	157.076686	149.469997	
30.45554	168.988558	168.982778	157.076686	149.469997	
30.46575	168.988558	168.982778	157.076686	149.469997	
30.47581	168.988558	168.982778	157.076686	149.469997	
30.48841	168.988558	168.982778	157.076686	149.469997	
30.49621	168.988558	168.982778	157.076686	149.469997	
30.50628	168.988558	168.982778	157.076686	149.469997	
30.5165	168.988558	168.982778	157.076686	149.469997	
30.52659	168.988558	168.982778	157.076686	149.469997	
30.5368	168.988558	168.982778	157.076686	149.469997	
30.54701	168.988558	168.982778	157.076686	149.469997	
30.55714	168.988558	168.982778	157.076686	149.469997	
30.56728	168.988558	168.982778	157.076686	149.469997	
30.57747	168.988558	168.982778	157.076686	149.469997	
30.58974	168.988558	168.982778	157.076686	149.469997	
30.59779	168.988558	168.982778	157.076686	149.469997	
30.60806	168.988558	168.982778	157.076686	149.469997	
30.61819	168.988558	168.982778	157.076686	149.469997	
30.62844	168.988558	168.982778	157.076686	149.469997	
30.63846	168.988558	168.982778	157.076686	149.469997	
30.64865	168.988558	168.982778	157.076686	149.469997	
30.65887	168.988558	168.982778	157.076686	149.469997	
30.66895	168.988558	168.982778	157.076686	149.469997	
30.67905	168.988558	168.982778	157.076686	149.469997	
30.68924	168.988558	168.982778	157.076686	149.469997	
30.69949	168.988558	168.982778	157.076686	149.469997	
30.70959	168.988558	168.982778	157.076686	149.469997	
30.71973	168.988558	168.982778	157.076686	149.469997	
30.72988	168.988558	168.982778	157.076686	149.469997	
30.74014	168.988558	168.982778	157.076686	149.469997	
30.75014	168.988558	168.982778	157.076686	149.469997	
30.76032	168.988558	168.982778	157.076686	149.469997	
30.77045	168.988558	168.982778	157.076686	149.469997	
30.78056	168.988558	168.982778	157.076686	149.469997	
30.79107	168.988558	168.982778	157.076686	149.469997	
30.80094	168.988558	168.982778	157.076686	149.469997	
30.81113	168.988558	168.982778	157.076686	149.469997	
30.82138	168.988558	168.982778	157.076686	149.469997	
30.83137	168.988558	168.982778	157.076686	149.469997	
30.8417	168.988558	168.982778	157.076686	149.469997	
30.85169	168.988558	168.982778	157.076686	149.469997	
30.86182	168.988558	168.982778	157.076686	149.469997	
30.87267	168.988558	168.982778	157.076686	149.469997	
30.88212	168.988558	168.982778	157.076686	149.469997	
30.90166	168.988558	168.982778	157.076686	149.469997	
30.90622	168.988558	168.982778	157.076686	149.469997	
30.91642	168.988558	168.982778	157.076686	149.469997	
30.92653	168.988558	168.982778	157.076686	149.469997	
30.93669	168.988558	168.982778	157.076686	149.469997	
30.947	168.988558	168.982778	157.076686	149.469997	
30.95712	168.988558	168.982778	157.076686	149.469997	
30.96725	168.988558	168.982778	157.076686	149.469997	
30.9775	168.988558	168.982778	157.076686	149.469997	
30.98754	168.988558	168.982778	157.076686	149.469997	
31.00086	168.988558	168.982778	157.076686	149.469997	
31.00787	168.988558	168.982778	157.076686	149.469997	
31.01809	168.988558	168.982778	157.076686	149.469997	
31.02822	168.988558	168.982778	157.076686	149.469997	
31.03871	168.988558	168.982778	157.076686	149.469997	
31.04875	168.988558	168.982778	157.076686	149.469997	
31.05869	168.988558	168.982778	157.076686	149.469997	
31.06881	168.988558	168.982778	157.076686	149.469997	
31.07895	168.988558	168.982778	157.076686	149.469997	
31.08907	168.988558	168.982778	157.076686	149.469997	
31.09922	168.988558	168.982778	157.076686	149.469997	
31.10973	168.988558	168.982778	157.076686	149.469997	
31.11965	168.988558	168.982778	157.076686	149.469997	
31.12977	168.988558	168.982778	157.076686	149.469997	
31.14004	168.988558	168.982778	157.076686	149.469997	
31.15017	168.988558	168.982778	157.076686	149.469997	
31.16019	168.988558	168.982778	157.076686	149.469997	
31.17032	168.988558	168.982778	157.076686	149.469997	
31.18044	168.988558	168.982778	157.076686	149.469997	
31.19058	168.988558	168.982778	157.076686	149.469997	
31.20118	168.988558	168.982778	157.076686	149.469997	
31.211	168.988558	168.982778	157.076686	149.469997	
31.22116	168.988558	168.982778	157.076686	149.469997	
31.23121	168.988558	168.982778	157.076686	149.469997	
31.2414	168.988558	168.982778	157.076686	149.469997	
31.25161	168.988558	168.982778	157.076686	149.469997	
31.26167	168.988558	168.982778	157.076686	149.469997	
31.2718	168.988558	168.982778	157.076686	149.469997	
31.28195	168.988558	168.982778	157.076686	149.469997	
31.29206	168.988558	168.982778	157.076686	149.469997	
31.31293	168.988558	168.982778	157.076686	149.469997	
31.3175	168.988558	168.982778	157.076686	149.469997	
31.3277	168.988558	168.982778	157.076686	149.469997	
31.3379	168.988558	168.982778	157.076686	149.469997	
31.34797	168.988558	168.982778	157.076686	149.469997	
31.35816	168.988558	168.982778	157.076686	149.469997	
31.36831	168.988558	168.982778	157.076686	149.469997	
31.37848	168.988558	168.982778	157.076686	149.469997	
31.38863	168.988558	168.982778	157.076686	149.469997	
31.3988	168.988558	168.982778	157.076686	149.469997	
31.41146	168.988558	168.982778	157.076686	149.469997	
31.41928	168.988558	168.982778	157.076686	149.469997	
31.43067	168.988558	168.982778	157.076686	149.469997	
31.4395	168.988558	168.982778	157.076686	149.469997	
31.44965	168.988558	168.982778	157.076686	149.469997	
31.46003	168.988558	168.982778	157.076686	149.469997	
31.46988	168.988558	168.982778	157.076686	149.469997	
31.48005	168.988558	168.982778	157.076686	149.469997	
31.49019	168.988558	168.982778	157.076686	149.469997	
31.50029	168.988558	168.982778	157.076686	149.469997	
31.51044	168.988558	168.982778	157.076686	149.469997	
31.52091	168.988558	168.982778	157.076686	149.469997	
31.53867	168.988558	168.982778	157.076686	149.469997	
31.54319	168.988558	168.982778	157.076686	149.469997	
31.55341	168.988558	168.982778	157.076686	149.469997	
31.56354	168.988558	168.982778	157.076686	149.469997	
31.57369	168.988558	168.982778	157.076686	149.469997	
31.58384	168.988558	168.982778	157.076686	149.469997	
31.59402	168.988558	168.982778	157.076686	149.469997	
31.60412	168.988558	168.982778	157.076686	149.469997	
31.61677	168.988558	168.982778	157.076686	149.469997	
31.6245	168.988558	168.982778	157.076686	149.469997	
31.63471	168.988558	168.982778	157.076686	149.469997	
31.64484	168.988558	168.982778	157.076686	149.469997	
31.65499	168.988558	168.982778	157.076686	149.469997	
31.6653	168.988558	168.982778	157.076686	149.469997	
31.67543	168.988558	168.982778	157.076686	149.469997	
31.68556	168.988558	168.982778	157.076686	149.469997	
31.69573	168.988558	168.982778	157.076686	149.469997	
31.70609	168.988558	168.982778	157.076686	149.469997	
31.71603	168.988558	168.982778	157.076686	149.469997	
31.72625	168.988558	168.982778	157.076686	149.469997	
31.73646	168.988558	168.982778	157.076686	149.469997	
31.74661	168.988558	168.982778	157.076686	149.469997	
31.75668	168.988558	168.982778	157.076686	149.469997	
31.767	168.988558	168.982778	157.076686	149.469997	
31.77704	168.988558	168.982778	157.076686	149.469997	
31.78721	168.988558	168.982778	157.076686	149.469997	
31.79735	168.988558	168.982778	157.076686	149.469997	
31.80746	168.988558	168.982778	157.076686	149.469997	
31.81771	168.988558	168.982778	157.076686	149.469997	
31.82791	168.988558	168.982778	157.076686	149.469997	
31.83802	168.988558	168.982778	157.076686	149.469997	
31.84821	168.988558	168.982778	157.076686	149.469997	
31.85833	168.988558	168.982778	157.076686	149.469997	
31.86867	168.988558	168.982778	157.076686	149.469997	
31.87862	168.988558	168.982778	157.076686	149.469997	
31.88873	168.988558	168.982778	157.076686	149.469997	
31.89892	168.988558	168.982778	157.076686	149.469997	
31.90902	168.988558	168.982778	157.076686	149.469997	
31.91916	168.988558	168.982778	157.076686	149.469997	
31.9295	168.988558	168.982778	157.076686	149.469997	
31.94002	168.988558	168.982778	157.076686	149.469997	
31.95174	168.988558	168.982778	157.076686	149.469997	
31.96047	168.988558	168.982778	157.076686	149.469997	
31.97058	168.988558	168.982778	157.076686	149.469997	
31.98082	168.988558	168.982778	157.076686	149.469997	
31.99093	168.988558	168.982778	157.076686	149.469997	
32.00102	168.988558	168.982778	157.076686	149.469997	
32.01118	168.988558	168.982778	157.076686	149.469997	
32.02163	168.988558	168.982778	157.076686	149.469997	
32.03181	168.988558	168.982778	157.076686	149.469997	
32.04993	168.988558	168.982778	157.076686	149.469997	
32.05467	168.988558	168.982778	157.076686	149.469997	
32.06469	168.988558	168.982778	157.076686	149.469997	
32.07489	168.988558	168.982778	157.076686	149.469997	
32.085	168.988558	168.982778	157.076686	149.469997	
32.09517	168.988558	168.982778	157.076686	149.469997	
32.10531	168.988558	168.982778	157.076686	149.469997	
32.11544	168.988558	168.982778	157.076686	149.469997	
32.12562	168.988558	168.982778	157.076686	149.469997	
32.13584	168.988558	168.982778	157.076686	149.469997	
32.14621	168.988558	168.982778	157.076686	149.469997	
32.15618	168.988558	168.982778	157.076686	149.469997	
32.16631	168.988558	168.982778	157.076686	149.469997	
32.17647	168.988558	168.982778	157.076686	149.469997	
32.18664	168.988558	168.982778	157.076686	149.469997	
32.19676	168.988558	168.982778	157.076686	149.469997	
32.20693	168.988558	168.982778	157.076686	149.469997	
32.21708	168.988558	168.982778	157.076686	149.469997	
32.22723	168.988558	168.982778	157.076686	149.469997	
32.23746	168.988558	168.982778	157.076686	149.469997	
32.24764	168.988558	168.982778	157.076686	149.469997	
32.25777	168.988558	168.982778	157.076686	149.469997	
32.26794	168.988558	168.982778	157.076686	149.469997	
32.27808	168.988558	168.982778	157.076686	149.469997	
32.28839	168.988558	168.982778	157.076686	149.469997	
32.29845	168.988558	168.982778	157.076686	149.469997	
32.30862	168.988558	168.982778	157.076686	149.469997	
32.31877	168.988558	168.982778	157.076686	149.469997	
32.32887	168.988558	168.982778	157.076686	149.469997	
32.33966	168.988558	168.982778	157.076686	149.469997	
32.34978	168.988558	168.982778	157.076686	149.469997	
32.35989	168.988558	168.982778	157.076686	149.469997	
32.37003	168.988558	168.982778	157.076686	149.469997	
32.38033	168.988558	168.982778	157.076686	149.469997	
32.39034	168.988558	168.982778	157.076686	149.469997	
32.40055	168.988558	168.982778	157.076686	149.469997	
32.42275	168.988558	168.982778	157.076686	149.469997	
