7.966481	
7.975292	
7.985382	
7.99555	
8.005741	
8.01586	
8.026052	
8.03617	
8.046286	
8.05645	
8.066616	
8.076781	
8.086948	
8.097065	
8.107276	
8.117337	
8.127507	
8.137704	
8.147818	
8.157959	
8.168073	
8.178264	
8.188394	
8.198521	
8.208726	
8.218892	
8.228971	
8.248041	
8.252397	
8.262576	
8.272918	
8.282862	
8.292971	
8.303293	
8.313247	
8.323471	
8.333561	
8.343699	
8.35389	
8.364015	
8.374272	
8.38428	
8.39445	
8.404662	
8.414743	
8.424949	
8.435128	
8.445224	
8.455367	
8.465523	
8.47567	
8.485835	
8.49598	
8.506132	
8.516299	
8.526476	
8.536636	
8.546731	
8.556913	
8.567009	
8.57721	
8.587395	
8.597485	
8.607644	
8.617814	
8.627976	
8.638119	
8.648259	
8.658424	
8.668626	
8.678719	
8.688853	
8.699038	
8.709163	
8.719305	
8.729425	
8.739661	
8.749761	
8.759906	
8.770026	
8.780251	
8.790355	
8.800502	
8.810661	
8.820863	
8.830982	
8.841155	
8.851367	
8.861411	
8.871587	
8.881979	
8.89186	
8.901995	
8.912143	
8.922281	
8.932447	
8.942669	
8.952809	
8.962844	
8.973023	
8.983149	
8.993291	
9.003463	
9.013599	
9.023733	
9.03393	
9.044097	
9.054248	
9.064393	
9.074555	
9.085495	
9.094826	
9.104962	
9.115141	
9.125281	
9.135422	
9.145585	
9.155762	
9.165876	
9.176044	
9.186194	
9.196301	
9.206477	
9.216628	
9.226778	
9.237334	
9.247261	
9.257442	
9.267644	
9.277908	
9.288044	
9.29823	
9.308443	
9.318536	
9.32864	
9.338791	
9.349003	
9.359133	
9.369261	
9.379487	
9.389542	
9.40057	
9.409985	
9.42005	
9.430154	
9.440481	
9.450536	
9.460703	
9.470835	
9.480903	
9.49108	
9.501294	
9.511386	
9.521537	
9.531707	
9.542836	40.1524153	40.1512994	41.295606	41.2944901	
9.552791	40.1539709	40.1512994	41.2971615	41.2944901	
9.563071	40.1562237	40.1512994	41.2994143	41.2944901	
9.573043	40.158994	40.1512994	41.3021847	41.2944901	
9.583478	40.1625638	40.1512994	41.3057544	41.2944901	
9.593314	40.1664896	40.1512994	41.3096802	41.2944901	
9.603494	40.1711837	40.1600261	41.3143744	41.2944901	
9.613617	40.176465	40.1600261	41.3196557	41.2944901	
9.623716	40.182346	40.1600261	41.3255367	41.3032167	
9.633931	40.1889287	40.1600261	41.3321193	41.3032167	
9.653737	40.2046114	40.1600261	41.3478021	41.3032167	
9.658313	40.2081465	40.1600261	41.3513371	41.3032167	
9.668453	40.2167729	40.1600261	41.3599635	41.3032167	
9.678591	40.2260149	40.1600261	41.3692056	41.3032167	
9.688809	40.2359608	40.1600261	41.3791515	41.3032167	
9.698938	40.2464297	40.1600261	41.3896204	41.3032167	
9.709083	40.2575377	40.1600261	41.4007283	41.3032167	
9.719228	40.2692559	40.1600261	41.4124466	41.3032167	
9.729344	40.2815637	40.1687527	41.4247544	41.3032167	
9.739562	40.2946188	40.1774794	41.4378095	41.3032167	
9.749971	40.3085882	40.1774794	41.4517789	41.3032167	
9.759864	40.3224119	40.186206	41.4656026	41.3032167	
9.770008	40.3372246	40.1949327	41.4804152	41.3032167	
9.78988	40.3692025	40.2298393	41.5123931	41.3032167	
9.795022	40.3773992	40.2298393	41.5205899	41.3032167	
9.805141	40.3943007	40.2472926	41.5374914	41.3032167	
9.815295	40.4118909	40.2647458	41.5550816	41.3032167	
9.82547	40.4301414	40.2821991	41.573332	41.3032167	
9.835607	40.4489317	40.2996524	41.5921224	41.3032167	
9.848043	40.473018	40.3171057	41.6162086	41.3032167	
9.85597	40.4886133	40.334559	41.6318039	41.3032167	
9.86629	40.5096439	40.360739	41.6528346	41.3032167	
9.8763	40.530643	40.3781922	41.6738336	41.3032167	
9.886435	40.5525177	40.4043722	41.6957084	41.3032167	
9.89662	40.5751356	40.4218255	41.7183263	41.3032167	
9.906778	40.5983051	40.4392788	41.7414958	41.3119434	
9.917003	40.6222519	40.4654587	41.7654426	41.3119434	
9.927102	40.646519	40.4916386	41.7897096	41.32067	
9.937242	40.6715028	40.5090919	41.8146935	41.3293967	
9.94929	40.7021432	40.5265452	41.8453339	41.3293967	
9.957642	40.7236814	40.5614518	41.8668721	41.3381233	
9.967698	40.75028	40.5789051	41.8934706	41.34685	
9.977843	40.7777562	40.6138117	41.9209468	41.3555766	
9.988042	40.8059934	40.631265	41.949184	41.3643033	
9.998182	40.8346736	40.6661716	41.9778643	41.3643033	
10.00832	40.8639585	40.6923515	42.0071491	41.3730299	
10.01848	40.8939567	40.7272581	42.0371474	41.3904832	
10.02864	40.9245656	40.753438	42.0677563	41.3992099	
10.03875	40.9556075	40.7883446	42.0987981	41.3992099	
10.04895	40.9875939	40.8232512	42.1307846	41.4166631	
10.05913	41.0201462	40.8494311	42.1633368	41.4253898	
10.06924	41.05304	40.8843377	42.1962307	41.4341164	
10.0794	41.0867168	40.9105177	42.2299075	41.4428431	
10.08957	41.1211024	40.9454243	42.2642931	41.4602964	
10.09977	41.1561592	40.9803308	42.2993499	41.469023	
10.10985	41.1914086	41.0239641	42.3345993	41.4864763	
10.12	41.2275664	41.0588707	42.370757	41.495203	
10.13023	41.2646029	41.1025039	42.4077935	41.5039296	
10.14035	41.301863	41.1374105	42.4450536	41.5213829	
10.15058	41.3402015	41.1723171	42.4833921	41.5388362	
10.16871	41.4105016	41.2421302	42.5536922	41.5650161	
10.17337	41.4284689	41.2595835	42.5716595	41.5737428	
10.18347	41.4682678	41.3032167	42.6114584	41.5911961	
10.19361	41.5088464	41.34685	42.6520371	41.6086494	
10.20384	41.5504201	41.3817566	42.6936107	41.6348293	
10.21394	41.5920779	41.4253898	42.7352686	41.643556	
10.2319	41.6685252	41.5039296	42.8117159	41.6784625	
10.23644	41.6877499	41.5213829	42.8309406	41.6959158	
10.24656	41.7314587	41.5650161	42.8746494	41.7133691	
10.25926	41.7874409	41.6086494	42.9306315	41.7395491	
10.26694	41.8214484	41.6522826	42.9646391	41.7570024	
10.2771	41.8672019	41.6959158	43.0103926	41.7831823	
10.28723	41.913426	41.7482757	43.0566167	41.8093622	
10.29736	41.9602798	41.7919089	43.1034705	41.8268155	
10.3076	42.0082416	41.8355422	43.1514323	41.8529955	
10.3177	42.0561836	41.887902	43.1993742	41.8791754	
10.32784	42.1049092	41.9315353	43.2480998	41.9053553	
10.33804	42.1545786	41.9838952	43.2977692	41.9315353	
10.34813	42.2043151	42.0275284	43.3475058	41.9577152	
10.36136	42.2707442	42.0798883	43.4139349	41.9838952	
10.36847	42.3065466	42.1322481	43.4497372	42.0188017	
10.37867	42.3587344	42.184608	43.5019251	42.0449817	
10.39666	42.4530313	42.2718745	43.5962219	42.0973416	
10.40115	42.4765567	42.2980544	43.6197474	42.1060682	
10.41149	42.5314273	42.3416877	43.6746179	42.1322481	
10.4215	42.585169	42.4027742	43.7283596	42.1671547	
10.43165	42.6402626	42.4551341	43.7834533	42.2020613	
10.44175	42.6957506	42.5074939	43.8389413	42.2282413	
10.452	42.7526584	42.5685805	43.8958491	42.2631478	
10.46379	42.8190628	42.6209403	43.9622535	42.2980544	
10.4723	42.8672786	42.6733002	44.0104693	42.3242344	
10.48246	42.9254942	42.7256601	44.0686848	42.3591409	
10.49266	42.9846106	42.7954733	44.1278013	42.3940475	
10.50274	43.0436433	42.8478331	44.186834	42.4289541	
10.5134	43.1068213	42.9089197	44.2500119	42.4638607	
10.52322	43.1654823	42.9700062	44.3086729	42.4987673	
10.53334	43.2266269	43.0310927	44.3698176	42.5336739	
10.54348	43.2885102	43.0921792	44.4317009	42.5685805	
10.55361	43.3508857	43.1532658	44.4940764	42.6122137	
10.56635	43.4305559	43.2143523	44.5737465	42.6471203	
10.57416	43.4795189	43.2841654	44.6227095	42.6907535	
10.59199	43.5939214	43.3888852	44.7371121	42.7605667	
10.59651	43.6228602	43.4237918	44.7660509	42.77802	
10.60662	43.6883516	43.493605	44.8315422	42.8216532	
10.61688	43.7555104	43.5634181	44.8987011	42.8652864	
10.62699	43.8221837	43.6332313	44.9653743	42.9089197	
10.63715	43.8899214	43.6943178	45.033112	42.9525529	
10.64729	43.9580747	43.7728576	45.1012654	42.9961861	
10.65742	44.0267895	43.8426708	45.1699801	43.0398194	
10.6706	44.1174857	43.912484	45.2606764	43.0834526	
10.67778	44.166951	43.9822972	45.3101417	43.1358125	
10.68795	44.2378083	44.0521103	45.380999	43.1794457	
10.69813	44.3093501	44.1219235	45.4525408	43.2318056	
10.70822	44.380896	44.1917367	45.5240866	43.2754388	
10.71841	44.4538133	44.2702765	45.5970039	43.3277987	
10.72852	44.5266679	44.3488163	45.6698586	43.3714319	
10.73875	44.6010408	44.4186295	45.7442315	43.4237918	
10.74896	44.6759817	44.4971693	45.8191723	43.4761517	
10.75901	44.7502839	44.5757091	45.8934745	43.5285115	
10.77177	44.845727	44.6455223	45.9889177	43.5721448	
10.77949	44.9036883	44.7240621	46.0468789	43.6245047	
10.78951	44.9795552	44.8026019	46.1227458	43.6768645	
10.79966	45.0570746	44.8811417	46.2002653	43.7292244	
10.80978	45.1350563	44.9596815	46.278247	43.7728576	
10.81991	45.2117683	45.0382213	46.3549589	43.8339442	
10.83014	45.2887715	45.1167612	46.4319622	43.8775774	
10.84026	45.3641873	45.195301	46.507378	43.9386639	
10.85042	45.4394212	45.2738408	46.5826118	43.9822972	
10.86057	45.5138828	45.3611073	46.6570735	44.0433837	
10.87075	45.5880727	45.4396471	46.7312633	44.0957436	
10.88098	45.6622108	45.5181869	46.8054014	44.1481034	
10.89111	45.7344657	45.6054534	46.8776563	44.2004633	
10.90129	45.8068121	45.6839932	46.9500027	44.2528232	
10.91139	45.8779113	45.762533	47.0211019	44.3051831	
10.92191	45.9513571	45.8497994	47.0945478	44.3575429	
10.93177	46.0197002	45.9283393	47.1628909	44.4099028	
10.94187	46.0889715	46.0068791	47.2321621	44.4622627	
10.95199	46.157862	46.0941455	47.3010527	44.5146226	
10.9622	46.2267457	46.1726854	47.3699364	44.5669824	
10.97229	46.2942476	46.2512252	47.4374383	44.6193423	
10.98248	46.3617684	46.3210383	47.504959	44.6717022	
10.99276	46.4292976	46.3995782	47.5724882	44.7153354	
11.00282	46.4947002	46.478118	47.6378909	44.776422	
11.013	46.5603587	46.5479312	47.7035493	44.8200552	
11.02343	46.6270426	46.6177443	47.7702333	44.8724151	
11.03328	46.6893581	46.6875575	47.8325488	44.9247749	
11.04344	46.7530931	46.748644	47.8962837	44.9684082	
11.05355	46.8158757	46.8097305	47.9590664	45.0207681	
11.06365	46.8780316	46.8795437	48.0212223	45.0644013	
11.07383	46.9400781	46.9319036	48.0832688	45.1167612	
11.09193	47.0480904	47.04535	48.1912811	45.2040276	
11.09647	47.0751415	47.0715299	48.2183322	45.2214809	
11.1066	47.1349824	47.1238898	48.278173	45.2651142	
11.11672	47.1941431	47.1762497	48.3373338	45.3087474	
11.12693	47.2531675	47.2286096	48.3963581	45.3523806	
11.13718	47.311872	47.2896961	48.4550626	45.4047405	
11.14727	47.3690099	47.3333293	48.5122005	45.4483737	
11.1574	47.4257758	47.3856892	48.5689664	45.4832803	
11.16751	47.4818788	47.4380491	48.6250695	45.5356402	
11.1777	47.5378343	47.4904089	48.6810249	45.5792734	
11.18792	47.5933284	47.5427688	48.7365191	45.6229066	
11.198	47.6474061	47.5951287	48.7905968	45.6578132	
11.20817	47.7014262	47.6387619	48.8446169	45.7014465	
11.21834	47.7548287	47.6823952	48.8980193	45.7450797	
11.22852	47.8076907	47.734755	48.9508814	45.7887129	
11.23864	47.8596674	47.7871149	49.002858	45.8323462	
11.2488	47.9112223	47.8307482	49.054413	45.8672527	
11.25896	47.9621477	47.883108	49.1053383	45.9021593	
11.26914	48.0126052	47.9267413	49.1557958	45.9457926	
11.27944	48.0630373	47.9791011	49.2062279	45.9894258	
11.28948	48.1116421	48.031461	49.2548328	46.0243324	
11.2997	48.1604772	48.0750942	49.3036678	46.059239	
11.30983	48.2082335	48.1187275	49.3514242	46.1028722	
11.31997	48.2555147	48.1710874	49.3987053	46.1377788	
11.3303	48.3037821	48.2147206	49.4469728	46.1726854	
11.34031	48.3485033	48.2583538	49.4916939	46.2075919	
11.35046	48.3940527	48.3107137	49.5372434	46.2424985	
11.3606	48.4389001	48.3543469	49.5820908	46.2774051	
11.37074	48.4831953	48.3979802	49.6263859	46.3123117	
11.38095	48.5271982	48.4416134	49.6703889	46.3472183	
11.39204	48.5741967	48.4852466	49.7173873	46.3821249	
11.40225	48.6169157	48.5288799	49.7601064	46.4083048	
11.41234	48.6585311	48.5725131	49.8017217	46.4432114	
11.42246	48.6997095	48.6161463	49.8429002	46.4693913	
11.44097	48.7725568	48.6510529	49.9157474	46.5042979	
11.44556	48.7907027	48.7034128	49.9338934	46.5392045	
11.45574	48.8301506	48.747046	49.9733412	46.5653844	
11.46589	48.8688814	48.7819526	50.0120721	46.600291	
11.47602	48.9069597	48.8255858	50.0501504	46.626471	
11.48623	48.9447246	48.8604924	50.0879153	46.6526509	
11.49679	48.9831704	48.9041256	50.126361	46.6788308	
11.5066	49.0182739	48.9390322	50.1614645	46.7050108	
11.51674	49.0540116	48.9739388	50.1972023	46.7311907	
11.52686	49.0890599	49.0088454	50.2322506	46.748644	
11.53705	49.1239088	49.043752	50.2670994	46.774824	
11.54721	49.1578305	49.0786586	50.3010211	46.8010039	
11.55758	49.1919314	49.1048385	50.3351221	46.8184572	
11.56765	49.2244602	49.1397451	50.3676509	46.8446371	
11.5778	49.2566828	49.1746517	50.3998735	46.8620904	
11.58799	49.2884115	49.2008316	50.4316021	46.8795437	
11.5982	49.3196291	49.2357382	50.4628198	46.9057236	
11.60835	49.3500461	49.2706448	50.4932368	46.9144503	
11.61851	49.3799033	49.2880981	50.5230939	46.9406302	
11.62866	49.4091686	49.3230047	50.5523592	46.9493569	
11.63876	49.4376921	49.3491846	50.5808828	46.9668102	
11.649	49.4660173	49.3753645	50.6092079	46.9842635	
11.65929	49.493868	49.4102711	50.6370587	46.9929901	
11.66928	49.5203473	49.4364511	50.6635379	47.0104434	
11.67943	49.5466754	49.462631	50.6898661	47.01917	
11.68952	49.5722635	49.4975376	50.7154542	47.0278967	
11.70016	49.5985798	49.5149909	50.7417705	47.04535	
11.7103	49.623098	49.5498975	50.7662887	47.0540766	
11.72043	49.6470042	49.5673508	50.7901949	47.0540766	
11.73051	49.6702372	49.5935307	50.8134279	47.0628033	
11.7407	49.6931288	49.6197106	50.8363194	47.0715299	
11.75086	49.7153563	49.6371639	50.858547	47.0802566	
11.76104	49.7370395	49.6633439	50.8802301	47.0889832	
11.7713	49.7586068	49.6895238	50.9017975	47.0889832	
11.78151	49.778906	49.7069771	50.9220967	47.0889832	
11.79184	49.79912	49.7244304	50.9423106	47.0977099	
11.8029	49.8200632	49.7418837	50.9632539	47.1064365	
11.81301	49.8386583	49.759337	50.9818489	47.1064365	
11.82311	49.8566736	49.7767903	50.9998642	47.1064365	
11.83319	49.8740948	49.7942436	51.0172854	47.1151632	
11.84353	49.8913459	49.8116969	51.0345366	47.1151632	
11.85351	49.9074565	49.8291501	51.0506472	47.1151632	
11.86364	49.9232459	49.8466034	51.0664365	47.1151632	
11.87387	49.9386227	49.8553301	51.0818134	47.1151632	
11.88403	49.9533239	49.8640567	51.0965145	47.1238898	
11.9049	49.9805084	49.88151	51.1236991	47.1238898	
11.90957	49.9866694	49.8902367	51.1298601	47.1238898	
11.91971	49.9993595	49.8989633	51.1425502	47.1238898	
11.92981	50.0114615	49.90769	51.1546521	47.1238898	
11.94	50.0231102	49.9164166	51.1663009	47.1238898	
11.95019	50.0342073	49.9164166	51.177398	47.1238898	
11.96032	50.044696	49.9251433	51.1878867	47.1238898	
11.97041	50.0546059	49.9338699	51.1977966	47.1238898	
11.9806	50.0640647	49.9338699	51.2072554	47.1238898	
11.99072	50.0729322	49.9338699	51.2161229	47.1238898	
12.00092	50.081316	49.9338699	51.2245066	47.1238898	
12.01114	50.0891945	49.9338699	51.2323851	47.1238898	
12.02129	50.0964889	49.9338699	51.2396796	47.1238898	
12.03148	50.103292	49.9338699	51.2464827	47.1238898	
12.04156	50.1095092	49.9338699	51.2526999	47.1238898	
12.05189	50.1153628	49.9338699	51.2585534	47.1238898	
12.06186	50.1205319	49.9338699	51.2637225	47.1238898	
12.072	50.1253015	49.9338699	51.2684922	47.1238898	
12.08222	50.1296175	49.9338699	51.2728082	47.1238898	
12.09234	50.1334302	49.9338699	51.2766208	47.1238898	
12.10247	50.1367929	49.9338699	51.2799835	47.1238898	
12.11274	50.1397504	49.9338699	51.2829411	47.1238898	
12.12285	50.1422464	49.9338699	51.2854371	47.1238898	
12.133	50.1443541	49.9338699	51.2875448	47.1238898	
12.14311	50.1460825	49.9338699	51.2892732	47.1238898	
12.15345	50.1512994	49.9338699	51.2944901	47.1238898	
12.16336	50.1512994	49.9338699	51.2944901	47.1238898	
12.17355	50.1512994	49.9338699	51.2944901	47.1238898	
12.18367	50.1512994	49.9338699	51.2944901	47.1238898	
12.19379	50.1512994	49.9338699	51.2944901	47.1238898	
12.20401	50.1512994	49.9338699	51.2944901	47.1238898	
12.2145	50.1512994	49.9338699	51.2944901	47.1238898	
12.22431	50.1512994	49.9338699	51.2944901	47.1238898	
12.23446	50.1512994	49.9338699	51.2944901	47.1238898	
12.2449	50.1512994	49.9338699	51.2944901	47.1238898	
12.25483	50.1512994	49.9338699	51.2944901	47.1238898	
12.26497	50.1512994	49.9338699	51.2944901	47.1238898	
12.27514	50.1512994	49.9338699	51.2944901	47.1238898	
12.28534	50.1512994	49.9338699	51.2944901	47.1238898	
12.29546	50.1512994	49.9338699	51.2944901	47.1238898	
12.30563	50.1512994	49.9338699	51.2944901	47.1238898	
12.31635	50.1512994	49.9338699	51.2944901	47.1238898	
12.32651	50.1512994	49.9338699	51.2944901	47.1238898	
12.33665	50.1512994	49.9338699	51.2944901	47.1238898	
12.34681	50.1512994	49.9338699	51.2944901	47.1238898	
12.35696	50.1512994	49.9338699	51.2944901	47.1238898	
12.36709	50.1512994	49.9338699	51.2944901	47.1238898	
12.37726	50.1512994	49.9338699	51.2944901	47.1238898	
12.38742	50.1512994	49.9338699	51.2944901	47.1238898	
12.39763	50.1512994	49.9338699	51.2944901	47.1238898	
12.4077	50.1512994	49.9338699	51.2944901	47.1238898	
12.41902	50.1512994	49.9338699	51.2944901	47.1238898	
12.42926	50.1512994	49.9425965	51.2944901	47.1238898	
12.43935	50.1512994	49.9425965	51.2944901	47.1238898	
12.44948	50.1512994	49.9513232	51.2944901	47.1238898	
12.45971	50.1512994	49.9513232	51.2944901	47.1238898	
12.46983	50.1512994	49.9600498	51.2944901	47.1238898	
12.47994	50.1512994	49.9687765	51.2944901	47.1238898	
12.49016	50.1512994	49.9862298	51.2944901	47.1238898	
12.50051	50.1512994	49.9949564	51.2944901	47.1238898	
12.51057	50.1512994	50.0124097	51.2944901	47.1238898	
12.52168	50.1512994	50.029863	51.2944901	47.1238898	
12.53189	50.1512994	50.0385897	51.2944901	47.1238898	
12.54196	50.1512994	50.0560429	51.2944901	47.1238898	
12.55209	50.1512994	50.0734962	51.2944901	47.1238898	
12.56226	50.1512994	50.0909495	51.2944901	47.1238898	
12.57238	50.1512994	50.1084028	51.2944901	47.1238898	
12.5826	50.1512994	50.1258561	51.2944901	47.1238898	
12.59274	50.1512994	50.1433094	51.2944901	47.1238898	
12.60296	50.1512994	50.1694893	51.2944901	47.1238898	
12.61341	50.1512994	50.1869426	51.2944901	47.1238898	
12.62439	50.1512994	50.2131226	51.2944901	47.1238898	
12.63464	50.1512994	50.2305759	51.2944901	47.1238898	
12.64475	50.1512994	50.2480292	51.2944901	47.1238898	
12.65488	50.1512994	50.2567558	51.2944901	47.1238898	
12.66511	50.1512994	50.2654825	51.2944901	47.1238898	
12.67524	50.1512994	50.2829357	51.2944901	47.1238898	
12.68539	50.1512994	50.2916624	51.2944901	47.1238898	
12.69555	50.1512994	50.300389	51.2944901	47.1238898	
12.70571	50.1512994	50.3091157	51.2944901	47.1238898	
12.71593	50.1512994	50.3091157	51.2944901	47.1238898	
12.72715	50.1512994	50.3178423	51.2944901	47.1238898	
12.73733	50.1512994	50.3178423	51.2944901	47.1238898	
12.74749	50.1512994	50.3178423	51.2944901	47.1238898	
12.75762	50.1512994	50.3178423	51.2944901	47.1238898	
12.76773	50.1512994	50.3178423	51.2944901	47.1238898	
12.77814	50.1512994	50.3178423	51.2944901	47.1238898	
12.78814	50.1512994	50.3178423	51.2944901	47.1238898	
12.79828	50.1512994	50.3178423	51.2944901	47.1238898	
12.80846	50.1512994	50.3178423	51.2944901	47.1238898	
12.8186	50.1512994	50.3178423	51.2944901	47.1238898	
12.82994	50.1512994	50.3178423	51.2944901	47.1238898	
12.84002	50.1512994	50.3178423	51.2944901	47.1238898	
12.85017	50.1512994	50.3178423	51.2944901	47.1238898	
12.86032	50.1512994	50.3178423	51.2944901	47.1238898	
12.87892	50.1512994	50.3178423	51.2944901	47.1238898	
12.88349	50.1512994	50.3178423	51.2944901	47.1238898	
12.89361	50.1512994	50.3178423	51.2944901	47.1238898	
12.90377	50.1512994	50.3178423	51.2944901	47.1238898	
12.9141	50.1512994	50.3178423	51.2944901	47.1238898	
12.93283	50.1512994	50.3178423	51.2944901	47.1238898	
12.9374	50.1512994	50.3178423	51.2944901	47.1238898	
12.94761	50.1512994	50.3178423	51.2944901	47.1238898	
12.95771	50.1512994	50.3178423	51.2944901	47.1238898	
12.96782	50.1512994	50.3178423	51.2944901	47.1238898	
12.97799	50.1512994	50.3178423	51.2944901	47.1238898	
12.98817	50.1512994	50.3178423	51.2944901	47.1238898	
12.9983	50.1512994	50.3178423	51.2944901	47.1238898	
13.00846	50.1512994	50.3091157	51.2944901	47.1238898	
13.01874	50.1512994	50.3091157	51.2944901	47.1238898	
13.03119	50.1512994	50.3091157	51.2944901	47.1238898	
13.03896	50.1512994	50.3091157	51.2944901	47.1238898	
13.04909	50.1512994	50.3091157	51.2944901	47.1238898	
13.05926	50.1512994	50.300389	51.2944901	47.1238898	
13.06938	50.1512994	50.300389	51.2944901	47.1238898	
13.07957	50.1512994	50.300389	51.2944901	47.1238898	
13.09046	50.1512994	50.300389	51.2944901	47.1238898	
13.09987	50.1512994	50.300389	51.2944901	47.1238898	
13.10995	50.1512994	50.300389	51.2944901	47.1238898	
13.12072	50.1512994	50.300389	51.2944901	47.1238898	
13.13035	50.1512994	50.300389	51.2944901	47.1238898	
13.14057	50.1512994	50.300389	51.2944901	47.1238898	
13.15064	50.1512994	50.300389	51.2944901	47.1238898	
13.16078	50.1512994	50.300389	51.2944901	47.1238898	
13.17088	50.1512994	50.300389	51.2944901	47.1238898	
13.18103	50.1512994	50.300389	51.2944901	47.1238898	
13.19125	50.1512994	50.300389	51.2944901	47.1238898	
13.20143	50.1512994	50.300389	51.2944901	47.1326165	
13.21153	50.1512994	50.300389	51.2944901	47.1326165	
13.22165	50.1512994	50.300389	51.2944901	47.1413431	
13.2319	50.1512994	50.300389	51.2944901	47.1500697	
13.24201	50.1512994	50.300389	51.2944901	47.1587964	
13.25354	50.1512994	50.300389	51.2944901	47.167523	
13.26304	50.1512994	50.300389	51.2944901	47.1849763	
13.27314	50.1512994	50.300389	51.2944901	47.193703	
13.28349	50.1512994	50.300389	51.2944901	47.2111563	
13.29348	50.1512994	50.300389	51.2944901	47.2286096	
13.3038	50.1512994	50.300389	51.2944901	47.2460629	
13.31377	50.1512994	50.300389	51.2944901	47.2635161	
13.32393	50.1512994	50.300389	51.2944901	47.2896961	
13.3434	50.1512994	50.300389	51.2944901	47.3333293	
13.35622	50.1512994	50.300389	51.2944901	47.3595093	
13.36081	50.1512994	50.300389	51.2944901	47.3682359	
13.37089	50.1512994	50.300389	51.2944901	47.3944158	
13.38118	50.1512994	50.300389	51.2944901	47.4205958	
13.39131	50.1512994	50.300389	51.2944901	47.4467757	
13.4014	50.1512994	50.300389	51.2944901	47.4729557	
13.41154	50.1512994	50.300389	51.2944901	47.4991356	
13.42166	50.1512994	50.300389	51.2944901	47.5253155	
13.43197	50.1512994	50.300389	51.2944901	47.5514955	
13.44525	50.1512994	50.300389	51.2944901	47.5776754	
13.45244	50.1512994	50.300389	51.2944901	47.6038553	
13.46262	50.1512994	50.300389	51.2944901	47.6300353	
13.47274	50.1512994	50.300389	51.2944901	47.6474886	
13.4828	50.1512994	50.300389	51.2944901	47.6736685	
13.49332	50.1512994	50.300389	51.2944901	47.6823952	
13.50311	50.1512994	50.300389	51.2944901	47.6911218	
13.51327	50.1512994	50.300389	51.2944901	47.6998485	
13.52342	50.1512994	50.300389	51.2944901	47.7085751	
13.53353	50.1512994	50.300389	51.2944901	47.7173017	
13.5463	50.1512994	50.300389	51.2944901	47.7173017	
13.5541	50.1512994	50.300389	51.2944901	47.7260284	
13.56421	50.1512994	50.2916624	51.2944901	47.7260284	
13.57435	50.1512994	50.2916624	51.2944901	47.7260284	
13.58448	50.1512994	50.2829357	51.2944901	47.7260284	
13.59474	50.1512994	50.2829357	51.2944901	47.7260284	
13.60487	50.1512994	50.2829357	51.2944901	47.7260284	
13.61504	50.1512994	50.2829357	51.2944901	47.7260284	
13.62519	50.1512994	50.2742091	51.2944901	47.7260284	
13.63534	50.1512994	50.2654825	51.2944901	47.7260284	
13.64775	50.1512994	50.2654825	51.2944901	47.7260284	
13.65576	50.1512994	50.2654825	51.2944901	47.7260284	
13.66585	50.1512994	50.2654825	51.2944901	47.7260284	
13.67606	50.1512994	50.2654825	51.2944901	47.7260284	
13.68613	50.1512994	50.2654825	51.2944901	47.7260284	
13.69632	50.1512994	50.2654825	51.2944901	47.7260284	
13.70652	50.1512994	50.2654825	51.2944901	47.7260284	
13.71664	50.1512994	50.2654825	51.2944901	47.734755	
13.72693	50.1512994	50.2654825	51.2944901	47.734755	
13.73691	50.1512994	50.2654825	51.2944901	47.734755	
13.74708	50.1512994	50.2654825	51.2944901	47.7434817	
13.75741	50.1512994	50.2654825	51.2944901	47.7434817	
13.76739	50.1512994	50.2654825	51.2944901	47.7522083	
13.78774	50.1512994	50.2654825	51.2944901	47.7696616	
13.79232	50.1512994	50.2654825	51.2944901	47.7696616	
13.8025	50.1512994	50.2654825	51.2944901	47.7783883	
13.82049	50.1512994	50.2654825	51.2944901	47.7871149	
13.82501	50.1512994	50.2742091	51.2944901	47.8045682	
13.83516	50.1512994	50.2742091	51.2944901	47.8220215	
13.8454	50.1512994	50.2742091	51.2944901	47.8394748	
13.85766	50.1512994	50.2742091	51.2944901	47.8569281	
13.86783	50.1512994	50.2742091	51.2944901	47.8743814	
13.87774	50.1512994	50.2742091	51.2944901	47.8918347	
13.88788	50.1512994	50.2829357	51.2944901	47.9180146	
13.898	50.1512994	50.2829357	51.2944901	47.9354679	
13.90824	50.1512994	50.2829357	51.2944901	47.9616478	
13.91832	50.1512994	50.2829357	51.2944901	47.9878278	
13.92844	50.1512994	50.2829357	51.2944901	48.0052811	
13.93867	50.1512994	50.2829357	51.2944901	48.031461	
13.94876	50.1512994	50.2829357	51.2944901	48.0663676	
13.96034	50.1512994	50.2829357	51.2944901	48.0925475	
13.97037	50.1512994	50.2829357	51.2944901	48.1187275	
13.98054	50.1512994	50.2829357	51.2944901	48.1449074	
13.9909	50.1512994	50.2829357	51.2944901	48.1710874	
14.0008	50.1512994	50.2829357	51.2944901	48.2059939	
14.01101	50.1512994	50.2829357	51.2944901	48.2321739	
14.02113	50.1512994	50.2829357	51.2944901	48.2583538	
14.03129	50.1512994	50.2829357	51.2944901	48.2758071	
14.04145	50.1512994	50.2829357	51.2944901	48.3107137	
14.05184	50.1512994	50.2829357	51.2944901	48.328167	
14.06356	50.1512994	50.2829357	51.2944901	48.3543469	
14.07308	50.1512994	50.2829357	51.2944901	48.3805269	
14.08324	50.1512994	50.2829357	51.2944901	48.4067068	
14.09361	50.1512994	50.2829357	51.2944901	48.4241601	
14.10375	50.1512994	50.2829357	51.2944901	48.45034	
14.11386	50.1512994	50.2829357	51.2944901	48.4590667	
14.13203	50.1512994	50.2829357	51.2944901	48.4939733	
14.13656	50.1512994	50.2829357	51.2944901	48.5026999	
14.1467	50.1512994	50.2829357	51.2944901	48.5201532	
14.15686	50.1512994	50.2829357	51.2944901	48.5376065	
14.16727	50.1512994	50.2829357	51.2944901	48.5550598	
14.1772	50.1512994	50.2829357	51.2944901	48.5637864	
14.18733	50.1512994	50.2829357	51.2944901	48.5812397	
14.1975	50.1512994	50.2829357	51.2944901	48.5899664	
14.20769	50.1512994	50.2829357	51.2944901	48.6074197	
14.21786	50.1512994	50.2829357	51.2944901	48.6161463	
14.22801	50.1512994	50.2829357	51.2944901	48.624873	
14.23816	50.1512994	50.2829357	51.2944901	48.6335996	
14.24826	50.1512994	50.2829357	51.2944901	48.6510529	
14.25855	50.1512994	50.2829357	51.2944901	48.6597795	
14.26893	50.1512994	50.2829357	51.2944901	48.6597795	
14.2788	50.1512994	50.2829357	51.2944901	48.6685062	
14.28896	50.1512994	50.2829357	51.2944901	48.6772328	
14.29912	50.1512994	50.2829357	51.2944901	48.6772328	
14.30927	50.1512994	50.2829357	51.2944901	48.6772328	
14.31943	50.1512994	50.2829357	51.2944901	48.6772328	
14.32957	50.1512994	50.2829357	51.2944901	48.6772328	
14.33977	50.1512994	50.2829357	51.2944901	48.6772328	
14.34989	50.1512994	50.2829357	51.2944901	48.6772328	
14.35999	50.1512994	50.2829357	51.2944901	48.6772328	
14.37108	50.1512994	50.2829357	51.2944901	48.6772328	
14.38123	50.1512994	50.2829357	51.2944901	48.6772328	
14.39132	50.1512994	50.2829357	51.2944901	48.6772328	
14.40147	50.1512994	50.2829357	51.2944901	48.6772328	
14.41184	50.1512994	50.2829357	51.2944901	48.6685062	
14.42174	50.1512994	50.2829357	51.2944901	48.6685062	
14.43188	50.1512994	50.2829357	51.2944901	48.6685062	
14.44203	50.1512994	50.2829357	51.2944901	48.6685062	
14.45217	50.1512994	50.2829357	51.2944901	48.6685062	
14.46231	50.1512994	50.2829357	51.2944901	48.6685062	
14.47372	50.1512994	50.2829357	51.2944901	48.6685062	
14.48392	50.1512994	50.2829357	51.2944901	48.6772328	
14.49397	50.1512994	50.2829357	51.2944901	48.6772328	
14.50412	50.1512994	50.2829357	51.2944901	48.6772328	
14.51469	50.1512994	50.2829357	51.2944901	48.6772328	
14.52459	50.1512994	50.2829357	51.2944901	48.6772328	
14.53474	50.1512994	50.2829357	51.2944901	48.6772328	
14.54489	50.1512994	50.2829357	51.2944901	48.6772328	
14.55502	50.1512994	50.2829357	51.2944901	48.6772328	
14.56517	50.1512994	50.2829357	51.2944901	48.6772328	
14.57706	50.1512994	50.2829357	51.2944901	48.6772328	
14.58672	50.1512994	50.2829357	51.2944901	48.6772328	
14.59683	50.1512994	50.2829357	51.2944901	48.6772328	
14.60698	50.1512994	50.2829357	51.2944901	48.6772328	
14.6171	50.1512994	50.2829357	51.2944901	48.6772328	
14.62732	50.1512994	50.2829357	51.2944901	48.6772328	
14.63752	50.1512994	50.2829357	51.2944901	48.6772328	
14.64765	50.1512994	50.2829357	51.2944901	48.6772328	
14.6578	50.1512994	50.2829357	51.2944901	48.6772328	
14.668	50.1512994	50.2829357	51.2944901	48.6772328	
14.6793	50.1512994	50.2829357	51.2944901	48.6772328	
14.68958	50.1512994	50.2829357	51.2944901	48.6772328	
14.69954	50.1512994	50.2829357	51.2944901	48.6772328	
14.70966	50.1512994	50.2829357	51.2944901	48.6772328	
14.71976	50.1512994	50.2829357	51.2944901	48.6772328	
14.73019	50.1512994	50.2829357	51.2944901	48.6772328	
14.74039	50.1512994	50.2829357	51.2944901	48.6772328	
14.75053	50.1512994	50.2829357	51.2944901	48.6772328	
14.76067	50.1512994	50.2829357	51.2944901	48.6772328	
14.77078	50.1512994	50.2829357	51.2944901	48.6772328	
14.78204	50.1512994	50.2829357	51.2944901	48.6772328	
14.79209	50.1512994	50.2829357	51.2944901	48.6772328	
14.80222	50.1512994	50.2829357	51.2944901	48.6772328	
14.81237	50.1512994	50.2829357	51.2944901	48.6772328	
14.8225	50.1512994	50.2829357	51.2944901	48.6772328	
14.83269	50.1512994	50.2829357	51.2944901	48.6685062	
14.84284	50.1512994	50.2742091	51.2944901	48.6685062	
14.85295	50.1512994	50.2742091	51.2944901	48.6685062	
14.86306	50.1512994	50.2742091	51.2944901	48.6597795	
14.87345	50.1512994	50.2742091	51.2944901	48.6597795	
14.88476	50.1512994	50.2742091	51.2944901	48.6597795	
14.89483	50.1512994	50.2742091	51.2944901	48.6597795	
14.90501	50.1512994	50.2742091	51.2944901	48.6597795	
14.91518	50.1512994	50.2654825	51.2944901	48.6685062	
14.92543	50.1512994	50.2654825	51.2944901	48.6685062	
14.93552	50.1512994	50.2654825	51.2944901	48.6685062	
14.94567	50.1512994	50.2654825	51.2944901	48.6685062	
14.95589	50.1512994	50.2654825	51.2944901	48.6685062	
14.96596	50.1512994	50.2654825	51.2944901	48.6685062	
14.97611	50.1512994	50.2654825	51.2944901	48.6685062	
14.98743	50.1512994	50.2654825	51.2944901	48.6685062	
14.99759	50.1512994	50.2654825	51.2944901	48.6685062	
15.00772	50.1512994	50.2654825	51.2944901	48.6685062	
15.01788	50.1512994	50.2654825	51.2944901	48.6685062	
15.02809	50.1512994	50.2654825	51.2944901	48.6685062	
15.03822	50.1512994	50.2654825	51.2944901	48.6685062	
15.04835	50.1512994	50.2654825	51.2944901	48.6685062	
15.05856	50.1512994	50.2654825	51.2944901	48.6685062	
15.06868	50.1512994	50.2654825	51.2944901	48.6685062	
15.0788	50.1512994	50.2654825	51.2944901	48.6685062	
15.091	50.1512994	50.2654825	51.2944901	48.6685062	
15.10022	50.1512994	50.2654825	51.2944901	48.6772328	
15.11029	50.1512994	50.2654825	51.2944901	48.6772328	
15.12043	50.1512994	50.2654825	51.2944901	48.6772328	
15.13063	50.1512994	50.2654825	51.2944901	48.6772328	
15.14079	50.1512994	50.2654825	51.2944901	48.6859595	
15.15093	50.1512994	50.2654825	51.2944901	48.6859595	
15.16105	50.1512994	50.2654825	51.2944901	48.6946861	
15.17135	50.1512994	50.2654825	51.2944901	48.7034128	
15.18175	50.1512994	50.2654825	51.2944901	48.7208661	
15.19276	50.1512994	50.2654825	51.2944901	48.7295927	
15.20294	50.1512994	50.2654825	51.2944901	48.7557727	
15.21319	50.1512994	50.2654825	51.2944901	48.7819526	
15.22309	50.1512994	50.2654825	51.2944901	48.7994059	
15.23348	50.1512994	50.2654825	51.2944901	48.8343125	
15.24343	50.1512994	50.2654825	51.2944901	48.8604924	
15.25498	50.1512994	50.2654825	51.2944901	48.895399	
15.26375	50.1512994	50.2654825	51.2944901	48.9303056	
15.27384	50.1512994	50.2654825	51.2944901	48.9564855	
15.29431	50.1512994	50.2654825	51.2944901	49.017572	
15.29932	50.1512994	50.2654825	51.2944901	49.043752	
15.30905	50.1512994	50.2654825	51.2944901	49.0699319	
15.31922	50.1512994	50.2654825	51.2944901	49.1048385	
15.32931	50.1512994	50.2654825	51.2944901	49.1397451	
15.33953	50.1512994	50.2654825	51.2944901	49.1746517	
15.3497	50.1512994	50.2654825	51.2944901	49.2095583	
15.35983	50.1512994	50.2654825	51.2944901	49.2444648	
15.36993	50.1512994	50.2654825	51.2944901	49.2706448	
15.38044	50.1512994	50.2654825	51.2944901	49.3055514	
15.39031	50.1512994	50.2654825	51.2944901	49.340458	
15.40053	50.1512994	50.2654825	51.2944901	49.3753645	
15.41069	50.1512994	50.2654825	51.2944901	49.4015445	
15.42095	50.1512994	50.2654825	51.2944901	49.4364511	
15.43092	50.1512994	50.2654825	51.2944901	49.4713576	
15.44103	50.1512994	50.2654825	51.2944901	49.4975376	
15.45127	50.1512994	50.2654825	51.2944901	49.5324442	
15.46141	50.1512994	50.2654825	51.2944901	49.5673508	
15.47148	50.1512994	50.2654825	51.2944901	49.5935307	
15.48162	50.1512994	50.2654825	51.2944901	49.6284373	
15.49194	50.1512994	50.2654825	51.2944901	49.6546172	
15.50237	50.1512994	50.2654825	51.2944901	49.6807972	
15.51212	50.1512994	50.2654825	51.2944901	49.7069771	
15.5224	50.1512994	50.2654825	51.2944901	49.7418837	
15.53245	50.1512994	50.2654825	51.2944901	49.7767903	
15.54277	50.1512994	50.2654825	51.2944901	49.8029702	
15.55278	50.1512994	50.2654825	51.2944901	49.8378768	
15.56286	50.1512994	50.2654825	51.2944901	49.8640567	
15.57306	50.1512994	50.2654825	51.2944901	49.8902367	
15.58312	50.1512994	50.2654825	51.2944901	49.9164166	
15.5935	50.1512994	50.2654825	51.2944901	49.9513232	
15.60357	50.1512994	50.2654825	51.2944901	49.9775031	
15.61369	50.1512994	50.2654825	51.2944901	49.9949564	
15.62384	50.1512994	50.2654825	51.2944901	50.0211364	
15.63404	50.1512994	50.2654825	51.2944901	50.0385897	
15.65245	50.1512994	50.2654825	51.2944901	50.0647696	
15.65699	50.1512994	50.2654825	51.2944901	50.0734962	
15.66716	50.1512994	50.2654825	51.2944901	50.0822229	
15.67733	50.1512994	50.2654825	51.2944901	50.0822229	
15.68742	50.1512994	50.2654825	51.2944901	50.0909495	
15.69764	50.1512994	50.2654825	51.2944901	50.0909495	
15.70813	50.1512994	50.2654825	51.2944901	50.0822229	
15.71817	50.1512994	50.2654825	51.2944901	50.0822229	
15.72826	50.1512994	50.2654825	51.2944901	50.0822229	
15.73848	50.1512994	50.2654825	51.2944901	50.0822229	
15.74862	50.1512994	50.2654825	51.2944901	50.0822229	
15.7588	50.1512994	50.2654825	51.2944901	50.0822229	
15.7689	50.1512994	50.2654825	51.2944901	50.0822229	
15.78848	50.1512994	50.2654825	51.2944901	50.0822229	
15.79303	50.1512994	50.2654825	51.2944901	50.0822229	
15.80604	50.1512994	50.2654825	51.2944901	50.0822229	
15.81338	50.1512994	50.2654825	51.2944901	50.0822229	
15.8235	50.1512994	50.2654825	51.2944901	50.0822229	
15.83366	50.1512994	50.2654825	51.2944901	50.0822229	
15.84381	50.1512994	50.2654825	51.2944901	50.0822229	
15.85396	50.1512994	50.2654825	51.2944901	50.0822229	
15.87211	50.1512994	50.2654825	51.2944901	50.0822229	
15.87667	50.1512994	50.2654825	51.2944901	50.0822229	
15.88683	50.1512994	50.2654825	51.2944901	50.0822229	
15.89693	50.1512994	50.2654825	51.2944901	50.0822229	
15.91774	50.1512994	50.2654825	51.2944901	50.0822229	
15.9223	50.1512994	50.2654825	51.2944901	50.0822229	
15.9325	50.1512994	50.2654825	51.2944901	50.0909495	
15.95061	50.1512994	50.2654825	51.2944901	50.0909495	
15.9552	50.1512994	50.2654825	51.2944901	50.0909495	
15.96531	50.1512994	50.2654825	51.2944901	50.0996762	
15.97546	50.1512994	50.2654825	51.2944901	50.1084028	
15.98566	50.1512994	50.2654825	51.2944901	50.1171295	
15.99577	50.1512994	50.2654825	51.2944901	50.1258561	
16.00594	50.1512994	50.2654825	51.2944901	50.1433094	
16.01647	50.1512994	50.2654825	51.2944901	50.1607627	
16.02629	50.1512994	50.2654825	51.2944901	50.178216	
16.03649	50.1512994	50.2654825	51.2944901	50.2043959	
16.0466	50.1512994	50.2654825	51.2944901	50.2305759	
16.05676	50.1512994	50.2654825	51.2944901	50.2480292	
16.06692	50.1512994	50.2654825	51.2944901	50.2742091	
16.07706	50.1512994	50.2654825	51.2944901	50.300389	
16.08721	50.1512994	50.2654825	51.2944901	50.3352956	
16.09739	50.1512994	50.2654825	51.2944901	50.3614756	
16.10752	50.1512994	50.2654825	51.2944901	50.3876555	
16.1178	50.1512994	50.2654825	51.2944901	50.4051088	
16.12787	50.1512994	50.2654825	51.2944901	50.4400154	
16.13807	50.1512994	50.2654825	51.2944901	50.4574687	
16.14827	50.1512994	50.2654825	51.2944901	50.4836486	
16.15836	50.1512994	50.2654825	51.2944901	50.5098286	
16.16851	50.1512994	50.2654825	51.2944901	50.5272818	
16.17872	50.1512994	50.2654825	51.2944901	50.5447351	
16.18882	50.1512994	50.2654825	51.2944901	50.5709151	
16.19895	50.1512994	50.2654825	51.2944901	50.5883684	
16.2091	50.1512994	50.2654825	51.2944901	50.6058217	
16.21972	50.1512994	50.2654825	51.2944901	50.623275	
16.22965	50.1512994	50.2654825	51.2944901	50.6494549	
16.23978	50.1512994	50.2654825	51.2944901	50.6581815	
16.24994	50.1512994	50.2654825	51.2944901	50.6756348	
16.26051	50.1512994	50.2654825	51.2944901	50.6930881	
16.27053	50.1512994	50.2654825	51.2944901	50.7105414	
16.28066	50.1512994	50.2654825	51.2944901	50.7192681	
16.29088	50.1512994	50.2654825	51.2944901	50.7367214	
16.30097	50.1512994	50.2654825	51.2944901	50.7541746	
16.31106	50.1512994	50.2654825	51.2944901	50.7716279	
16.32222	50.1512994	50.2654825	51.2944901	50.7978079	
16.33232	50.1512994	50.2654825	51.2944901	50.8239878	
16.34244	50.1512994	50.2654825	51.2944901	50.8414411	
16.35263	50.1512994	50.2654825	51.2944901	50.867621	
16.36317	50.1512994	50.2654825	51.2944901	50.893801	
16.37289	50.1512994	50.2654825	51.2944901	50.9199809	
16.38303	50.1512994	50.2654825	51.2944901	50.9548875	
16.39317	50.1512994	50.2654825	51.2944901	50.9810675	
16.40328	50.1512994	50.2654825	51.2944901	51.015974	
16.41351	50.1512994	50.2654825	51.2944901	51.0508806	
16.42511	50.1512994	50.2654825	51.2944901	51.0857872	
16.43509	50.1512994	50.2654825	51.2944901	51.1206938	
16.44521	50.1512994	50.2654825	51.2944901	51.1556004	
16.45534	50.1512994	50.2654825	51.2944901	51.1817803	
16.46558	50.1512994	50.2654825	51.2944901	51.2166869	
16.47566	50.1512994	50.2654825	51.2944901	51.2428668	
16.48585	50.1512994	50.2654825	51.2944901	51.2777734	
16.496	50.1512994	50.2654825	51.2944901	51.31268	
16.50614	50.1512994	50.2654825	51.2944901	51.3475866	
16.51635	50.1512994	50.2654825	51.2944901	51.3737665	
16.52722	50.1512994	50.2654825	51.2944901	51.4086731	
16.53704	50.1512994	50.2654825	51.2944901	51.4348531	
16.5472	50.1512994	50.2654825	51.2944901	51.461033	
16.55737	50.1512994	50.2654825	51.2944901	51.4872129	
16.56748	50.1512994	50.2654825	51.2944901	51.5221195	
16.57772	50.1512994	50.2654825	51.2944901	51.5570261	
16.58784	50.1512994	50.2654825	51.2944901	51.583206	
16.59801	50.1512994	50.2654825	51.2944901	51.609386	
16.60815	50.1512994	50.2654825	51.2944901	51.6355659	
16.61827	50.1512994	50.2654825	51.2944901	51.6617459	
16.6286	50.1512994	50.2654825	51.2944901	51.6966524	
16.6386	50.1512994	50.2654825	51.2944901	51.731559	
16.64876	50.1512994	50.2654825	51.2944901	51.757739	
16.65896	50.1512994	50.2654825	51.2944901	51.7839189	
16.66909	50.1512994	50.2654825	51.2944901	51.8100988	
16.67925	50.1512994	50.2654825	51.2944901	51.8362788	
16.68938	50.1512994	50.2654825	51.2944901	51.8624587	
16.69957	50.1512994	50.2654825	51.2944901	51.879912	
16.70978	50.1512994	50.2654825	51.2944901	51.906092	
16.71991	50.1512994	50.2654825	51.2944901	51.9148186	
16.73	50.1512994	50.2654825	51.2944901	51.9322719	
16.7403	50.1512994	50.2654825	51.2944901	51.9409985	
16.75036	50.1512994	50.2654825	51.2944901	51.9409985	
16.76046	50.1512994	50.2654825	51.2944901	51.9409985	
16.77061	50.1512994	50.2654825	51.2944901	51.9409985	
16.78083	50.1512994	50.2654825	51.2944901	51.9409985	
16.79096	50.1512994	50.2654825	51.2944901	51.9409985	
16.80108	50.1512994	50.2654825	51.2944901	51.9409985	
16.81129	50.1512994	50.2654825	51.2944901	51.9409985	
16.82139	50.1512994	50.2654825	51.2944901	51.9409985	
16.83152	50.1512994	50.2654825	51.2944901	51.9409985	
16.84167	50.1512994	50.2654825	51.2944901	51.9409985	
16.85181	50.1512994	50.2654825	51.2944901	51.9409985	
16.86196	50.1512994	50.2654825	51.2944901	51.9409985	
16.87225	50.1512994	50.2654825	51.2944901	51.9409985	
16.88228	50.1512994	50.2654825	51.2944901	51.9409985	
16.89248	50.1512994	50.2654825	51.2944901	51.9409985	
16.90264	50.1512994	50.2654825	51.2944901	51.9409985	
16.91276	50.1512994	50.2654825	51.2944901	51.9409985	
16.9229	50.1512994	50.2654825	51.2944901	51.9409985	
16.93302	50.1512994	50.2654825	51.2944901	51.9409985	
16.94315	50.1512994	50.2654825	51.2944901	51.9409985	
16.95329	50.1512994	50.2654825	51.2944901	51.9409985	
16.96342	50.1512994	50.2654825	51.2944901	51.9409985	
16.97361	50.1512994	50.2654825	51.2944901	51.9409985	
16.98372	50.1512994	50.2654825	51.2944901	51.9409985	
16.99389	50.1512994	50.2654825	51.2944901	51.9409985	
17.00415	50.1512994	50.2654825	51.2944901	51.9409985	
17.01423	50.1512994	50.2654825	51.2944901	51.9409985	
17.02437	50.1512994	50.2654825	51.2944901	51.9409985	
17.03454	50.1512994	50.2654825	51.2944901	51.9409985	
17.04472	50.1512994	50.2654825	51.2944901	51.9409985	
17.05486	50.1512994	50.2654825	51.2944901	51.9409985	
17.06503	50.1512994	50.2654825	51.2944901	51.9409985	
17.07518	50.1512994	50.2654825	51.2944901	51.9409985	
17.08535	50.1512994	50.2654825	51.2944901	51.9409985	
17.09625	50.1512994	50.2654825	51.2944901	51.9409985	
17.10567	50.1512994	50.2654825	51.2944901	51.9409985	
17.11583	50.1512994	50.2654825	51.2944901	51.9409985	
17.12593	50.1512994	50.2654825	51.2944901	51.9409985	
17.13612	50.1512994	50.2654825	51.2944901	51.9409985	
17.14627	50.1512994	50.2654825	51.2944901	51.9409985	
17.15647	50.1512994	50.2654825	51.2944901	51.9409985	
17.16655	50.1512994	50.2654825	51.2944901	51.9409985	
17.17672	50.1512994	50.2654825	51.2944901	51.9409985	
17.1869	50.1512994	50.2654825	51.2944901	51.9409985	
17.19701	50.1512994	50.2654825	51.2944901	51.9409985	
17.20718	50.1512994	50.2654825	51.2944901	51.9409985	
17.21734	50.1512994	50.2654825	51.2944901	51.9409985	
17.22747	50.1512994	50.2654825	51.2944901	51.9409985	
17.23772	50.1512994	50.2654825	51.2944901	51.9409985	
17.24779	50.1512994	50.2654825	51.2944901	51.9409985	
17.2592	50.1512994	50.2654825	51.2944901	51.9409985	
17.26815	50.1512994	50.2654825	51.2944901	51.9409985	
17.27826	50.1512994	50.2654825	51.2944901	51.9409985	
17.28841	50.1512994	50.2654825	51.2944901	51.9409985	
17.29858	50.1512994	50.2654825	51.2944901	51.9409985	
17.30877	50.1512994	50.2654825	51.2944901	51.9409985	
17.31889	50.1512994	50.2654825	51.2944901	51.9409985	
17.32904	50.1512994	50.2654825	51.2944901	51.9409985	
17.33921	50.1512994	50.2654825	51.2944901	51.9409985	
17.34936	50.1512994	50.2654825	51.2944901	51.9409985	
17.35951	50.1512994	50.2654825	51.2944901	51.9409985	
17.36962	50.1512994	50.2654825	51.2944901	51.9409985	
17.37983	50.1512994	50.2654825	51.2944901	51.9409985	
17.38996	50.1512994	50.2654825	51.2944901	51.9409985	
17.40014	50.1512994	50.2654825	51.2944901	51.9409985	
17.4103	50.1512994	50.2654825	51.2944901	51.9409985	
17.42049	50.1512994	50.2654825	51.2944901	51.9409985	
17.43061	50.1512994	50.2654825	51.2944901	51.9409985	
17.44074	50.1512994	50.2654825	51.2944901	51.9409985	
17.45095	50.1512994	50.2654825	51.2944901	51.9409985	
17.46104	50.1512994	50.2654825	51.2944901	51.9409985	
17.47116	50.1512994	50.2654825	51.2944901	51.9409985	
17.48132	50.1512994	50.2654825	51.2944901	51.9409985	
17.49152	50.1512994	50.2654825	51.2944901	51.9409985	
17.50169	50.1512994	50.2654825	51.2944901	51.9409985	
17.51182	50.1512994	50.2654825	51.2944901	51.9409985	
17.52195	50.1512994	50.2654825	51.2944901	51.9409985	
17.53215	50.1512994	50.2654825	51.2944901	51.9409985	
17.54225	50.1512994	50.2654825	51.2944901	51.9409985	
17.55241	50.1512994	50.2654825	51.2944901	51.9409985	
17.57053	50.1512994	50.2654825	51.2944901	51.9409985	
17.57511	50.1512994	50.2654825	51.2944901	51.9409985	
17.58527	50.1512994	50.2654825	51.2944901	51.9409985	
17.59543	50.1512994	50.2654825	51.2944901	51.9409985	
17.60563	50.1512994	50.2654825	51.2944901	51.9409985	
17.61573	50.1512994	50.2654825	51.2944901	51.9409985	
17.62593	50.1512994	50.2654825	51.2944901	51.9409985	
17.63606	50.1512994	50.2654825	51.2944901	51.9409985	
17.64622	50.1512994	50.2654825	51.2944901	51.9409985	
17.65636	50.1512994	50.2654825	51.2944901	51.9409985	
17.66652	50.1512994	50.2654825	51.2944901	51.9409985	
17.67671	50.1512994	50.2654825	51.2944901	51.9409985	
17.687	50.1512994	50.2654825	51.2944901	51.9409985	
17.69702	50.1512994	50.2654825	51.2944901	51.9409985	
17.70721	50.1512994	50.2654825	51.2944901	51.9409985	
17.71736	50.1512994	50.2654825	51.2944901	51.9409985	
17.72747	50.1512994	50.2654825	51.2944901	51.9409985	
17.73763	50.1512994	50.2654825	51.2944901	51.9409985	
17.74781	50.1512994	50.2654825	51.2944901	51.9409985	
17.75798	50.1512994	50.2654825	51.2944901	51.9409985	
17.76808	50.1512994	50.2654825	51.2944901	51.9409985	
17.7884	50.1512994	50.2654825	51.2944901	51.9409985	
17.79299	50.1512994	50.2654825	51.2944901	51.9409985	
17.80313	50.1512994	50.2654825	51.2944901	51.9409985	
17.81327	50.1512994	50.2654825	51.2944901	51.9409985	
17.82346	50.1512994	50.2654825	51.2944901	51.9409985	
17.83357	50.1512994	50.2654825	51.2944901	51.9409985	
17.84373	50.1512994	50.2654825	51.2944901	51.9409985	
17.85392	50.1512994	50.2654825	51.2944901	51.9409985	
17.8641	50.1512994	50.2654825	51.2944901	51.9409985	
17.87436	50.1512994	50.2654825	51.2944901	51.9409985	
17.88454	50.1512994	50.2654825	51.2944901	51.9409985	
17.89467	50.1512994	50.2654825	51.2944901	51.9409985	
17.90481	50.1512994	50.2654825	51.2944901	51.9409985	
17.91501	50.1512994	50.2654825	51.2944901	51.9409985	
17.92513	50.1512994	50.2654825	51.2944901	51.9409985	
17.93532	50.1512994	50.2654825	51.2944901	51.9409985	
17.94547	50.1512994	50.2654825	51.2944901	51.9409985	
17.95566	50.1512994	50.2654825	51.2944901	51.9409985	
17.96586	50.1512994	50.2654825	51.2944901	51.9409985	
17.97596	50.1512994	50.2654825	51.2944901	51.9409985	
17.98612	50.1512994	50.2654825	51.2944901	51.9409985	
17.99636	50.1512994	50.2654825	51.2944901	51.9409985	
18.00642	50.1512994	50.2654825	51.2944901	51.9409985	
18.01659	50.1512994	50.2654825	51.2944901	51.9409985	
18.02674	50.1512994	50.2654825	51.2944901	51.9409985	
18.03695	50.1512994	50.2654825	51.2944901	51.9409985	
18.04707	50.1512994	50.2654825	51.2944901	51.9409985	
18.05722	50.1512994	50.2654825	51.2944901	51.9409985	
18.0674	50.1512994	50.2654825	51.2944901	51.9409985	
18.07758	50.1512994	50.2654825	51.2944901	51.9409985	
18.08772	50.1512994	50.2654825	51.2944901	51.9409985	
18.09858	50.1512994	50.2654825	51.2944901	51.9409985	
18.1087	50.1512994	50.2654825	51.2944901	51.9409985	
18.11881	50.1512994	50.2654825	51.2944901	51.9409985	
18.12895	50.1512994	50.2654825	51.2944901	51.9409985	
18.13918	50.1512994	50.2654825	51.2944901	51.9409985	
18.14932	50.1512994	50.2654825	51.2944901	51.9409985	
18.15947	50.1512994	50.2654825	51.2944901	51.9409985	
18.1696	50.1512994	50.2654825	51.2944901	51.9409985	
18.17977	50.1512994	50.2654825	51.2944901	51.9409985	
18.18994	50.1512994	50.2654825	51.2944901	51.9409985	
18.20005	50.1512994	50.2654825	51.2944901	51.9409985	
18.21027	50.1512994	50.2654825	51.2944901	51.9409985	
18.22047	50.1512994	50.2654825	51.2944901	51.9409985	
18.23047	50.1512994	50.2654825	51.2944901	51.9409985	
18.24066	50.1512994	50.2654825	51.2944901	51.9409985	
18.25084	50.1512994	50.2654825	51.2944901	51.9409985	
18.27022	50.1512994	50.2654825	51.2944901	51.9409985	
18.27477	50.1512994	50.2654825	51.2944901	51.9409985	
18.28492	50.1512994	50.2654825	51.2944901	51.9409985	
18.2951	50.1512994	50.2654825	51.2944901	51.9409985	
18.30541	50.1512994	50.2654825	51.2944901	51.9409985	
18.31561	50.1512994	50.2654825	51.2944901	51.9409985	
18.32586	50.1512994	50.2654825	51.2944901	51.9409985	
18.33593	50.1512994	50.2654825	51.2944901	51.9409985	
18.34612	50.1512994	50.2654825	51.2944901	51.9409985	
18.3563	50.1512994	50.2654825	51.2944901	51.9409985	
18.36637	50.1512994	50.2654825	51.2944901	51.9409985	
18.37656	50.1512994	50.2654825	51.2944901	51.9409985	
18.38673	50.1512994	50.2654825	51.2944901	51.9409985	
18.3969	50.1512994	50.2654825	51.2944901	51.9409985	
18.40709	50.1512994	50.2654825	51.2944901	51.9409985	
18.41719	50.1512994	50.2654825	51.2944901	51.9409985	
18.42737	50.1512994	50.2654825	51.2944901	51.9409985	
18.43763	50.1512994	50.2654825	51.2944901	51.9409985	
18.44768	50.1512994	50.2654825	51.2944901	51.9409985	
18.45785	50.1512994	50.2654825	51.2944901	51.9409985	
18.46802	50.1512994	50.2654825	51.2944901	51.9409985	
18.47814	50.1512994	50.2654825	51.2944901	51.9409985	
18.48829	50.1512994	50.2654825	51.2944901	51.9409985	
18.49846	50.1512994	50.2654825	51.2944901	51.9409985	
18.50866	50.1512994	50.2654825	51.2944901	51.9409985	
18.51877	50.1512994	50.2654825	51.2944901	51.9409985	
18.52892	50.1512994	50.2654825	51.2944901	51.9409985	
18.53912	50.1512994	50.2654825	51.2944901	51.9409985	
18.54925	50.1512994	50.2654825	51.2944901	51.9409985	
18.55941	50.1512994	50.2654825	51.2944901	51.9409985	
18.56951	50.1512994	50.2654825	51.2944901	51.9409985	
18.57971	50.1512994	50.2654825	51.2944901	51.9409985	
18.58991	50.1512994	50.2654825	51.2944901	51.9409985	
18.6	50.1512994	50.2654825	51.2944901	51.9409985	
18.61016	50.1512994	50.2654825	51.2944901	51.9409985	
18.62049	50.1512994	50.2654825	51.2944901	51.9409985	
18.63046	50.1512994	50.2654825	51.2944901	51.9409985	
18.6406	50.1512994	50.2654825	51.2944901	51.9409985	
18.65076	50.1512994	50.2654825	51.2944901	51.9409985	
18.66094	50.1512994	50.2654825	51.2944901	51.9409985	
18.67114	50.1512994	50.2654825	51.2944901	51.9409985	
18.68128	50.1512994	50.2654825	51.2944901	51.9409985	
18.69139	50.1512994	50.2654825	51.2944901	51.9409985	
18.70153	50.1512994	50.2654825	51.2944901	51.9409985	
18.71166	50.1512994	50.2654825	51.2944901	51.9409985	
18.72178	50.1512994	50.2654825	51.2944901	51.9409985	
18.73194	50.1512994	50.2654825	51.2944901	51.9409985	
18.74215	50.1512994	50.2654825	51.2944901	51.9409985	
18.75227	50.1512994	50.2654825	51.2944901	51.9409985	
18.76238	50.1512994	50.2654825	51.2944901	51.9409985	
18.7806	50.1512994	50.2654825	51.2944901	51.9409985	
18.78529	50.1512994	50.2654825	51.2944901	51.9409985	
18.79537	50.1512994	50.2654825	51.2944901	51.9409985	
18.80547	50.1512994	50.2654825	51.2944901	51.9409985	
18.81563	50.1512994	50.2654825	51.2944901	51.9409985	
18.8258	50.1512994	50.2654825	51.2944901	51.9409985	
18.83596	50.1512994	50.2654825	51.2944901	51.9409985	
18.84614	50.1512994	50.2654825	51.2944901	51.9409985	
18.8563	50.1512994	50.2654825	51.2944901	51.9409985	
18.86664	50.1512994	50.2654825	51.2944901	51.9409985	
18.87663	50.1512994	50.2654825	51.2944901	51.9409985	
18.88671	50.1512994	50.2654825	51.2944901	51.9409985	
18.89684	50.1512994	50.2654825	51.2944901	51.9409985	
18.90702	50.1512994	50.2654825	51.2944901	51.9409985	
18.9172	50.1512994	50.2654825	51.2944901	51.9409985	
18.92733	50.1512994	50.2654825	51.2944901	51.9409985	
18.9375	50.1512994	50.2654825	51.2944901	51.9409985	
18.94773	50.1512994	50.2654825	51.2944901	51.9409985	
18.95792	50.1512994	50.2654825	51.2944901	51.9409985	
18.96801	50.1512994	50.2654825	51.2944901	51.9409985	
18.97816	50.1512994	50.2654825	51.2944901	51.9409985	
18.98838	50.1512994	50.2654825	51.2944901	51.9409985	
18.99847	50.1512994	50.2654825	51.2944901	51.9409985	
19.00862	50.1512994	50.2654825	51.2944901	51.9409985	
19.0188	50.1512994	50.2654825	51.2944901	51.9409985	
19.02897	50.1512994	50.2654825	51.2944901	51.9409985	
19.0391	50.1512994	50.2654825	51.2944901	51.9409985	
19.04924	50.1512994	50.2654825	51.2944901	51.9409985	
19.05938	50.1512994	50.2654825	51.2944901	51.9409985	
19.06958	50.1512994	50.2654825	51.2944901	51.9409985	
19.07974	50.1512994	50.2654825	51.2944901	51.9409985	
19.08989	50.1512994	50.2654825	51.2944901	51.9409985	
19.10026	50.1512994	50.2654825	51.2944901	51.9409985	
19.11035	50.1512994	50.2654825	51.2944901	51.9409985	
19.1205	50.1512994	50.2654825	51.2944901	51.9409985	
19.13065	50.1512994	50.2654825	51.2944901	51.9409985	
19.14089	50.1512994	50.2654825	51.2944901	51.9409985	
19.151	50.1512994	50.2654825	51.2944901	51.9409985	
19.16112	50.1512994	50.2654825	51.2944901	51.9409985	
19.17138	50.1512994	50.2654825	51.2944901	51.9409985	
19.18148	50.1512994	50.2654825	51.2944901	51.9409985	
19.19153	50.1512994	50.2654825	51.2944901	51.9409985	
19.20171	50.1512994	50.2654825	51.2944901	51.9409985	
19.21186	50.1512994	50.2654825	51.2944901	51.9409985	
19.22205	50.1512994	50.2654825	51.2944901	51.9409985	
19.23218	50.1512994	50.2654825	51.2944901	51.9409985	
19.24231	50.1512994	50.2654825	51.2944901	51.9409985	
19.25306	50.1512994	50.2654825	51.2944901	51.9409985	
19.26409	50.1512994	50.2654825	51.2944901	51.9409985	
19.27283	50.1512994	50.2654825	51.2944901	51.9409985	
19.28296	50.1512994	50.2654825	51.2944901	51.9409985	
19.29315	50.1512994	50.2654825	51.2944901	51.9409985	
19.30326	50.1512994	50.2654825	51.2944901	51.9409985	
19.31341	50.1512994	50.2654825	51.2944901	51.9409985	
19.32355	50.1512994	50.2654825	51.2944901	51.9409985	
19.33371	50.1512994	50.2654825	51.2944901	51.9409985	
19.34387	50.1512994	50.2654825	51.2944901	51.9409985	
19.35408	50.1512994	50.2654825	51.2944901	51.9409985	
19.36418	50.1512994	50.2654825	51.2944901	51.9409985	
19.37434	50.1512994	50.2654825	51.2944901	51.9409985	
19.38449	50.1512994	50.2654825	51.2944901	51.9409985	
19.39467	50.1512994	50.2654825	51.2944901	51.9409985	
19.40486	50.1512994	50.2654825	51.2944901	51.9409985	
19.415	50.1512994	50.2654825	51.2944901	51.9409985	
19.42515	50.1512994	50.2654825	51.2944901	51.9409985	
19.43533	50.1512994	50.2654825	51.2944901	51.9409985	
19.44548	50.1512994	50.2654825	51.2944901	51.9409985	
19.45564	50.1512994	50.2654825	51.2944901	51.9409985	
19.4658	50.1512994	50.2654825	51.2944901	51.9409985	
19.47593	50.1512994	50.2654825	51.2944901	51.9409985	
19.48616	50.1512994	50.2654825	51.2944901	51.9409985	
19.49629	50.1512994	50.2654825	51.2944901	51.9409985	
19.50643	50.1512994	50.2654825	51.2944901	51.9409985	
19.51668	50.1512994	50.2654825	51.2944901	51.9409985	
19.52674	50.1512994	50.2654825	51.2944901	51.9409985	
19.53692	50.1512994	50.2654825	51.2944901	51.9409985	
19.54726	50.1512994	50.2654825	51.2944901	51.9409985	
19.55741	50.1512994	50.2654825	51.2944901	51.9409985	
19.56736	50.1512994	50.2654825	51.2944901	51.9409985	
19.57754	50.1512994	50.2654825	51.2944901	51.9409985	
19.58771	50.1512994	50.2654825	51.2944901	51.9409985	
19.59792	50.1512994	50.2654825	51.2944901	51.9409985	
19.60802	50.1512994	50.2654825	51.2944901	51.9409985	
19.61816	50.1512994	50.2654825	51.2944901	51.9409985	
19.62833	50.1512994	50.2654825	51.2944901	51.9409985	
19.63849	50.1512994	50.2654825	51.2944901	51.9409985	
19.64863	50.1512994	50.2654825	51.2944901	51.9409985	
19.65878	50.1512994	50.2654825	51.2944901	51.9409985	
19.66897	50.1512994	50.2654825	51.2944901	51.9409985	
19.67913	50.1512994	50.2654825	51.2944901	51.9409985	
19.68926	50.1512994	50.2654825	51.2944901	51.9409985	
19.69947	50.1512994	50.2654825	51.2944901	51.9409985	
19.7096	50.1512994	50.2654825	51.2944901	51.9409985	
19.7199	50.1512994	50.2654825	51.2944901	51.9409985	
19.72983	50.1512994	50.2654825	51.2944901	51.9409985	
19.74011	50.1512994	50.2654825	51.2944901	51.9409985	
19.75024	50.1512994	50.2654825	51.2944901	51.9409985	
19.76039	50.1512994	50.2654825	51.2944901	51.9409985	
19.77067	50.1512994	50.2654825	51.2944901	51.9409985	
19.78095	50.1512994	50.2654825	51.2944901	51.9409985	
19.79105	50.1512994	50.2654825	51.2944901	51.9409985	
19.80125	50.1512994	50.2654825	51.2944901	51.9409985	
19.81138	50.1512994	50.2654825	51.2944901	51.9409985	
19.8215	50.1512994	50.2654825	51.2944901	51.9409985	
19.83164	50.1512994	50.2654825	51.2944901	51.9409985	
19.84178	50.1512994	50.2654825	51.2944901	51.9409985	
19.85195	50.1512994	50.2654825	51.2944901	51.9409985	
19.86215	50.1512994	50.2654825	51.2944901	51.9409985	
19.8724	50.1512994	50.2654825	51.2944901	51.9409985	
19.88245	50.1512994	50.2654825	51.2944901	51.9409985	
19.90059	50.1512994	50.2654825	51.2944901	51.9409985	
19.90513	50.1512994	50.2654825	51.2944901	51.9409985	
19.91535	50.1512994	50.2654825	51.2944901	51.9409985	
19.92543	50.1512994	50.2654825	51.2944901	51.9409985	
19.93561	50.1512994	50.2654825	51.2944901	51.9409985	
19.94576	50.1512994	50.2654825	51.2944901	51.9409985	
19.95594	50.1512994	50.2654825	51.2944901	51.9409985	
19.96613	50.1512994	50.2654825	51.2944901	51.9409985	
19.97626	50.1512994	50.2654825	51.2944901	51.9409985	
19.98642	50.1512994	50.2654825	51.2944901	51.9409985	
19.99665	50.1512994	50.2654825	51.2944901	51.9409985	
20.00674	50.1512994	50.2654825	51.2944901	51.9409985	
20.01691	50.1512994	50.2654825	51.2944901	51.9409985	
20.02706	50.1512994	50.2654825	51.2944901	51.9409985	
20.03723	50.1512994	50.2654825	51.2944901	51.9409985	
20.04736	50.1512994	50.2654825	51.2944901	51.9409985	
20.05748	50.1512994	50.2654825	51.2944901	51.9409985	
20.06768	50.1512994	50.2654825	51.2944901	51.9409985	
20.07783	50.1512994	50.2654825	51.2944901	51.9409985	
20.08796	50.1512994	50.2654825	51.2944901	51.9409985	
20.09883	50.1512994	50.2654825	51.2944901	51.9409985	
20.10824	50.1512994	50.2654825	51.2944901	51.9409985	
20.11836	50.1512994	50.2654825	51.2944901	51.9409985	
20.1285	50.1512994	50.2654825	51.2944901	51.9409985	
20.13868	50.1512994	50.2654825	51.2944901	51.9409985	
20.1489	50.1512994	50.2654825	51.2944901	51.9409985	
20.15899	50.1512994	50.2654825	51.2944901	51.9409985	
20.1691	50.1512994	50.2654825	51.2944901	51.9409985	
20.17935	50.1512994	50.2654825	51.2944901	51.9409985	
20.18945	50.1512994	50.2654825	51.2944901	51.9409985	
20.19957	50.1512994	50.2654825	51.2944901	51.9409985	
20.20975	50.1512994	50.2654825	51.2944901	51.9409985	
20.21995	50.1512994	50.2654825	51.2944901	51.9409985	
20.23015	50.1512994	50.2654825	51.2944901	51.9409985	
20.24023	50.1512994	50.2654825	51.2944901	51.9409985	
20.25036	50.1512994	50.2654825	51.2944901	51.9409985	
20.26068	50.1512994	50.2654825	51.2944901	51.9409985	
20.27078	50.1512994	50.2654825	51.2944901	51.9409985	
20.28091	50.1512994	50.2654825	51.2944901	51.9409985	
20.29135	50.1512994	50.2654825	51.2944901	51.9409985	
20.30139	50.1512994	50.2654825	51.2944901	51.9409985	
20.31154	50.1512994	50.2654825	51.2944901	51.9409985	
20.32166	50.1512994	50.2654825	51.2944901	51.9409985	
20.33192	50.1512994	50.2654825	51.2944901	51.9409985	
20.34213	50.1512994	50.2654825	51.2944901	51.9409985	
20.3522	50.1512994	50.2654825	51.2944901	51.9409985	
20.36233	50.1512994	50.2654825	51.2944901	51.9409985	
20.37252	50.1512994	50.2654825	51.2944901	51.9409985	
20.38269	50.1512994	50.2654825	51.2944901	51.9409985	
20.39279	50.1512994	50.2654825	51.2944901	51.9409985	
20.40294	50.1512994	50.2654825	51.2944901	51.9409985	
20.41309	50.1512994	50.2654825	51.2944901	51.9409985	
20.42323	50.1512994	50.2654825	51.2944901	51.9409985	
20.43339	50.1512994	50.2654825	51.2944901	51.9409985	
20.44356	50.1512994	50.2654825	51.2944901	51.9409985	
20.45368	50.1512994	50.2654825	51.2944901	51.9409985	
20.46382	50.1512994	50.2654825	51.2944901	51.9409985	
20.47393	50.1512994	50.2654825	51.2944901	51.9409985	
20.49199	50.1512994	50.2654825	51.2944901	51.9409985	
20.49652	50.1512994	50.2654825	51.2944901	51.9409985	
20.50668	50.1512994	50.2654825	51.2944901	51.9409985	
20.51689	50.1512994	50.2654825	51.2944901	51.9409985	
20.52697	50.1512994	50.2654825	51.2944901	51.9409985	
20.53732	50.1512994	50.2654825	51.2944901	51.9409985	
20.54734	50.1512994	50.2654825	51.2944901	51.9409985	
20.55743	50.1512994	50.2654825	51.2944901	51.9409985	
20.56758	50.1512994	50.2654825	51.2944901	51.9409985	
20.57775	50.1512994	50.2654825	51.2944901	51.9409985	
20.58796	50.1512994	50.2654825	51.2944901	51.9409985	
20.59819	50.1512994	50.2654825	51.2944901	51.9409985	
20.60828	50.1512994	50.2654825	51.2944901	51.9409985	
20.61841	50.1512994	50.2654825	51.2944901	51.9409985	
20.62866	50.1512994	50.2654825	51.2944901	51.9409985	
20.63873	50.1512994	50.2654825	51.2944901	51.9409985	
20.6489	50.1512994	50.2654825	51.2944901	51.9409985	
20.65908	50.1512994	50.2654825	51.2944901	51.9409985	
20.66919	50.1512994	50.2654825	51.2944901	51.9409985	
20.67934	50.1512994	50.2654825	51.2944901	51.9409985	
20.68951	50.1512994	50.2654825	51.2944901	51.9409985	
20.69965	50.1512994	50.2654825	51.2944901	51.9409985	
20.70981	50.1512994	50.2654825	51.2944901	51.9409985	
20.71995	50.1512994	50.2654825	51.2944901	51.9409985	
20.73013	50.1512994	50.2654825	51.2944901	51.9409985	
20.74027	50.1512994	50.2654825	51.2944901	51.9409985	
20.75044	50.1512994	50.2654825	51.2944901	51.9409985	
20.76057	50.1512994	50.2654825	51.2944901	51.9409985	
20.77065	50.1512994	50.2654825	51.2944901	51.9409985	
20.7809	50.1512994	50.2654825	51.2944901	51.9409985	
20.79102	50.1512994	50.2654825	51.2944901	51.9409985	
20.80113	50.1512994	50.2654825	51.2944901	51.9409985	
20.81136	50.1512994	50.2654825	51.2944901	51.9409985	
20.82148	50.1512994	50.2654825	51.2944901	51.9409985	
20.83159	50.1512994	50.2654825	51.2944901	51.9409985	
20.84172	50.1512994	50.2654825	51.2944901	51.9409985	
20.85215	50.1512994	50.2654825	51.2944901	51.9409985	
20.86207	50.1512994	50.2654825	51.2944901	51.9409985	
20.87219	50.1512994	50.2654825	51.2944901	51.9409985	
20.88233	50.1512994	50.2654825	51.2944901	51.9409985	
20.89247	50.1512994	50.2654825	51.2944901	51.9409985	
20.90269	50.1512994	50.2654825	51.2944901	51.9409985	
20.91278	50.1512994	50.2654825	51.2944901	51.9409985	
20.92292	50.1512994	50.2654825	51.2944901	51.9409985	
20.93307	50.1512994	50.2654825	51.2944901	51.9409985	
20.94346	50.1512994	50.2654825	51.2944901	51.9409985	
20.95336	50.1512994	50.2654825	51.2944901	51.9409985	
20.96349	50.1512994	50.2654825	51.2944901	51.9409985	
20.97362	50.1512994	50.2654825	51.2944901	51.9409985	
20.98379	50.1512994	50.2654825	51.2944901	51.9409985	
20.99392	50.1512994	50.2654825	51.2944901	51.9409985	
21.01193	50.1512994	50.2654825	51.2944901	51.9409985	
21.01645	50.1512994	50.2654825	51.2944901	51.9409985	
21.02661	50.1512994	50.2654825	51.2944901	51.9409985	
21.03684	50.1512994	50.2654825	51.2944901	51.9409985	
21.04693	50.1512994	50.2654825	51.2944901	51.9409985	
21.05706	50.1512994	50.2654825	51.2944901	51.9409985	
21.06729	50.1512994	50.2654825	51.2944901	51.9409985	
21.07741	50.1512994	50.2654825	51.2944901	51.9409985	
21.08754	50.1512994	50.2654825	51.2944901	51.9409985	
21.09847	50.1512994	50.2654825	51.2944901	51.9409985	
21.10784	50.1512994	50.2654825	51.2944901	51.9409985	
21.11795	50.1512994	50.2654825	51.2944901	51.9409985	
21.12809	50.1512994	50.2654825	51.2944901	51.9409985	
21.1383	50.1512994	50.2654825	51.2944901	51.9409985	
21.14846	50.1512994	50.2654825	51.2944901	51.9409985	
21.15858	50.1512994	50.2654825	51.2944901	51.9409985	
21.16873	50.1512994	50.2654825	51.2944901	51.9409985	
21.1789	50.1512994	50.2654825	51.2944901	51.9409985	
21.18905	50.1512994	50.2654825	51.2944901	51.9409985	
21.19918	50.1512994	50.2654825	51.2944901	51.9409985	
21.20936	50.1512994	50.2654825	51.2944901	51.9409985	
21.21954	50.1512994	50.2654825	51.2944901	51.9409985	
21.22962	50.1512994	50.2654825	51.2944901	51.9409985	
21.23981	50.1512994	50.2654825	51.2944901	51.9409985	
21.24996	50.1512994	50.2654825	51.2944901	51.9409985	
21.26012	50.1512994	50.2654825	51.2944901	51.9409985	
21.27066	50.1512994	50.2654825	51.2944901	51.9409985	
21.28077	50.1512994	50.2654825	51.2944901	51.9409985	
21.29111	50.1512994	50.2654825	51.2944901	51.9409985	
21.30109	50.1512994	50.2654825	51.2944901	51.9409985	
21.31127	50.1512994	50.2654825	51.2944901	51.9409985	
21.32137	50.1512994	50.2654825	51.2944901	51.9409985	
21.33155	50.1512994	50.2654825	51.2944901	51.9409985	
21.34166	50.1512994	50.2654825	51.2944901	51.9409985	
21.35179	50.1512994	50.2654825	51.2944901	51.9409985	
21.36194	50.1512994	50.2654825	51.2944901	51.9409985	
21.3721	50.1512994	50.2654825	51.2944901	51.9409985	
21.38234	50.1512994	50.2654825	51.2944901	51.9409985	
21.39244	50.1512994	50.2654825	51.2944901	51.9409985	
21.40264	50.1512994	50.2654825	51.2944901	51.9409985	
21.41283	50.1512994	50.2654825	51.2944901	51.9409985	
21.42321	50.1512994	50.2654825	51.2944901	51.9409985	
21.43302	50.1512994	50.2654825	51.2944901	51.9409985	
21.44319	50.1512994	50.2654825	51.2944901	51.9409985	
21.45331	50.1512994	50.2654825	51.2944901	51.9409985	
21.46343	50.1512994	50.2654825	51.2944901	51.9409985	
21.47358	50.1512994	50.2654825	51.2944901	51.9409985	
21.48378	50.1512994	50.2654825	51.2944901	51.9409985	
21.49391	50.1512994	50.2654825	51.2944901	51.9409985	
21.50413	50.1512994	50.2654825	51.2944901	51.9409985	
21.51424	50.1512994	50.2654825	51.2944901	51.9409985	
21.5244	50.1512994	50.2654825	51.2944901	51.9409985	
21.53455	50.1512994	50.2654825	51.2944901	51.9409985	
21.5447	50.1512994	50.2654825	51.2944901	51.9409985	
21.55488	50.1512994	50.2654825	51.2944901	51.9409985	
21.56502	50.1512994	50.2654825	51.2944901	51.9409985	
21.57519	50.1512994	50.2654825	51.2944901	51.9409985	
21.58538	50.1512994	50.2654825	51.2944901	51.9409985	
21.59555	50.1512994	50.2654825	51.2944901	51.9409985	
21.60568	50.1512994	50.2654825	51.2944901	51.9409985	
21.61582	50.1512994	50.2654825	51.2944901	51.9409985	
21.62598	50.1512994	50.2654825	51.2944901	51.9409985	
21.63616	50.1512994	50.2654825	51.2944901	51.9409985	
21.64638	50.1512994	50.2654825	51.2944901	51.9409985	
21.65649	50.1512994	50.2654825	51.2944901	51.9409985	
21.66665	50.1512994	50.2654825	51.2944901	51.9409985	
21.67687	50.1512994	50.2654825	51.2944901	51.9409985	
21.68698	50.1512994	50.2654825	51.2944901	51.9409985	
21.69711	50.1512994	50.2654825	51.2944901	51.9409985	
21.70727	50.1512994	50.2654825	51.2944901	51.9409985	
21.71744	50.1512994	50.2654825	51.2944901	51.9409985	
21.72754	50.1512994	50.2654825	51.2944901	51.9409985	
21.73774	50.1512994	50.2654825	51.2944901	51.9409985	
21.74789	50.1512994	50.2654825	51.2944901	51.9409985	
21.75807	50.1512994	50.2654825	51.2944901	51.9409985	
21.7682	50.1512994	50.2654825	51.2944901	51.9409985	
21.77838	50.1512994	50.2654825	51.2944901	51.9409985	
21.7887	50.1512994	50.2654825	51.2944901	51.9409985	
21.79874	50.1512994	50.2654825	51.2944901	51.9409985	
21.80886	50.1512994	50.2654825	51.2944901	51.9409985	
21.81902	50.1512994	50.2654825	51.2944901	51.9409985	
21.8292	50.1512994	50.2654825	51.2944901	51.9409985	
21.83933	50.1512994	50.2654825	51.2944901	51.9409985	
21.84949	50.1512994	50.2654825	51.2944901	51.9409985	
21.85964	50.1512994	50.2654825	51.2944901	51.9409985	
21.86981	50.1512994	50.2654825	51.2944901	51.9409985	
21.87994	50.1512994	50.2654825	51.2944901	51.9409985	
21.89013	50.1512994	50.2654825	51.2944901	51.9409985	
21.90028	50.1512994	50.2654825	51.2944901	51.9409985	
21.91044	50.1512994	50.2654825	51.2944901	51.9409985	
21.92055	50.1512994	50.2654825	51.2944901	51.9409985	
21.93065	50.1512994	50.2654825	51.2944901	51.9409985	
21.94093	50.1512994	50.2654825	51.2944901	51.9409985	
21.951	50.1512994	50.2654825	51.2944901	51.9409985	
21.96112	50.1512994	50.2654825	51.2944901	51.9409985	
21.97178	50.1512994	50.2654825	51.2944901	51.9409985	
21.98148	50.1512994	50.2654825	51.2944901	51.9409985	
21.9916	50.1512994	50.2654825	51.2944901	51.9409985	
22.00174	50.1512994	50.2654825	51.2944901	51.9409985	
22.01187	50.1512994	50.2654825	51.2944901	51.9409985	
22.02203	50.1512994	50.2654825	51.2944901	51.9409985	
22.03218	50.1512994	50.2654825	51.2944901	51.9409985	
22.04236	50.1512994	50.2654825	51.2944901	51.9409985	
22.05248	50.1512994	50.2654825	51.2944901	51.9409985	
22.0705	50.1512994	50.2654825	51.2944901	51.9409985	
22.07503	50.1512994	50.2654825	51.2944901	51.9409985	
22.08524	50.1512994	50.2654825	51.2944901	51.9409985	
22.09533	50.1512994	50.2654825	51.2944901	51.9409985	
22.10564	50.1512994	50.2654825	51.2944901	51.9409985	
22.11562	50.1512994	50.2654825	51.2944901	51.9409985	
22.12573	50.1512994	50.2654825	51.2944901	51.9409985	
22.13591	50.1512994	50.2654825	51.2944901	51.9409985	
22.14606	50.1512994	50.2654825	51.2944901	51.9409985	
22.15623	50.1512994	50.2654825	51.2944901	51.9409985	
22.16644	50.1512994	50.2654825	51.2944901	51.9409985	
22.17657	50.1512994	50.2654825	51.2944901	51.9409985	
22.1867	50.1512994	50.2654825	51.2944901	51.9409985	
22.1969	50.1512994	50.2654825	51.2944901	51.9409985	
22.20722	50.1512994	50.2654825	51.2944901	51.9409985	
22.21719	50.1512994	50.2654825	51.2944901	51.9409985	
22.2273	50.1512994	50.2654825	51.2944901	51.9409985	
22.23749	50.1512994	50.2654825	51.2944901	51.9409985	
22.24761	50.1512994	50.2654825	51.2944901	51.9409985	
22.25776	50.1512994	50.2654825	51.2944901	51.9409985	
22.26924	50.1512994	50.2654825	51.2944901	51.9409985	
22.27812	50.1512994	50.2654825	51.2944901	51.9409985	
22.28823	50.1512994	50.2654825	51.2944901	51.9409985	
22.29845	50.1512994	50.2654825	51.2944901	51.9409985	
22.30857	50.1512994	50.2654825	51.2944901	51.9409985	
22.31873	50.1512994	50.2654825	51.2944901	51.9409985	
22.32888	50.1512994	50.2654825	51.2944901	51.9409985	
22.33901	50.1512994	50.2654825	51.2944901	51.9409985	
22.34924	50.1512994	50.2654825	51.2944901	51.9409985	
22.35933	50.1512994	50.2654825	51.2944901	51.9409985	
22.36943	50.1512994	50.2654825	51.2944901	51.9409985	
22.37968	50.1512994	50.2654825	51.2944901	51.9409985	
22.38978	50.1512994	50.2654825	51.2944901	51.9409985	
22.39993	50.1512994	50.2654825	51.2944901	51.9409985	
22.41012	50.1512994	50.2654825	51.2944901	51.9409985	
22.42028	50.1512994	50.2654825	51.2944901	51.9409985	
22.43049	50.1512994	50.2654825	51.2944901	51.9409985	
22.44059	50.1512994	50.2654825	51.2944901	51.9409985	
22.45073	50.1512994	50.2654825	51.2944901	51.9409985	
22.46096	50.1512994	50.2654825	51.2944901	51.9409985	
22.47098	50.1512994	50.2654825	51.2944901	51.9409985	
22.48115	50.1512994	50.2654825	51.2944901	51.9409985	
22.49134	50.1512994	50.2654825	51.2944901	51.9409985	
22.50148	50.1512994	50.2654825	51.2944901	51.9409985	
22.51161	50.1512994	50.2654825	51.2944901	51.9409985	
22.52193	50.1512994	50.2654825	51.2944901	51.9409985	
22.53195	50.1512994	50.2654825	51.2944901	51.9409985	
22.5421	50.1512994	50.2654825	51.2944901	51.9409985	
22.55225	50.1512994	50.2654825	51.2944901	51.9409985	
22.56236	50.1512994	50.2654825	51.2944901	51.9409985	
22.57266	50.1512994	50.2654825	51.2944901	51.9409985	
22.58275	50.1512994	50.2654825	51.2944901	51.9409985	
22.59285	50.1512994	50.2654825	51.2944901	51.9409985	
22.60299	50.1512994	50.2654825	51.2944901	51.9409985	
22.61317	50.1512994	50.2654825	51.2944901	51.9409985	
22.62328	50.1512994	50.2654825	51.2944901	51.9409985	
22.63345	50.1512994	50.2654825	51.2944901	51.9409985	
22.64362	50.1512994	50.2654825	51.2944901	51.9409985	
22.65375	50.1512994	50.2654825	51.2944901	51.9409985	
22.66388	50.1512994	50.2654825	51.2944901	51.9409985	
22.6741	50.1512994	50.2654825	51.2944901	51.9409985	
22.68424	50.1512994	50.2654825	51.2944901	51.9409985	
22.69445	50.1512994	50.2654825	51.2944901	51.9409985	
22.7046	50.1512994	50.2654825	51.2944901	51.9409985	
22.71475	50.1512994	50.2654825	51.2944901	51.9409985	
22.72496	50.1512994	50.2654825	51.2944901	51.9409985	
22.73511	50.1512994	50.2654825	51.2944901	51.9409985	
22.74526	50.1512994	50.2654825	51.2944901	51.9409985	
22.75545	50.1512994	50.2654825	51.2944901	51.9409985	
22.76556	50.1512994	50.2654825	51.2944901	51.9409985	
22.77608	50.1512994	50.2654825	51.2944901	51.9409985	
22.78586	50.1512994	50.2654825	51.2944901	51.9409985	
22.79606	50.1512994	50.2654825	51.2944901	51.9409985	
22.8062	50.1512994	50.2654825	51.2944901	51.9409985	
22.81634	50.1512994	50.2654825	51.2944901	51.9409985	
22.82649	50.1512994	50.2654825	51.2944901	51.9409985	
22.83696	50.1512994	50.2654825	51.2944901	51.9409985	
22.84682	50.1512994	50.2654825	51.2944901	51.9409985	
22.85695	50.1512994	50.2654825	51.2944901	51.9409985	
22.86713	50.1512994	50.2654825	51.2944901	51.9409985	
22.87745	50.1512994	50.2654825	51.2944901	51.9409985	
22.88743	50.1512994	50.2654825	51.2944901	51.9409985	
22.89758	50.1512994	50.2654825	51.2944901	51.9409985	
22.90774	50.1512994	50.2654825	51.2944901	51.9409985	
22.9179	50.1512994	50.2654825	51.2944901	51.9409985	
22.92804	50.1512994	50.2654825	51.2944901	51.9409985	
22.93839	50.1512994	50.2654825	51.2944901	51.9409985	
22.94838	50.1512994	50.2654825	51.2944901	51.9409985	
22.95856	50.1512994	50.2654825	51.2944901	51.9409985	
22.96863	50.1512994	50.2654825	51.2944901	51.9409985	
22.97877	50.1512994	50.2654825	51.2944901	51.9409985	
22.98902	50.1512994	50.2654825	51.2944901	51.9409985	
22.9991	50.1512994	50.2654825	51.2944901	51.9409985	
23.00924	50.1512994	50.2654825	51.2944901	51.9409985	
23.01941	50.1512994	50.2654825	51.2944901	51.9409985	
23.02956	50.1512994	50.2654825	51.2944901	51.9409985	
23.03971	50.1512994	50.2654825	51.2944901	51.9409985	
23.04989	50.1512994	50.2654825	51.2944901	51.9409985	
23.06012	50.1512994	50.2654825	51.2944901	51.9409985	
23.07024	50.1512994	50.2654825	51.2944901	51.9409985	
23.08037	50.1512994	50.2654825	51.2944901	51.9409985	
23.09052	50.1512994	50.2654825	51.2944901	51.9409985	
23.10136	50.1512994	50.2654825	51.2944901	51.9409985	
23.1108	50.1512994	50.2654825	51.2944901	51.9409985	
23.12093	50.1512994	50.2654825	51.2944901	51.9409985	
23.13106	50.1512994	50.2654825	51.2944901	51.9409985	
23.14131	50.1512994	50.2654825	51.2944901	51.9409985	
23.15149	50.1512994	50.2654825	51.2944901	51.9409985	
23.16155	50.1512994	50.2654825	51.2944901	51.9409985	
23.17175	50.1512994	50.2654825	51.2944901	51.9409985	
23.18183	50.1512994	50.2654825	51.2944901	51.9409985	
23.19196	50.1512994	50.2654825	51.2944901	51.9409985	
23.20213	50.1512994	50.2654825	51.2944901	51.9409985	
23.21228	50.1512994	50.2654825	51.2944901	51.9409985	
23.22249	50.1512994	50.2654825	51.2944901	51.9409985	
23.23263	50.1512994	50.2654825	51.2944901	51.9409985	
23.24278	50.1512994	50.2654825	51.2944901	51.9409985	
23.25307	50.1512994	50.2654825	51.2944901	51.9409985	
23.26303	50.1512994	50.2654825	51.2944901	51.9409985	
23.28244	50.1512994	50.2654825	51.2944901	51.9409985	
23.28702	50.1512994	50.2654825	51.2944901	51.9409985	
23.29718	50.1512994	50.2654825	51.2944901	51.9409985	
23.30754	50.1512994	50.2654825	51.2944901	51.9409985	
23.31769	50.1512994	50.2654825	51.2944901	51.9409985	
23.32779	50.1512994	50.2654825	51.2944901	51.9409985	
23.33798	50.1512994	50.2654825	51.2944901	51.9409985	
23.34813	50.1512994	50.2654825	51.2944901	51.9409985	
23.35834	50.1512994	50.2654825	51.2944901	51.9409985	
23.3684	50.1512994	50.2654825	51.2944901	51.9409985	
23.3786	50.1512994	50.2654825	51.2944901	51.9409985	
23.38875	50.1512994	50.2654825	51.2944901	51.9409985	
23.39889	50.1512994	50.2654825	51.2944901	51.9409985	
23.40905	50.1512994	50.2654825	51.2944901	51.9409985	
23.41919	50.1512994	50.2654825	51.2944901	51.9409985	
23.4294	50.1512994	50.2654825	51.2944901	51.9409985	
23.4395	50.1512994	50.2654825	51.2944901	51.9409985	
23.44965	50.1512994	50.2654825	51.2944901	51.9409985	
23.4599	50.1512994	50.2654825	51.2944901	51.9409985	
23.47006	50.1512994	50.2654825	51.2944901	51.9409985	
23.48016	50.1512994	50.2654825	51.2944901	51.9409985	
23.49033	50.1512994	50.2654825	51.2944901	51.9409985	
23.50051	50.1512994	50.2654825	51.2944901	51.9409985	
23.51062	50.1512994	50.2654825	51.2944901	51.9409985	
23.52082	50.1512994	50.2654825	51.2944901	51.9409985	
23.53095	50.1512994	50.2654825	51.2944901	51.9409985	
23.54116	50.1512994	50.2654825	51.2944901	51.9409985	
23.5513	50.1512994	50.2654825	51.2944901	51.9409985	
23.56173	50.1512994	50.2654825	51.2944901	51.9409985	
23.57161	50.1512994	50.2654825	51.2944901	51.9409985	
23.58171	50.1512994	50.2654825	51.2944901	51.9409985	
23.59183	50.1512994	50.2654825	51.2944901	51.9409985	
23.60199	50.1512994	50.2654825	51.2944901	51.9409985	
23.61214	50.1512994	50.2654825	51.2944901	51.9409985	
23.62229	50.1512994	50.2654825	51.2944901	51.9409985	
23.63243	50.1512994	50.2654825	51.2944901	51.9409985	
23.64265	50.1512994	50.2654825	51.2944901	51.9409985	
23.65276	50.1512994	50.2654825	51.2944901	51.9409985	
23.66288	50.1512994	50.2654825	51.2944901	51.9409985	
23.67306	50.1512994	50.2654825	51.2944901	51.9409985	
23.68317	50.1512994	50.2654825	51.2944901	51.9409985	
23.69333	50.1512994	50.2654825	51.2944901	51.9409985	
23.70347	50.1512994	50.2654825	51.2944901	51.9409985	
23.71361	50.1512994	50.2654825	51.2944901	51.9409985	
23.72376	50.1512994	50.2654825	51.2944901	51.9409985	
23.73391	50.1512994	50.2654825	51.2944901	51.9409985	
23.74412	50.1512994	50.2654825	51.2944901	51.9409985	
23.75421	50.1512994	50.2654825	51.2944901	51.9409985	
23.76435	50.1512994	50.2654825	51.2944901	51.9409985	
23.78418	50.1512994	50.2654825	51.2944901	51.9409985	
23.78873	50.1512994	50.2654825	51.2944901	51.9409985	
23.79888	50.1512994	50.2654825	51.2944901	51.9409985	
23.80902	50.1512994	50.2654825	51.2944901	51.9409985	
23.81916	50.1512994	50.2654825	51.2944901	51.9409985	
23.82936	50.1512994	50.2654825	51.2944901	51.9409985	
23.83947	50.1512994	50.2654825	51.2944901	51.9409985	
23.84962	50.1512994	50.2654825	51.2944901	51.9409985	
23.8598	50.1512994	50.2654825	51.2944901	51.9409985	
23.86994	50.1512994	50.2654825	51.2944901	51.9409985	
23.88012	50.1512994	50.2654825	51.2944901	51.9409985	
23.89024	50.1512994	50.2654825	51.2944901	51.9409985	
23.90039	50.1512994	50.2654825	51.2944901	51.9409985	
23.91062	50.1512994	50.2654825	51.2944901	51.9409985	
23.92072	50.1512994	50.2654825	51.2944901	51.9409985	
23.93083	50.1512994	50.2654825	51.2944901	51.9409985	
23.94108	50.1512994	50.2654825	51.2944901	51.9409985	
23.95115	50.1512994	50.2654825	51.2944901	51.9409985	
23.96131	50.1512994	50.2654825	51.2944901	51.9409985	
23.97157	50.1512994	50.2654825	51.2944901	51.9409985	
23.98159	50.1512994	50.2654825	51.2944901	51.9409985	
23.99176	50.1512994	50.2654825	51.2944901	51.9409985	
24.00188	50.1512994	50.2654825	51.2944901	51.9409985	
24.01204	50.1512994	50.2654825	51.2944901	51.9409985	
24.0222	50.1512994	50.2654825	51.2944901	51.9409985	
24.03234	50.1512994	50.2654825	51.2944901	51.9409985	
24.04251	50.1512994	50.2654825	51.2944901	51.9409985	
24.05268	50.1512994	50.2654825	51.2944901	51.9409985	
24.06319	50.1512994	50.2654825	51.2944901	51.9409985	
24.07292	50.1512994	50.2654825	51.2944901	51.9409985	
24.08307	50.1512994	50.2654825	51.2944901	51.9409985	
24.09326	50.1512994	50.2654825	51.2944901	51.9409985	
24.10409	50.1512994	50.2654825	51.2944901	51.9409985	
24.11348	50.1512994	50.2654825	51.2944901	51.9409985	
24.12365	50.1512994	50.2654825	51.2944901	51.9409985	
24.13376	50.1512994	50.2654825	51.2944901	51.9409985	
24.14395	50.1512994	50.2654825	51.2944901	51.9409985	
24.16197	50.1512994	50.2654825	51.2944901	51.9409985	
24.17436	50.1512994	50.2654825	51.2944901	51.9409985	
24.17889	50.1512994	50.2654825	51.2944901	51.9409985	
24.18912	50.1512994	50.2654825	51.2944901	51.9409985	
24.1992	50.1512994	50.2654825	51.2944901	51.9409985	
24.20937	50.1512994	50.2654825	51.2944901	51.9409985	
24.21954	50.1512994	50.2654825	51.2944901	51.9409985	
24.22966	50.1512994	50.2654825	51.2944901	51.9409985	
24.23984	50.1512994	50.2654825	51.2944901	51.9409985	
24.24999	50.1512994	50.2654825	51.2944901	51.9409985	
24.26015	50.1512994	50.2654825	51.2944901	51.9409985	
24.27031	50.1512994	50.2654825	51.2944901	51.9409985	
24.28046	50.1512994	50.2654825	51.2944901	51.9409985	
24.29058	50.1512994	50.2654825	51.2944901	51.9409985	
24.30079	50.1512994	50.2654825	51.2944901	51.9409985	
24.31091	50.1512994	50.2654825	51.2944901	51.9409985	
24.32104	50.1512994	50.2654825	51.2944901	51.9409985	
24.33125	50.1512994	50.2654825	51.2944901	51.9409985	
24.3414	50.1512994	50.2654825	51.2944901	51.9409985	
24.3515	50.1512994	50.2654825	51.2944901	51.9409985	
24.36161	50.1512994	50.2654825	51.2944901	51.9409985	
24.3718	50.1512994	50.2654825	51.2944901	51.9409985	
24.38193	50.1512994	50.2654825	51.2944901	51.9409985	
24.39206	50.1512994	50.2654825	51.2944901	51.9409985	
24.40223	50.1512994	50.2654825	51.2944901	51.9409985	
24.41237	50.1512994	50.2654825	51.2944901	51.9409985	
24.42265	50.1512994	50.2654825	51.2944901	51.9409985	
24.43273	50.1512994	50.2654825	51.2944901	51.9409985	
24.44282	50.1512994	50.2654825	51.2944901	51.9409985	
24.45304	50.1512994	50.2654825	51.2944901	51.9409985	
24.46312	50.1512994	50.2654825	51.2944901	51.9409985	
24.47322	50.1512994	50.2654825	51.2944901	51.9409985	
24.48341	50.1512994	50.2654825	51.2944901	51.9409985	
24.49355	50.1512994	50.2654825	51.2944901	51.9409985	
24.5037	50.1512994	50.2654825	51.2944901	51.9409985	
24.51387	50.1512994	50.2654825	51.2944901	51.9409985	
24.52411	50.1512994	50.2654825	51.2944901	51.9409985	
24.53423	50.1512994	50.2654825	51.2944901	51.9409985	
24.54438	50.1512994	50.2654825	51.2944901	51.9409985	
24.55449	50.1512994	50.2654825	51.2944901	51.9409985	
24.56468	50.1512994	50.2654825	51.2944901	51.9409985	
24.57485	50.1512994	50.2654825	51.2944901	51.9409985	
24.585	50.1512994	50.2654825	51.2944901	51.9409985	
24.59515	50.1512994	50.2654825	51.2944901	51.9409985	
24.60533	50.1512994	50.2654825	51.2944901	51.9409985	
24.61548	50.1512994	50.2654825	51.2944901	51.9409985	
24.62562	50.1512994	50.2654825	51.2944901	51.9409985	
24.63582	50.1512994	50.2654825	51.2944901	51.9409985	
24.64595	50.1512994	50.2654825	51.2944901	51.9409985	
24.6561	50.1512994	50.2654825	51.2944901	51.9409985	
24.66626	50.1512994	50.2654825	51.2944901	51.9409985	
24.67646	50.1512994	50.2654825	51.2944901	51.9409985	
24.68669	50.1512994	50.2654825	51.2944901	51.9409985	
24.6968	50.1512994	50.2654825	51.2944901	51.9409985	
24.70697	50.1512994	50.2654825	51.2944901	51.9409985	
24.71731	50.1512994	50.2654825	51.2944901	51.9409985	
24.74537	50.1512994	50.2654825	51.2944901	51.9409985	
