11.80991	
11.81977	
11.82987	
11.84007	
11.85068	
11.86034	
11.8705	
11.8806	
11.89075	
11.90091	
11.91105	
11.92119	
11.93133	
11.94151	
11.95188	
11.96178	
11.97194	
11.9821	
11.99229	
12.0024	
12.01258	
12.02277	
12.03294	
12.04309	
12.0533	
12.0634	
12.07355	
12.08375	
12.09397	
12.10403	
12.11418	
12.12433	
12.13455	
12.1446	
12.15475	
12.16493	
12.17507	
12.18522	
12.1955	
12.20559	
12.21568	
12.22584	
12.23604	
12.24616	
12.25631	
12.26646	
12.27662	
12.28681	
12.29695	
12.30712	
12.31733	
12.32741	
12.33758	
12.34773	
12.35786	
12.36799	
12.37813	
12.38853	
12.39839	
12.40857	
12.41876	
12.42887	
12.43902	
12.44914	
12.45928	
12.46947	
12.47958	
12.48972	
12.4999	
12.51023	
12.52022	
12.53032	
12.54043	
12.55064	
12.56072	
12.57086	
12.58101	
12.59115	
12.60339	
12.61141	
12.6218	
12.63172	
12.6419	
12.65203	
12.66219	
12.67236	
12.68251	
12.69266	
12.70287	
12.71301	
12.7232	
12.73338	
12.74345	
12.75363	
12.76381	
12.77395	
12.78409	
12.79426	
12.80441	
12.8146	
12.82487	
12.83487	
12.84504	
12.85518	
12.8653	
12.87548	
12.88566	
12.89578	
12.90592	
12.91613	
12.92624	
12.9364	
12.94652	
12.95671	
12.96689	
12.97702	
12.98717	
12.99741	
13.00748	
13.01766	
13.02784	
13.03798	
13.04809	
13.05824	
13.06841	
13.07853	
13.08873	
13.09885	
13.10897	
13.11912	
13.12926	
13.14737	
13.15186	
13.16204	
13.17221	
13.18235	
13.19251	
13.2027	
13.21429	
13.22299	
13.23315	
13.2433	
13.25345	
13.26359	
13.27375	
13.28396	
13.29408	
13.30419	
13.31444	
13.32457	
13.33476	
13.34484	
13.36468	
13.36907	
13.3792	
13.38959	
13.39947	
13.40964	
13.41978	
13.42993	
13.44795	
13.45231	
13.46792	86.1691005	86.1669052	78.8561709	78.8539756	
13.47252	86.1697193	86.1669052	78.8567898	78.8539756	
13.48266	86.1718732	86.1669052	78.8589437	78.8539756	
13.49279	86.1746442	86.1669052	78.8617146	78.8539756	
13.50298	86.1780498	86.1669052	78.8651203	78.8539756	
13.51317	86.1820813	86.1669052	78.8691517	78.8539756	
13.52333	86.1867192	86.1756318	78.8737896	78.8539756	
13.5335	86.1919885	86.1756318	78.8790589	78.8539756	
13.54361	86.1978326	86.1756318	78.884903	78.8627023	
13.55375	86.2043147	86.1756318	78.8913851	78.8627023	
13.56399	86.2114829	86.1843585	78.8985534	78.8627023	
13.57416	86.2192356	86.1843585	78.906306	78.8627023	
13.58427	86.2275368	86.1843585	78.9146072	78.8627023	
13.59443	86.2365152	86.1843585	78.9235857	78.8627023	
13.61464	86.2574325	86.1930851	78.9445029	78.8627023	
13.61919	86.2620431	86.2018118	78.9491135	78.8627023	
13.6294	86.2732004	86.2018118	78.9602708	78.8627023	
13.63947	86.2848123	86.2105384	78.9718827	78.8627023	
13.64962	86.2971357	86.219265	78.9842061	78.8627023	
13.65977	86.3100907	86.2279917	78.9971612	78.8627023	
13.67277	86.3278024	86.2367183	79.0148729	78.8627023	
13.68796	86.3499563	86.2541716	79.0370267	78.8714289	
13.69246	86.3564979	86.2716249	79.0435684	78.8714289	
13.70268	86.3721733	86.2890782	79.0592437	78.8801555	
13.71276	86.388225	86.3152582	79.0752955	78.8801555	
13.72297	86.4051216	86.3414381	79.0921921	78.8801555	
13.73312	86.4225247	86.367618	79.1095951	78.8801555	
13.74323	86.4404688	86.393798	79.1275393	78.8801555	
13.75342	86.459203	86.4287046	79.1462735	78.8888822	
13.76376	86.4788399	86.4461579	79.1659103	78.8888822	
13.78435	86.5211468	86.4985177	79.2082172	78.8888822	
13.78896	86.5305119	86.515971	79.2175823	78.8976088	
13.79909	86.5518989	86.5334243	79.2389694	78.8976088	
13.80919	86.5738136	86.5683309	79.260884	78.9063355	
13.81944	86.5967181	86.5857842	79.2837886	78.9150621	
13.82954	86.6198791	86.6032375	79.3069495	78.9150621	
13.83966	86.6437106	86.6294174	79.330781	78.9237888	
13.8498	86.6682144	86.6468707	79.3552849	78.9237888	
13.85996	86.6933743	86.6730507	79.3804448	78.9325154	
13.87906	86.7433825	86.6905039	79.4304529	78.9412421	
13.88363	86.7552402	86.7166839	79.4423107	78.9586954	
13.89383	86.7826087	86.7341372	79.4696792	78.9586954	
13.90393	86.8102717	86.7603171	79.4973422	78.967422	
13.91405	86.8385955	86.7777704	79.5256659	78.9848753	
13.9243	86.8679434	86.812677	79.5550138	78.9936019	
13.93441	86.8975058	86.8301303	79.5845763	79.0023286	
13.94452	86.9276575	86.8650369	79.6147279	79.0110552	
13.95474	86.9588955	86.8912168	79.6459659	79.0285085	
13.96485	86.9901923	86.9261234	79.6772627	79.0459618	
13.99111	87.0771754	87.0133899	79.7642458	79.0895951	
13.99569	87.0921539	87.0308432	79.7792244	79.0983217	
14.00586	87.126228	87.0744764	79.8132984	79.115775	
14.01596	87.1606699	87.109383	79.8477403	79.1332283	
14.02615	87.1960796	87.1442896	79.88315	79.1506816	
14.03632	87.232033	87.1879228	79.9191034	79.1768615	
14.04648	87.2685556	87.231556	79.955626	79.2030415	
14.05662	87.3056523	87.2664626	79.9927227	79.2292214	
14.06674	87.3433934	87.3188225	80.0304638	79.2554013	
14.07696	87.3818767	87.3624557	80.0689472	79.2728546	
14.08717	87.4210769	87.4060889	80.1081473	79.3077612	
14.09735	87.4607586	87.4497222	80.1478291	79.3339411	
14.10749	87.5011586	87.4933554	80.188229	79.3688477	
14.1177	87.5420014	87.528262	80.2290718	79.3950277	
14.12793	87.5842103	87.5718952	80.2712808	79.4299343	
14.13797	87.6253947	87.6155285	80.3124652	79.4648408	
14.14807	87.6678976	87.650435	80.354968	79.4997474	
14.1582	87.7110962	87.6940683	80.3981667	79.534654	
14.1684	87.7552151	87.7377015	80.4422855	79.5695606	
14.17849	87.7995142	87.7726081	80.4865847	79.6044672	
14.18881	87.8454377	87.8162413	80.5325081	79.6481004	
14.19896	87.8911946	87.8598745	80.5782651	79.683007	
14.20903	87.9372334	87.8947811	80.6243039	79.7179136	
14.21914	87.984051	87.9384144	80.6711214	79.7615468	
14.22956	88.0329893	87.9820476	80.7200597	79.7964534	
14.23945	88.0799625	88.0256808	80.7670329	79.8400866	
14.24958	88.1287525	88.0693141	80.8158229	79.8749932	
14.25974	88.178283	88.1216739	80.8653534	79.9186264	
14.26988	88.2283222	88.1740338	80.9153927	79.9622597	
14.28897	88.3252723	88.2263937	81.0123428	80.0058929	
14.29359	88.348626	88.2962069	81.0356965	80.0669794	
14.30371	88.4005934	88.3485667	81.0876638	80.1106127	
14.31384	88.4532643	88.4096533	81.1403347	80.1542459	
14.32402	88.5068346	88.4707398	81.193905	80.1978791	
14.33418	88.5608971	88.5230997	81.2479675	80.250239	
14.34428	88.6152668	88.5929128	81.3023373	80.2938722	
14.35446	88.6707248	88.6452727	81.3577953	80.3375055	
14.36507	88.7291633	88.7150859	81.4162337	80.3898653	
14.3752	88.7855304	88.7674458	81.4726008	80.4422252	
14.38534	88.8426268	88.8285323	81.5296972	80.4945851	
14.39599	88.9032854	88.8896188	81.5903558	80.5382183	
14.4057	88.9590544	88.9507053	81.6461248	80.5905782	
14.41586	89.0181133	89.0117919	81.7051837	80.6342114	
14.42596	89.077428	89.0641517	81.7644984	80.695298	
14.43622	89.1383189	89.1252383	81.8253893	80.7389312	
14.44632	89.1988798	89.1863248	81.8859502	80.7912911	
14.45646	89.2602314	89.2386847	81.9473018	80.843651	
14.46662	89.32241	89.2910445	82.0094804	80.8960108	
14.47674	89.3849203	89.3608577	82.0719907	80.9483707	
14.48701	89.4489756	89.4132176	82.1360461	81.0094572	
14.5054	89.5662461	89.526664	82.2533166	81.1054503	
14.51005	89.5957772	89.5528439	82.2828476	81.1229036	
14.52016	89.6608788	89.6226571	82.3479492	81.1839902	
14.53026	89.7264755	89.6837436	82.4135459	81.2450767	
14.5408	89.7957176	89.7448301	82.482788	81.2974366	
14.55056	89.8602835	89.8146433	82.547354	81.3585231	
14.5607	89.9279924	89.8844565	82.6150629	81.410883	
14.57087	89.9965705	89.9542696	82.6836409	81.4719695	
14.58096	90.0651834	90.0240828	82.7522538	81.5243294	
14.59114	90.1350536	90.093896	82.822124	81.5854159	
14.60135	90.2058121	90.1637092	82.8928826	81.6465024	
14.61158	90.2772538	90.2335223	82.9643242	81.7075889	
14.62184	90.3495799	90.3033355	83.0366503	81.7686755	
14.63195	90.4214433	90.3731487	83.1085138	81.829762	
14.64221	90.4949947	90.4429618	83.1820652	81.8908485	
14.65236	90.5683939	90.512775	83.2554644	81.9606617	
14.66253	90.6425369	90.5913148	83.3296073	82.0217482	
14.67268	90.717129	90.6698546	83.4041994	82.0828347	
14.68279	90.7920609	90.7483945	83.4791313	82.1439212	
14.69295	90.8680447	90.8269343	83.5551151	82.2050078	
14.70323	90.9455638	90.8967474	83.6326343	82.2748209	
14.71336	91.0224953	90.9840139	83.7095657	82.3359075	
14.72351	91.100197	91.0625537	83.7872674	82.4057206	
14.7337	91.1788367	91.1410935	83.8659071	82.4668072	
14.7438	91.2574065	91.22836	83.944477	82.5366203	
14.75401	91.3375164	91.3068998	84.0245869	82.6064335	
14.76416	91.4176372	91.3854396	84.1047076	82.66752	
14.77431	91.4984715	91.4639795	84.1855419	82.7373332	
14.78443	91.5797456	91.5425193	84.2668161	82.8071464	
14.7946	91.6618644	91.6297857	84.3489349	82.8769595	
14.80493	91.7460687	91.7083255	84.4331391	82.9467727	
14.8151	91.8295361	91.7868654	84.5166066	83.0165859	
14.82521	91.9131058	91.8741318	84.6001763	83.086399	
14.83538	91.9978106	91.9526716	84.6848811	83.1562122	
14.84557	92.0833396	92.0312115	84.77041	83.234752	
14.85569	92.1688257	92.1184779	84.8558961	83.3045652	
14.86582	92.254986	92.2057444	84.9420565	83.383105	
14.87602	92.3424717	92.2842842	85.0295421	83.4529182	
14.88616	92.4299976	92.3715507	85.117068	83.5227314	
14.89629	92.5181401	92.4588171	85.2052106	83.6012712	
14.90682	92.610767	92.5548102	85.2978374	83.6710843	
14.9168	92.69837	92.6420767	85.3854405	83.7408975	
14.92702	92.7891125	92.7293432	85.4761829	83.8194373	
14.9371	92.879145	92.8253363	85.5662155	83.8979771	
14.9472	92.9701135	92.9213294	85.657184	83.9677903	
14.9579	93.0670791	93.0173225	85.7541495	84.0463301	
14.96801	93.1593001	93.1133156	85.8463705	84.1248699	
14.97814	93.2523566	93.2093087	85.9394271	84.2034098	
14.98831	93.3464305	93.3053018	86.0335009	84.2819496	
14.9984	93.4403454	93.3925683	86.1274158	84.3604894	
15.00966	93.5459306	93.497288	86.233001	84.4477559	
15.01955	93.6392238	93.6020078	86.3262943	84.5262957	
15.02973	93.7358641	93.6980009	86.4229345	84.6135621	
15.03981	93.8321902	93.793994	86.5192607	84.692102	
15.04997	93.9299706	93.8987138	86.617041	84.7793684	
15.06023	94.0291822	93.9947069	86.7162526	84.8579082	
15.07029	94.1271173	94.0907	86.8141877	84.9451747	
15.08043	94.2264602	94.1954197	86.9135306	85.0237145	
15.09054	94.3261412	94.2914128	87.0132116	85.110981	
15.10094	94.4294497	94.3961326	87.1165201	85.1982474	
15.12046	94.626028	94.5968455	87.3130984	85.3553271	
15.12506	94.672088	94.631752	87.3591584	85.3989603	
15.13522	94.7750485	94.7364718	87.4621189	85.4862268	
15.14533	94.8780328	94.8411916	87.5651033	85.5734932	
15.15549	94.982261	94.9459113	87.6693314	85.6607597	
15.1657	95.0874425	95.0506311	87.7745129	85.7480262	
15.17582	95.1923695	95.1640775	87.8794399	85.8352926	
15.18596	95.2982263	95.2775239	87.9852967	85.9225591	
15.19615	95.405156	95.3822436	88.0922264	86.0098255	
15.2063	95.5122296	95.49569	88.1993	86.1058186	
15.21661	95.6217626	95.6091364	88.308833	86.1930851	
15.22696	95.7322465	95.7138562	88.419317	86.2890782	
15.23692	95.8391705	95.8273026	88.5262409	86.3850713	
15.24713	95.9494335	95.940749	88.6365039	86.4810644	
15.25719	96.0587121	96.0454687	88.7457825	86.5683309	
15.26764	96.1728826	96.1589151	88.8599531	86.6730507	
15.27783	96.2828938	96.2636349	88.9699642	86.7603171	
15.28794	96.3915331	96.3770813	89.0786035	86.8563102	
15.29809	96.4999255	96.4818011	89.1869959	86.9523033	
15.30822	96.6075383	96.5865208	89.2946087	87.0482964	
15.31869	96.7181742	96.6912406	89.4052446	87.1442896	
15.32862	96.8222784	96.7959603	89.5093488	87.231556	
15.33879	96.9284701	96.9094067	89.6155406	87.3362758	
15.35066	97.0529595	97.0141265	89.7400299	87.4235422	
15.35948	97.1425584	97.1275729	89.8296289	87.5195353	
15.36961	97.2464709	97.2410193	89.9335413	87.6155285	
15.37975	97.3497948	97.3544657	90.0368652	87.7027949	
15.39014	97.4552116	97.4591854	90.142282	87.7900614	
15.4001	97.5555139	97.5639052	90.2425843	87.8860545	
15.41066	97.6612821	97.6686249	90.3483525	87.9820476	
15.42066	97.7608271	97.7733447	90.4478976	88.0693141	
15.43055	97.8586613	97.8780645	90.5457317	88.1653072	
15.44069	97.9584113	97.9827842	90.6454818	88.2525736	
15.4508	98.0572417	98.087504	90.7443121	88.3398401	
15.46103	98.1566211	98.1834971	90.8436916	88.4271066	
15.47118	98.254596	98.2794902	90.9416665	88.5230997	
15.48128	98.3514568	98.3667566	91.0385273	88.6016395	
15.49145	98.4484787	98.4627498	91.1355491	88.6976326	
15.50168	98.5453842	98.5587429	91.2324547	88.7761724	
15.5121	98.6434407	98.6460093	91.3305111	88.8721655	
15.52297	98.7451103	98.7420024	91.4321807	88.959432	
15.53301	98.8383024	98.8292689	91.5253728	89.0466984	
15.54318	98.9321319	98.9165354	91.6192023	89.1339649	
15.55331	99.0250313	99.0038018	91.7121018	89.2212314	
15.56349	99.1177374	99.0997949	91.8048078	89.2997712	
15.57372	99.210224	99.1870614	91.8972944	89.3870376	
15.58378	99.3006681	99.2743279	91.9877385	89.4655775	
15.59393	99.3912727	99.3615943	92.0783432	89.5528439	
15.60409	99.4814079	99.4575874	92.1684784	89.6313837	
15.61427	99.5710622	99.5535805	92.2581326	89.7099236	
15.62596	99.6731623	99.6583003	92.3602327	89.8059167	
15.6357	99.7576756	99.7455668	92.444746	89.8844565	
15.64594	99.8459883	99.8415599	92.5330588	89.9542696	
15.65599	99.9319944	99.937553	92.6190648	90.0415361	
15.66612	100.018101	100.024819	92.7051717	90.1200759	
15.67637	100.104578	100.112086	92.7916483	90.1986157	
15.68649	100.189406	100.208079	92.8764759	90.2684289	
15.6966	100.27352	100.295345	92.9605904	90.3469687	
15.70681	100.357847	100.382612	93.0449172	90.4167819	
15.71691	100.440641	100.469878	93.1277112	90.4953217	
15.72859	100.535602	100.565871	93.2226723	90.5825882	
15.73849	100.615443	100.644411	93.3025132	90.6524013	
15.74861	100.696599	100.722951	93.3836698	90.7222145	
15.75878	100.777401	100.801491	93.4644715	90.7920277	
15.76924	100.860002	100.880031	93.5470729	90.8618409	
15.77906	100.93718	100.949844	93.6242508	90.931654	
15.78922	101.01589	101.028384	93.7029607	91.0014672	
15.79937	101.094101	101.106924	93.7811713	91.0712804	
15.80949	101.171553	101.185463	93.8586231	91.1410935	
15.81964	101.248692	101.255277	93.9357624	91.2109067	
15.8392	101.394405	101.40363	94.0814752	91.3418064	
15.84378	101.428534	101.438536	94.1156043	91.3679863	
15.85415	101.505185	101.508349	94.1922554	91.4377995	
15.86405	101.57774	101.586889	94.2648108	91.498886	
15.87425	101.651858	101.665429	94.3389284	91.5599726	
15.8844	101.725092	101.735242	94.4121621	91.6297857	
15.89458	101.797886	101.813782	94.4849566	91.6908723	
15.90468	101.86946	101.892322	94.5565305	91.7606854	
15.91482	101.940731	101.962135	94.6278018	91.8217719	
15.92501	102.011782	102.031948	94.6988525	91.8828585	
15.93532	102.083113	102.101761	94.7701838	91.943945	
15.94536	102.151836	102.171574	94.8389061	92.0137582	
15.9557	102.222035	102.250114	94.9091056	92.0748447	
15.9659	102.290635	102.311201	94.9777058	92.1359312	
15.97594	102.357662	102.381014	95.0447328	92.1882911	
15.98615	102.425138	102.450827	95.1122084	92.2581043	
15.99633	102.491857	102.52064	95.1789279	92.3191908	
16.00664	102.558721	102.581727	95.2457913	92.3715507	
16.01677	102.623831	102.642813	95.3109012	92.4326372	
16.02689	102.68828	102.7039	95.3753508	92.4937237	
16.03731	102.754068	102.764986	95.441138	92.5548102	
16.04739	102.817059	102.8348	95.5041298	92.6158968	
16.05759	102.880173	102.887159	95.5672437	92.6769833	
16.06774	102.942416	102.948246	95.629486	92.7380698	
16.07804	103.004924	103.009332	95.6919947	92.7904297	
16.08804	103.064974	103.061692	95.7520443	92.8515162	
16.09817	103.125269	103.122779	95.8123394	92.9126027	
16.10834	103.185204	103.183865	95.8722747	92.9649626	
16.11846	103.244215	103.244952	95.9312857	93.0260491	
16.12857	103.302602	103.297312	95.9896722	93.078409	
16.13921	103.363348	103.358398	96.0504188	93.1307689	
16.14909	103.419172	103.419485	96.1062422	93.1918554	
16.15926	103.47603	103.480571	96.1631002	93.2354886	
16.16944	103.532324	103.532931	96.2193946	93.2965752	
16.17956	103.587763	103.594018	96.2748335	93.3402084	
16.18979	103.643074	103.655104	96.330144	93.3925683	
16.19989	103.697155	103.707464	96.3842259	93.4449282	
16.21009	103.75117	103.768551	96.43824	93.497288	
16.22028	103.804475	103.820911	96.4915457	93.5409213	
16.23064	103.858113	103.87327	96.5451836	93.5845545	
16.24201	103.916122	103.934357	96.6031928	93.645641	
16.25195	103.966273	103.986717	96.6533431	93.6892742	
16.26211	104.016943	104.039077	96.7040133	93.7329075	
16.27226	104.067014	104.091437	96.7540842	93.7765407	
16.28243	104.1165	104.13507	96.8035701	93.8201739	
16.2926	104.165433	104.178703	96.8525036	93.8638072	
16.30275	104.213649	104.231063	96.9007197	93.8987138	
16.31291	104.261313	104.26597	96.9483839	93.942347	
16.32309	104.308479	104.318329	96.995549	93.9859802	
16.33325	104.354934	104.353236	97.0420049	94.0296135	
16.34457	104.405951	104.405596	97.0930216	94.0732467	
16.35469	104.450927	104.449229	97.1379971	94.1081533	
16.36491	104.495752	104.492862	97.1828225	94.1430599	
16.38302	104.572879	104.562675	97.2599496	94.212873	
16.38774	104.59404	104.580129	97.2811107	94.2303263	
16.39784	104.635412	104.623762	97.3224822	94.2652329	
16.40785	104.676841	104.667395	97.3639112	94.3001395	
16.41803	104.71834	104.711028	97.4054106	94.3350461	
16.42821	104.759272	104.754662	97.4463424	94.3699527	
16.43828	104.79917	104.789568	97.4862406	94.4048592	
16.45662	104.869401	104.859381	97.5564716	94.4572191	
16.4612	104.886986	104.885561	97.5740566	94.4746724	
16.47138	104.925313	104.920468	97.6123835	94.5008523	
16.48157	104.963126	104.964101	97.6501966	94.5270323	
16.49213	105.00162	104.999008	97.6886905	94.5619389	
16.5022	105.037751	105.042641	97.7248211	94.5881188	
16.51236	105.07361	105.077548	97.7606809	94.6142988	
16.52251	105.108849	105.112454	97.7959193	94.6404787	
16.53265	105.143441	105.156087	97.8305112	94.6666586	
16.5428	105.177494	105.190994	97.8645641	94.7015652	
16.55303	105.211197	105.225901	97.8982678	94.7190185	
16.56317	105.244098	105.252081	97.9311684	94.7451984	
16.57333	105.276293	105.286987	97.9633638	94.7713784	
16.58352	105.30806	105.313167	97.9951304	94.7975583	
16.59363	105.338987	105.348074	98.0260579	94.8237383	
16.60379	105.36949	105.38298	98.05656	94.8411916	
16.6146	105.401261	105.40916	98.0883312	94.8673715	
16.62467	105.430279	105.43534	98.1173494	94.8848248	
16.6348	105.458862	105.46152	98.1459325	94.9110047	
16.64499	105.487041	105.4877	98.1741117	94.928458	
16.6554	105.515184	105.51388	98.2022546	94.9459113	
16.66553	105.541995	105.54006	98.2290657	94.9720912	
16.6757	105.568324	105.56624	98.2553943	94.9808179	
16.68586	105.594046	105.59242	98.2811164	95.0069978	
16.696	105.619118	105.609873	98.3061884	95.0157245	
16.70616	105.643652	105.636053	98.3307222	95.0419044	
16.71637	105.667706	105.662233	98.3547762	95.0506311	
16.72649	105.690963	105.679686	98.3780332	95.076811	
16.7366	105.71362	105.705866	98.4006908	95.0855376	
16.74677	105.735817	105.732046	98.4228873	95.1029909	
16.75727	105.758132	105.749499	98.4452021	95.1204442	
16.77506	105.793727	105.784406	98.4807974	95.1378975	
16.77962	105.802901	105.793133	98.4899719	95.1466242	
16.78983	105.82271	105.810586	98.5097806	95.1553508	
16.79993	105.841735	105.828039	98.528805	95.1728041	
16.81796	105.873457	105.845492	98.5605275	95.1815308	
16.8225	105.881502	105.871672	98.5685722	95.1902574	
16.83267	105.898785	105.889126	98.585855	95.2077107	
16.84279	105.915413	105.906579	98.6024832	95.2164373	
16.85558	105.935461	105.915306	98.6225311	95.225164	
16.86324	105.947219	105.932759	98.6342893	95.225164	
16.87329	105.962039	105.941486	98.6491096	95.2338906	
16.88344	105.976447	105.958939	98.6635171	95.2426173	
16.89378	105.990524	105.967666	98.677594	95.2513439	
16.90376	106.003582	105.976392	98.6906522	95.2600706	
16.91393	106.016309	105.985119	98.7033792	95.2600706	
16.92409	106.028471	105.993845	98.7155419	95.2600706	
16.93426	106.040084	106.011299	98.727154	95.2687972	
16.94437	106.051086	106.011299	98.7381564	95.2687972	
16.95709	106.063978	106.028752	98.7510486	95.2687972	
16.96495	106.071708	106.028752	98.7587785	95.2775239	
16.97489	106.080902	106.037479	98.7679724	95.2775239	
16.98503	106.089743	106.046205	98.7768131	95.2775239	
16.99519	106.098064	106.054932	98.7851348	95.2775239	
17.00538	106.105871	106.063659	98.7929409	95.2775239	
17.0155	106.113105	106.072385	98.8001758	95.2775239	
17.02564	106.119825	106.081112	98.8068954	95.2775239	
17.03581	106.126052	106.081112	98.8131227	95.2775239	
17.04599	106.131766	106.089839	98.8188362	95.2775239	
17.05612	106.136959	106.098565	98.8240295	95.2775239	
17.06637	106.141706	106.098565	98.8287769	95.2775239	
17.07651	106.145925	106.107292	98.8329954	95.2775239	
17.08665	106.149675	106.116019	98.8367455	95.2775239	
17.09679	106.152971	106.116019	98.8400416	95.2775239	
17.11504	106.15715	106.124745	98.8442201	95.2775239	
17.11969	106.158278	106.133472	98.845348	95.2775239	
17.12984	106.160263	106.133472	98.847333	95.2775239	
17.14001	106.161906	106.133472	98.8489762	95.2775239	
17.15027	106.166905	106.133472	98.8539756	95.2775239	
17.16251	106.166905	106.133472	98.8539756	95.2775239	
17.17049	106.166905	106.133472	98.8539756	95.2775239	
17.18065	106.166905	106.133472	98.8539756	95.2775239	
17.19075	106.166905	106.133472	98.8539756	95.2775239	
17.20087	106.166905	106.133472	98.8539756	95.2775239	
17.21106	106.166905	106.133472	98.8539756	95.2775239	
17.2212	106.166905	106.133472	98.8539756	95.2775239	
17.23139	106.166905	106.133472	98.8539756	95.2775239	
17.24155	106.166905	106.133472	98.8539756	95.2775239	
17.25166	106.166905	106.133472	98.8539756	95.2775239	
17.26216	106.166905	106.133472	98.8539756	95.2775239	
17.2723	106.166905	106.133472	98.8539756	95.2775239	
17.28242	106.166905	106.133472	98.8539756	95.2775239	
17.2926	106.166905	106.133472	98.8539756	95.2775239	
17.30273	106.166905	106.133472	98.8539756	95.2775239	
17.31291	106.166905	106.133472	98.8539756	95.2775239	
17.32326	106.166905	106.133472	98.8539756	95.2775239	
17.33342	106.166905	106.133472	98.8539756	95.2775239	
17.34353	106.166905	106.133472	98.8539756	95.2775239	
17.36375	106.166905	106.133472	98.8539756	95.2775239	
17.37102	106.166905	106.133472	98.8539756	95.2775239	
17.37847	106.166905	106.133472	98.8539756	95.2775239	
17.38877	106.166905	106.133472	98.8539756	95.2775239	
17.39881	106.166905	106.133472	98.8539756	95.2775239	
17.40928	106.166905	106.133472	98.8539756	95.2775239	
17.41932	106.166905	106.133472	98.8539756	95.2775239	
17.42948	106.166905	106.133472	98.8539756	95.2775239	
17.43946	106.166905	106.133472	98.8539756	95.2775239	
17.44951	106.166905	106.133472	98.8539756	95.2775239	
17.45968	106.166905	106.133472	98.8539756	95.2775239	
17.47212	106.166905	106.133472	98.8539756	95.2775239	
17.48026	106.166905	106.133472	98.8539756	95.2775239	
17.49021	106.166905	106.133472	98.8539756	95.2775239	
17.50035	106.166905	106.133472	98.8539756	95.2775239	
17.51044	106.166905	106.133472	98.8539756	95.2775239	
17.52092	106.166905	106.133472	98.8539756	95.2775239	
17.53076	106.166905	106.133472	98.8539756	95.2775239	
17.54086	106.166905	106.133472	98.8539756	95.2775239	
17.55105	106.166905	106.133472	98.8539756	95.2775239	
17.56114	106.166905	106.133472	98.8539756	95.2775239	
17.57346	106.166905	106.133472	98.8539756	95.2775239	
17.58943	106.166905	106.133472	98.8539756	95.2775239	
17.59399	106.166905	106.133472	98.8539756	95.2775239	
17.60416	106.166905	106.133472	98.8539756	95.2775239	
17.62438	106.166905	106.133472	98.8539756	95.2775239	
17.629	106.166905	106.133472	98.8539756	95.2775239	
17.63914	106.166905	106.133472	98.8539756	95.2775239	
17.64921	106.166905	106.133472	98.8539756	95.2775239	
17.65938	106.166905	106.133472	98.8539756	95.2775239	
17.66953	106.166905	106.133472	98.8539756	95.2775239	
17.68874	106.166905	106.133472	98.8539756	95.2775239	
17.69328	106.166905	106.133472	98.8539756	95.2775239	
17.70351	106.166905	106.133472	98.8539756	95.2775239	
17.71362	106.166905	106.133472	98.8539756	95.2775239	
17.72382	106.166905	106.133472	98.8539756	95.2775239	
17.73425	106.166905	106.133472	98.8539756	95.2775239	
17.75218	106.166905	106.133472	98.8539756	95.2775239	
17.75675	106.166905	106.133472	98.8539756	95.2775239	
17.76687	106.166905	106.133472	98.8539756	95.2775239	
17.77893	106.166905	106.133472	98.8539756	95.2775239	
17.78778	106.166905	106.133472	98.8539756	95.2775239	
17.79798	106.166905	106.133472	98.8539756	95.2775239	
17.80804	106.166905	106.133472	98.8539756	95.2775239	
17.81816	106.166905	106.133472	98.8539756	95.2775239	
17.8284	106.166905	106.133472	98.8539756	95.2775239	
17.83851	106.166905	106.133472	98.8539756	95.2775239	
17.84862	106.166905	106.133472	98.8539756	95.2775239	
17.85877	106.166905	106.133472	98.8539756	95.2775239	
17.86921	106.166905	106.133472	98.8539756	95.2775239	
17.88156	106.166905	106.133472	98.8539756	95.2775239	
17.88956	106.166905	106.133472	98.8539756	95.2775239	
17.89969	106.166905	106.133472	98.8539756	95.2775239	
17.90995	106.166905	106.133472	98.8539756	95.2775239	
17.92005	106.166905	106.133472	98.8539756	95.2775239	
17.93064	106.166905	106.133472	98.8539756	95.2775239	
17.94028	106.166905	106.133472	98.8539756	95.2775239	
17.95052	106.166905	106.133472	98.8539756	95.2775239	
17.9606	106.166905	106.133472	98.8539756	95.2775239	
17.9707	106.166905	106.133472	98.8539756	95.2775239	
17.98094	106.166905	106.133472	98.8539756	95.2775239	
17.99111	106.166905	106.133472	98.8539756	95.2775239	
18.00122	106.166905	106.133472	98.8539756	95.2775239	
18.01135	106.166905	106.133472	98.8539756	95.2775239	
18.02154	106.166905	106.133472	98.8539756	95.2775239	
18.03211	106.166905	106.133472	98.8539756	95.2775239	
18.04218	106.166905	106.133472	98.8539756	95.2775239	
18.05241	106.166905	106.133472	98.8539756	95.2775239	
18.06254	106.166905	106.133472	98.8539756	95.2775239	
18.07266	106.166905	106.133472	98.8539756	95.2775239	
18.08283	106.166905	106.133472	98.8539756	95.2775239	
18.09326	106.166905	106.133472	98.8539756	95.2775239	
18.10345	106.166905	106.133472	98.8539756	95.2775239	
18.11357	106.166905	106.133472	98.8539756	95.2775239	
18.12369	106.166905	106.133472	98.8539756	95.2775239	
18.13396	106.166905	106.133472	98.8539756	95.2775239	
18.144	106.166905	106.133472	98.8539756	95.2775239	
18.15417	106.166905	106.133472	98.8539756	95.2775239	
18.16429	106.166905	106.133472	98.8539756	95.2775239	
18.17443	106.166905	106.133472	98.8539756	95.2775239	
18.18458	106.166905	106.133472	98.8539756	95.2775239	
18.19486	106.166905	106.133472	98.8539756	95.2775239	
18.20501	106.166905	106.133472	98.8539756	95.2775239	
18.21516	106.166905	106.133472	98.8539756	95.2775239	
18.22529	106.166905	106.133472	98.8539756	95.2775239	
18.23546	106.166905	106.133472	98.8539756	95.2775239	
18.24563	106.166905	106.133472	98.8539756	95.2775239	
18.25577	106.166905	106.133472	98.8539756	95.2775239	
18.26591	106.166905	106.133472	98.8539756	95.2775239	
18.27606	106.166905	106.133472	98.8539756	95.2775239	
18.28624	106.166905	106.133472	98.8539756	95.2775239	
18.29671	106.166905	106.133472	98.8539756	95.2775239	
18.30662	106.166905	106.133472	98.8539756	95.2775239	
18.31679	106.166905	106.133472	98.8539756	95.2775239	
18.32692	106.166905	106.133472	98.8539756	95.2775239	
18.33704	106.166905	106.133472	98.8539756	95.2775239	
18.34719	106.166905	106.133472	98.8539756	95.2775239	
18.35739	106.166905	106.133472	98.8539756	95.2775239	
18.36759	106.166905	106.133472	98.8539756	95.2775239	
18.37773	106.166905	106.133472	98.8539756	95.2775239	
18.38802	106.166905	106.133472	98.8539756	95.2775239	
18.40747	106.166905	106.133472	98.8539756	95.2775239	
18.41212	106.166905	106.133472	98.8539756	95.2775239	
18.42232	106.166905	106.133472	98.8539756	95.2775239	
18.4324	106.166905	106.133472	98.8539756	95.2775239	
18.44262	106.166905	106.133472	98.8539756	95.2775239	
18.45279	106.166905	106.133472	98.8539756	95.2775239	
18.46293	106.166905	106.133472	98.8539756	95.2775239	
18.47309	106.166905	106.133472	98.8539756	95.2775239	
18.48321	106.166905	106.133472	98.8539756	95.2775239	
18.49343	106.166905	106.133472	98.8539756	95.2775239	
18.50364	106.166905	106.133472	98.8539756	95.2775239	
18.51377	106.166905	106.133472	98.8539756	95.2775239	
18.52392	106.166905	106.133472	98.8539756	95.2775239	
18.53409	106.166905	106.133472	98.8539756	95.2775239	
18.54421	106.166905	106.133472	98.8539756	95.2775239	
18.55439	106.166905	106.133472	98.8539756	95.2775239	
18.56459	106.166905	106.133472	98.8539756	95.2775239	
18.57474	106.166905	106.133472	98.8539756	95.2775239	
18.58484	106.166905	106.133472	98.8539756	95.2775239	
18.59503	106.166905	106.133472	98.8539756	95.2775239	
18.60592	106.166905	106.133472	98.8539756	95.2775239	
18.61774	106.166905	106.133472	98.8539756	95.2775239	
18.62581	106.166905	106.133472	98.8539756	95.2775239	
18.63593	106.166905	106.133472	98.8539756	95.2775239	
18.6461	106.166905	106.133472	98.8539756	95.2775239	
18.65622	106.166905	106.133472	98.8539756	95.2775239	
18.66641	106.166905	106.133472	98.8539756	95.2775239	
18.67662	106.166905	106.133472	98.8539756	95.2775239	
18.68673	106.166905	106.133472	98.8539756	95.2775239	
18.69685	106.166905	106.133472	98.8539756	95.2775239	
18.70758	106.166905	106.133472	98.8539756	95.2775239	
18.71747	106.166905	106.133472	98.8539756	95.2775239	
18.72764	106.166905	106.133472	98.8539756	95.2775239	
18.73779	106.166905	106.133472	98.8539756	95.2775239	
18.74807	106.166905	106.133472	98.8539756	95.2775239	
18.75814	106.166905	106.133472	98.8539756	95.2775239	
18.76826	106.166905	106.133472	98.8539756	95.2775239	
18.77875	106.166905	106.133472	98.8539756	95.2775239	
18.78861	106.166905	106.133472	98.8539756	95.2775239	
18.79902	106.166905	106.133472	98.8539756	95.2775239	
18.81038	106.166905	106.133472	98.8539756	95.2775239	
18.82024	106.166905	106.133472	98.8539756	95.2775239	
18.83045	106.166905	106.133472	98.8539756	95.2775239	
18.8405	106.166905	106.133472	98.8539756	95.2775239	
18.8509	106.166905	106.133472	98.8539756	95.2775239	
18.86083	106.166905	106.133472	98.8539756	95.2775239	
18.87094	106.166905	106.133472	98.8539756	95.2775239	
18.8811	106.166905	106.133472	98.8539756	95.2775239	
18.89122	106.166905	106.133472	98.8539756	95.2775239	
18.9014	106.166905	106.133472	98.8539756	95.2775239	
18.91313	106.166905	106.133472	98.8539756	95.2775239	
18.92305	106.166905	106.133472	98.8539756	95.2775239	
18.93323	106.166905	106.133472	98.8539756	95.2775239	
18.95124	106.166905	106.133472	98.8539756	95.2775239	
18.95592	106.166905	106.133472	98.8539756	95.2775239	
18.96603	106.166905	106.133472	98.8539756	95.2775239	
18.9761	106.166905	106.133472	98.8539756	95.2775239	
18.98632	106.166905	106.133472	98.8539756	95.2775239	
18.99638	106.166905	106.133472	98.8539756	95.2775239	
19.00657	106.166905	106.133472	98.8539756	95.2775239	
19.02487	106.166905	106.133472	98.8539756	95.2775239	
19.02947	106.166905	106.133472	98.8539756	95.2775239	
19.03963	106.166905	106.133472	98.8539756	95.2775239	
19.04976	106.166905	106.133472	98.8539756	95.2775239	
19.05992	106.166905	106.133472	98.8539756	95.2775239	
19.0702	106.166905	106.133472	98.8539756	95.2775239	
19.08023	106.166905	106.133472	98.8539756	95.2775239	
19.0905	106.166905	106.133472	98.8539756	95.2775239	
19.10053	106.166905	106.133472	98.8539756	95.2775239	
19.11094	106.166905	106.133472	98.8539756	95.2775239	
19.12089	106.166905	106.133472	98.8539756	95.2775239	
19.131	106.166905	106.133472	98.8539756	95.2775239	
19.14111	106.166905	106.133472	98.8539756	95.2775239	
19.15129	106.166905	106.133472	98.8539756	95.2775239	
19.16146	106.166905	106.133472	98.8539756	95.2775239	
19.17163	106.166905	106.133472	98.8539756	95.2775239	
19.18175	106.166905	106.133472	98.8539756	95.2775239	
19.19189	106.166905	106.133472	98.8539756	95.2775239	
19.20205	106.166905	106.133472	98.8539756	95.2775239	
19.21221	106.166905	106.133472	98.8539756	95.2775239	
19.22268	106.166905	106.133472	98.8539756	95.2775239	
19.23259	106.166905	106.133472	98.8539756	95.2775239	
19.24275	106.166905	106.133472	98.8539756	95.2775239	
19.2529	106.166905	106.133472	98.8539756	95.2775239	
19.26307	106.166905	106.133472	98.8539756	95.2775239	
19.27323	106.166905	106.133472	98.8539756	95.2775239	
19.28342	106.166905	106.133472	98.8539756	95.2775239	
19.29356	106.166905	106.133472	98.8539756	95.2775239	
19.3037	106.166905	106.133472	98.8539756	95.2775239	
19.31386	106.166905	106.133472	98.8539756	95.2775239	
19.32439	106.166905	106.133472	98.8539756	95.2775239	
19.33426	106.166905	106.133472	98.8539756	95.2775239	
19.34434	106.166905	106.133472	98.8539756	95.2775239	
19.36436	106.166905	106.133472	98.8539756	95.2775239	
19.36924	106.166905	106.133472	98.8539756	95.2775239	
19.37908	106.166905	106.133472	98.8539756	95.2775239	
19.38922	106.166905	106.133472	98.8539756	95.2775239	
19.39945	106.166905	106.133472	98.8539756	95.2775239	
19.4095	106.166905	106.133472	98.8539756	95.2775239	
19.42209	106.166905	106.133472	98.8539756	95.2775239	
19.42992	106.166905	106.133472	98.8539756	95.2775239	
19.44032	106.166905	106.133472	98.8539756	95.2775239	
19.45026	106.166905	106.133472	98.8539756	95.2775239	
19.48026	106.166905	106.133472	98.8539756	95.2775239	
19.48782	106.166905	106.133472	98.8539756	95.2775239	
19.49766	106.166905	106.133472	98.8539756	95.2775239	
19.50795	106.166905	106.133472	98.8539756	95.2775239	
19.51804	106.166905	106.133472	98.8539756	95.2775239	
19.52918	106.166905	106.133472	98.8539756	95.2775239	
19.53908	106.166905	106.133472	98.8539756	95.2775239	
19.54928	106.166905	106.133472	98.8539756	95.2775239	
19.55949	106.166905	106.133472	98.8539756	95.2775239	
19.56957	106.166905	106.133472	98.8539756	95.2775239	
19.57971	106.166905	106.133472	98.8539756	95.2775239	
19.58989	106.166905	106.133472	98.8539756	95.2775239	
19.60009	106.166905	106.133472	98.8539756	95.2775239	
19.6102	106.166905	106.133472	98.8539756	95.2775239	
19.6397	106.166905	106.133472	98.8539756	95.2775239	
19.64424	106.166905	106.133472	98.8539756	95.2775239	
19.65442	106.166905	106.133472	98.8539756	95.2775239	
19.66453	106.166905	106.133472	98.8539756	95.2775239	
19.67472	106.166905	106.133472	98.8539756	95.2775239	
19.68489	106.166905	106.133472	98.8539756	95.2775239	
19.69499	106.166905	106.133472	98.8539756	95.2775239	
19.70519	106.166905	106.133472	98.8539756	95.2775239	
19.71529	106.166905	106.133472	98.8539756	95.2775239	
19.72548	106.166905	106.133472	98.8539756	95.2775239	
19.73596	106.166905	106.133472	98.8539756	95.2775239	
19.74603	106.166905	106.133472	98.8539756	95.2775239	
19.75623	106.166905	106.133472	98.8539756	95.2775239	
19.76643	106.166905	106.133472	98.8539756	95.2775239	
19.77648	106.166905	106.133472	98.8539756	95.2775239	
19.78672	106.166905	106.133472	98.8539756	95.2775239	
19.79688	106.166905	106.133472	98.8539756	95.2775239	
19.80704	106.166905	106.133472	98.8539756	95.2775239	
19.81717	106.166905	106.133472	98.8539756	95.2775239	
19.82732	106.166905	106.133472	98.8539756	95.2775239	
19.8379	106.166905	106.133472	98.8539756	95.2775239	
19.84798	106.166905	106.133472	98.8539756	95.2775239	
19.85812	106.166905	106.133472	98.8539756	95.2775239	
19.86826	106.166905	106.133472	98.8539756	95.2775239	
19.87841	106.166905	106.133472	98.8539756	95.2775239	
19.88856	106.166905	106.133472	98.8539756	95.2775239	
19.89879	106.166905	106.133472	98.8539756	95.2775239	
19.90898	106.166905	106.133472	98.8539756	95.2775239	
19.91907	106.166905	106.133472	98.8539756	95.2775239	
19.9294	106.166905	106.133472	98.8539756	95.2775239	
19.93963	106.166905	106.133472	98.8539756	95.2775239	
19.94967	106.166905	106.133472	98.8539756	95.2775239	
19.95982	106.166905	106.133472	98.8539756	95.2775239	
19.96994	106.166905	106.133472	98.8539756	95.2775239	
19.9884	106.166905	106.133472	98.8539756	95.2775239	
19.99296	106.166905	106.133472	98.8539756	95.2775239	
20.00311	106.166905	106.133472	98.8539756	95.2775239	
20.0133	106.166905	106.133472	98.8539756	95.2775239	
20.02347	106.166905	106.133472	98.8539756	95.2775239	
20.03361	106.166905	106.133472	98.8539756	95.2775239	
20.04401	106.166905	106.133472	98.8539756	95.2775239	
20.05423	106.166905	106.133472	98.8539756	95.2775239	
20.06428	106.166905	106.133472	98.8539756	95.2775239	
20.07439	106.166905	106.133472	98.8539756	95.2775239	
20.08463	106.166905	106.133472	98.8539756	95.2775239	
20.09475	106.166905	106.133472	98.8539756	95.2775239	
20.10491	106.166905	106.133472	98.8539756	95.2775239	
20.11505	106.166905	106.133472	98.8539756	95.2775239	
20.12518	106.166905	106.133472	98.8539756	95.2775239	
20.13539	106.166905	106.133472	98.8539756	95.2775239	
20.14585	106.166905	106.133472	98.8539756	95.2775239	
20.15568	106.166905	106.133472	98.8539756	95.2775239	
20.16586	106.166905	106.133472	98.8539756	95.2775239	
20.176	106.166905	106.133472	98.8539756	95.2775239	
20.18612	106.166905	106.133472	98.8539756	95.2775239	
20.19632	106.166905	106.133472	98.8539756	95.2775239	
20.20651	106.166905	106.133472	98.8539756	95.2775239	
20.21662	106.166905	106.133472	98.8539756	95.2775239	
20.22675	106.166905	106.133472	98.8539756	95.2775239	
20.2369	106.166905	106.133472	98.8539756	95.2775239	
20.2483	106.166905	106.133472	98.8539756	95.2775239	
20.25787	106.166905	106.133472	98.8539756	95.2775239	
20.26801	106.166905	106.133472	98.8539756	95.2775239	
20.27822	106.166905	106.133472	98.8539756	95.2775239	
20.28827	106.166905	106.133472	98.8539756	95.2775239	
20.29846	106.166905	106.133472	98.8539756	95.2775239	
20.30859	106.166905	106.133472	98.8539756	95.2775239	
20.31876	106.166905	106.133472	98.8539756	95.2775239	
20.32892	106.166905	106.133472	98.8539756	95.2775239	
20.33928	106.166905	106.133472	98.8539756	95.2775239	
20.35079	106.166905	106.133472	98.8539756	95.2775239	
20.36049	106.166905	106.133472	98.8539756	95.2775239	
20.37062	106.166905	106.133472	98.8539756	95.2775239	
20.38078	106.166905	106.133472	98.8539756	95.2775239	
20.39097	106.166905	106.133472	98.8539756	95.2775239	
20.40105	106.166905	106.133472	98.8539756	95.2775239	
20.41122	106.166905	106.133472	98.8539756	95.2775239	
20.42137	106.166905	106.133472	98.8539756	95.2775239	
20.43945	106.166905	106.133472	98.8539756	95.2775239	
20.44399	106.166905	106.133472	98.8539756	95.2775239	
20.45431	106.166905	106.133472	98.8539756	95.2775239	
20.46434	106.166905	106.133472	98.8539756	95.2775239	
20.4745	106.166905	106.133472	98.8539756	95.2775239	
20.48469	106.166905	106.133472	98.8539756	95.2775239	
20.49481	106.166905	106.133472	98.8539756	95.2775239	
20.50498	106.166905	106.133472	98.8539756	95.2775239	
20.51511	106.166905	106.133472	98.8539756	95.2775239	
20.52529	106.166905	106.133472	98.8539756	95.2775239	
20.53548	106.166905	106.133472	98.8539756	95.2775239	
20.54556	106.166905	106.133472	98.8539756	95.2775239	
20.55648	106.166905	106.133472	98.8539756	95.2775239	
20.5664	106.166905	106.133472	98.8539756	95.2775239	
20.57649	106.166905	106.133472	98.8539756	95.2775239	
20.58665	106.166905	106.133472	98.8539756	95.2775239	
20.5968	106.166905	106.133472	98.8539756	95.2775239	
20.60697	106.166905	106.133472	98.8539756	95.2775239	
20.61708	106.166905	106.133472	98.8539756	95.2775239	
20.62728	106.166905	106.133472	98.8539756	95.2775239	
20.63739	106.166905	106.133472	98.8539756	95.2775239	
20.65791	106.166905	106.133472	98.8539756	95.2775239	
20.66255	106.166905	106.133472	98.8539756	95.2775239	
20.68198	106.166905	106.133472	98.8539756	95.2775239	
20.69223	106.166905	106.133472	98.8539756	95.2775239	
