18.42116	
18.43158	
18.44158	
18.45177	
18.46198	
18.4722	
18.48241	
18.49262	
18.5111	
18.51571	
18.52592	
18.53622	
18.54632	
18.55653	
18.56669	
18.57692	
18.58711	
18.59737	
18.61581	
18.6204	
18.63062	
18.64084	
18.65102	
18.66122	
18.67142	
18.68161	
18.6918	
18.70199	
18.71221	
18.72252	
18.73263	
18.75114	
18.76439	
18.76898	
18.77921	
18.78954	
18.79964	
18.80987	
18.82005	
18.83026	
18.8489	
18.85359	
18.86374	
18.87391	
18.88417	
18.89437	
18.90473	
18.91493	
18.92508	
18.93535	
18.94561	
18.95575	
18.96603	
18.97617	
18.98644	
18.99658	
19.00695	
19.01696	
19.02717	
19.03734	
19.0559	
19.06049	
19.0707	
19.0809	
19.09108	
19.10127	
19.11153	
19.12172	
19.13194	
19.1421	
19.15237	
19.1625	
19.17271	
19.18303	
19.19314	
19.20335	
19.2136	
19.22374	
19.23395	
19.24413	
19.25442	
19.26472	
19.27514	
19.2851	
19.2954	
19.30558	
19.31578	
19.32607	
19.3363	
19.34648	
19.35662	
19.36688	
19.37707	
19.3872	
19.39764	
19.40778	
19.41796	
19.42815	
19.43839	
19.44869	
19.45882	
19.46903	
19.4793	
19.48944	
19.50016	
19.50993	
19.52011	
19.53031	
19.54054	
19.55076	
19.56096	
19.57119	
19.5814	
19.59164	
19.60229	
19.61208	
19.6223	
19.64082	
19.64549	
19.65564	
19.66582	
19.68426	
19.68897	
19.69919	
19.70939	
19.71958	
19.72979	
19.74	
19.75024	
19.76051	
19.77067	
19.78087	
19.79117	
19.80125	
19.81153	
19.82178	
19.83195	
19.84215	
19.85237	
19.86255	
19.87278	
19.88306	
19.89326	
19.90431	
19.91364	
19.92388	
19.93415	
19.94438	
19.95468	
19.9649	
19.97511	
19.98526	
19.99544	
20.00575	
20.01603	
20.02623	
20.03652	
20.0466	
20.05686	
20.06707	
20.07728	
20.0876	
20.09781	
20.10801	
20.11817	
20.12836	
20.13858	
20.14877	
20.15907	
20.1692	
20.17946	
20.18972	
20.19988	
20.2101	
20.22032	
20.23066	
20.24083	
20.251	
20.26122	
20.2715	
20.28228	
20.29184	
20.30205	
20.31226	
20.32279	
20.333	
20.3433	
20.35349	
20.36378	
20.37387	
20.38404	
20.39431	
20.40454	
20.41506	
20.42716	
20.4352	
20.44542	
20.45544	
20.46552	
20.47566	
20.4859	
20.49604	
20.50611	
20.51627	
20.52639	
20.53663	
20.5467	
20.55684	
20.56707	
20.57713	
20.58729	
20.60532	
20.60967	
20.61983	
20.62999	
20.64017	
20.6503	
20.66049	
20.67063	
20.68077	
20.69093	
20.70108	
20.71125	
20.72193	
20.73183	
20.74203	
20.75218	
20.76232	
20.77247	
20.78262	
20.79275	
20.8029	
20.81306	
20.82324	
20.83344	
20.84359	
20.85375	
20.86386	
20.87394	
20.88415	
20.89428	
20.90445	
20.91503	
20.9247	
20.9444	
20.94898	
20.95898	
20.96909	
20.97924	
20.9894	
20.99959	
21.00973	
21.01987	
21.03005	
21.0402	
21.05037	
21.06051	
21.07066	
21.0808	
21.09095	
21.10112	
21.11133	
21.12142	
21.13156	
21.14176	
21.15189	
21.16204	
21.17218	
21.18234	
21.19252	
21.20264	
21.21277	
21.22298	
21.23308	
21.24323	
21.25345	
21.26361	
21.2737	
21.28396	
21.29406	
21.3042	
21.31432	
21.32446	
21.33462	
21.34479	
21.35491	
21.36508	
21.37527	
21.38536	
21.39548	
21.40565	
21.41578	
21.43398	
21.43905	
21.44851	
21.4586	
21.46876	
21.47891	
21.48904	
21.4992	
21.50935	
21.51952	
21.52966	
21.53982	
21.54997	
21.56013	
21.57028	
21.58046	
21.59064	
21.6008	
21.61093	
21.62109	
21.63131	
21.6414	
21.65155	
21.66173	
21.67186	
21.68203	
21.69217	
21.70233	
21.71246	
21.72262	
21.73276	
21.74307	
21.75316	
21.76331	
21.77346	
21.7837	
21.7941	
21.80394	
21.8141	
21.82459	
21.83436	
21.84447	
21.85468	
21.86483	
21.87497	
21.88513	
21.89532	
21.90542	
21.91555	
21.92571	
21.93756	
21.94602	
21.95651	
21.96629	
21.97642	
21.98656	
21.99677	
22.00687	
22.01698	
22.02715	
22.03729	
22.04756	
22.05756	
22.06774	
22.07793	
22.08806	
22.09824	
22.10838	
22.11855	
22.12879	
22.13889	
22.14908	
22.15928	
22.16936	
22.17952	
22.18968	
22.1999	
22.20999	
22.22014	
22.23031	
22.24047	
22.25061	
22.26079	
22.27092	
22.28107	
22.29122	
22.30138	
22.31159	
22.32169	
22.33183	
22.34203	
22.35216	
22.36229	
22.37243	
22.3826	
22.39282	
22.40293	
22.41328	
22.42334	
22.43359	
22.44358	
22.45391	
22.46385	
22.474	
22.48421	
22.49435	
22.50445	
22.51478	
22.52481	
22.53491	
22.54505	
22.55517	
22.56532	
22.5755	
22.58562	
22.59576	
22.60597	
22.61737	
22.62659	
22.63637	
22.64647	
22.65663	
22.66682	
22.67691	
22.68707	
22.6972	
22.70736	
22.7275	
22.73183	
22.75201	
22.75639	
22.76649	
22.77673	
22.78681	
22.79693	
22.81193	238.972508	238.970481	208.315799	208.313773	
22.81757	238.973301	238.970481	208.316593	208.313773	
22.83546	238.978397	238.970481	208.321689	208.313773	
22.83997	238.979621	238.970481	208.322913	208.313773	
22.85012	238.983167	238.979208	208.326459	208.313773	
22.86031	238.987355	238.979208	208.330647	208.313773	
22.87043	238.992128	238.979208	208.335419	208.313773	
22.88064	238.997571	238.979208	208.340863	208.313773	
22.89074	239.003559	238.979208	208.346851	208.313773	
22.90087	239.010185	238.979208	208.353477	208.313773	
22.91317	239.019221	238.987934	208.362513	208.313773	
22.92127	239.025463	238.987934	208.368755	208.313773	
22.93137	239.033908	238.987934	208.3772	208.313773	
22.94159	239.043098	238.996661	208.386389	208.313773	
22.9517	239.052788	239.005388	208.396079	208.3225	
22.96191	239.063203	239.014114	208.406494	208.3225	
22.97203	239.074149	239.022841	208.41744	208.3225	
22.98222	239.085783	239.040294	208.429074	208.3225	
22.99235	239.097971	239.049021	208.441262	208.3225	
23.00247	239.110751	239.057748	208.454043	208.339953	
23.01264	239.124231	239.075201	208.467523	208.348679	
23.02284	239.138385	239.092654	208.481676	208.357406	
23.03304	239.153129	239.110108	208.496421	208.374859	
23.04318	239.168414	239.136287	208.511706	208.392313	
23.05333	239.184334	239.153741	208.527626	208.409766	
23.06378	239.201529	239.179921	208.544821	208.435946	
23.07365	239.21808	239.197374	208.561372	208.462126	
23.08378	239.235809	239.223554	208.579101	208.488306	
23.09399	239.254329	239.249734	208.59762	208.523212	
23.10409	239.273242	239.275914	208.616534	208.549392	
23.11417	239.29275	239.302094	208.636041	208.584299	
23.12443	239.313233	239.337	208.656524	208.619205	
23.13461	239.334156	239.36318	208.677448	208.645385	
23.14481	239.355776	239.38936	208.699068	208.680292	
23.15489	239.377717	239.424267	208.721009	208.706472	
23.1652	239.400819	239.450447	208.744111	208.741379	
23.17525	239.423925	239.476627	208.767217	208.767558	
23.18534	239.447754	239.511533	208.791046	208.802465	
23.19549	239.472333	239.537713	208.815625	208.828645	
23.20561	239.497458	239.563893	208.84075	208.846098	
23.21578	239.52334	239.5988	208.866631	208.872278	
23.22604	239.550061	239.62498	208.893353	208.898458	
23.23618	239.577082	239.65116	208.920374	208.915911	
23.24633	239.604774	239.668613	208.948065	208.942091	
23.2564	239.632813	239.703519	208.976105	208.968271	
23.26677	239.662383	239.720973	209.005675	208.985725	
23.27671	239.69139	239.747153	209.034681	209.011905	
23.28688	239.72151	239.773333	209.064801	209.029358	
23.29704	239.752275	239.790786	209.095567	209.055538	
23.30714	239.783521	239.808239	209.126813	209.072991	
23.32799	239.851299	239.843146	209.19459	209.125351	
23.33279	239.866778	239.860599	209.210069	209.134078	
23.34276	239.899711	239.878052	209.243002	209.160258	
23.35297	239.9341	239.895506	209.277392	209.195164	
23.36302	239.968535	239.912959	209.311826	209.221344	
23.37321	240.004094	239.939139	209.347386	209.256251	
23.38346	240.040459	239.965319	209.383751	209.282431	
23.39352	240.07678	239.991499	209.420072	209.326064	
23.40369	240.114092	240.026405	209.457384	209.36097	
23.41389	240.152204	240.061312	209.495496	209.395877	
23.42651	240.20037	240.096219	209.543661	209.43951	
23.43433	240.230433	240.139852	209.573725	209.483143	
23.44498	240.272208	240.192212	209.615499	209.526777	
23.45511	240.312508	240.235845	209.6558	209.579137	
23.46521	240.3533	240.279478	209.696591	209.62277	
23.4754	240.395089	240.331838	209.73838	209.666403	
23.48554	240.437275	240.392925	209.780567	209.718763	
23.49573	240.480337	240.454011	209.823629	209.762396	
23.50588	240.523821	240.506371	209.867113	209.814756	
23.51602	240.567835	240.567457	209.911127	209.858389	
23.52903	240.625576	240.628544	209.968868	209.919476	
23.53628	240.657837	240.680904	210.001129	209.963109	
23.54647	240.703999	240.74199	210.04729	210.015469	
23.55661	240.750522	240.79435	210.093813	210.067829	
23.56672	240.797524	240.855437	210.140815	210.120189	
23.57702	240.846061	240.907797	210.189353	210.172549	
23.58711	240.894195	240.960157	210.237486	210.216182	
23.59726	240.943195	241.012516	210.286486	210.277268	
23.61529	241.03274	241.099783	210.376032	210.364535	
23.61979	241.054968	241.117236	210.39826	210.381988	
23.63168	241.115	241.160869	210.458291	210.434348	
23.64022	241.158413	241.204503	210.501705	210.486708	
23.6503	241.210298	241.248136	210.55359	210.530341	
23.66047	241.263312	241.291769	210.606603	210.582701	
23.67063	241.316876	241.335402	210.660168	210.626334	
23.68087	241.371543	241.379036	210.714835	210.678694	
23.69094	241.425836	241.413942	210.769128	210.731054	
23.7011	241.481281	241.457575	210.824572	210.774687	
23.71129	241.537462	241.501209	210.880754	210.827047	
23.72138	241.593762	241.553568	210.937054	210.87068	
23.73156	241.651143	241.597202	210.994434	210.931767	
23.74215	241.711573	241.640835	211.054865	210.9754	
23.75192	241.767806	241.693195	211.111097	211.036487	
23.76204	241.826738	241.745555	211.170029	211.088846	
23.77232	241.887199	241.797915	211.230491	211.149933	
23.78251	241.947768	241.867728	211.29106	211.211019	
23.79265	242.008693	241.928814	211.351985	211.263379	
23.80281	242.070284	241.989901	211.413576	211.324466	
23.81297	242.132562	242.059714	211.475854	211.394279	
23.82305	242.194889	242.129527	211.538181	211.455366	
23.83346	242.259962	242.19934	211.603254	211.525179	
23.84371	242.324731	242.269153	211.668023	211.594992	
23.85382	242.389104	242.347693	211.732396	211.664805	
23.86394	242.454154	242.426233	211.797446	211.734618	
23.87411	242.520181	242.496046	211.863472	211.813158	
23.8842	242.586375	242.583313	211.929667	211.882971	
23.89441	242.653893	242.653126	211.997185	211.952784	
23.90459	242.721893	242.740392	212.065185	212.022598	
23.9147	242.789963	242.810206	212.133255	212.101137	
23.92486	242.859066	242.888745	212.202357	212.179677	
23.93532	242.930819	242.967285	212.27411	212.24949	
23.9455	243.001319	243.045825	212.344611	212.32803	
23.95542	243.070504	243.124365	212.413796	212.397843	
23.96554	243.141784	243.194178	212.485075	212.476383	
23.9757	243.213972	243.263991	212.557264	212.546196	
23.98608	243.288334	243.333804	212.631626	212.616009	
23.99605	243.360342	243.412344	212.703633	212.685823	
24.00618	243.434184	243.482157	212.777476	212.755636	
24.01625	243.50813	243.543244	212.851422	212.825449	
24.02639	243.583216	243.613057	212.926508	212.895262	
24.03678	243.661164	243.68287	213.004456	212.965075	
24.048	243.745468	243.76141	213.08876	213.052342	
24.05812	243.82234	243.831223	213.165631	213.122155	
24.06828	243.900189	243.901036	213.243481	213.191968	
24.07858	243.979682	243.970849	213.322974	213.270508	
24.08861	244.057693	244.040663	213.400985	213.340321	
24.09875	244.137204	244.119202	213.480496	213.418861	
24.1089	244.217716	244.189016	213.561007	213.488674	
24.11908	244.298528	244.267555	213.641819	213.567214	
24.12918	244.379568	244.337369	213.72286	213.65448	
24.13938	244.462013	244.415908	213.805305	213.73302	
24.15087	244.555791	244.511902	213.899083	213.820287	
24.1611	244.63978	244.590441	213.983071	213.907553	
24.1712	244.723358	244.677708	214.066649	213.99482	
24.18135	244.808003	244.764974	214.151295	214.073359	
24.19157	244.893878	244.852241	214.237169	214.160626	
24.20169	244.979456	244.939507	214.322748	214.247892	
24.21183	245.065821	245.0355	214.409113	214.335159	
24.22203	245.153341	245.131493	214.496632	214.431152	
24.23216	245.240855	245.227487	214.584147	214.518418	
24.24227	245.328862	245.32348	214.672154	214.605685	
24.25353	245.427703	245.428199	214.770995	214.710405	
24.26374	245.517846	245.532919	214.861138	214.806398	
24.27375	245.606862	245.628912	214.950154	214.893664	
24.28394	245.698107	245.733632	215.041399	214.989657	
24.29412	245.789894	245.829625	215.133186	215.08565	
24.30428	245.881982	245.934345	215.225274	215.181643	
24.3144	245.974522	246.030338	215.317814	215.277637	
24.32461	246.068327	246.126331	215.411619	215.37363	
24.3347	246.161804	246.231051	215.505095	215.469623	
24.34521	246.259817	246.318317	215.603108	215.565616	
24.35616	246.36259	246.431764	215.705881	215.670336	
24.36636	246.458932	246.527757	215.802224	215.766329	
24.37644	246.554756	246.62375	215.898048	215.862322	
24.38656	246.651528	246.719743	215.994819	215.958315	
24.39678	246.749972	246.80701	216.093264	216.054308	
24.40689	246.847949	246.903003	216.191241	216.150301	
24.41707	246.947257	246.990269	216.290549	216.246294	
24.42723	247.04689	247.077536	216.390182	216.342287	
24.43741	247.147471	247.173529	216.490763	216.447007	
24.44801	247.252817	247.260795	216.596109	216.543	
24.45898	247.362585	247.356788	216.705876	216.656447	
24.46912	247.464619	247.444055	216.807911	216.743713	
24.47933	247.568026	247.531321	216.911318	216.839706	
24.4894	247.670467	247.627314	217.013758	216.944426	
24.49962	247.775261	247.714581	217.118553	217.049146	
24.50973	247.879476	247.810574	217.222768	217.145139	
24.51989	247.984745	247.906567	217.328036	217.249859	
24.53006	248.090852	248.00256	217.434144	217.345852	
24.54019	248.197031	248.10728	217.540322	217.450572	
24.55041	248.304984	248.212	217.648276	217.555291	
24.56177	248.425609	248.334173	217.768901	217.677464	
24.57193	248.534176	248.438892	217.877468	217.782184	
24.58208	248.643223	248.552339	217.986514	217.89563	
24.59222	248.752746	248.674512	218.096038	218.009077	
24.60238	248.86305	248.787958	218.206342	218.122523	
24.61253	248.973951	248.910131	218.317243	218.23597	
24.62277	249.086467	249.023578	218.429759	218.358143	
24.633	249.199479	249.154477	218.542771	218.471589	
24.64308	249.311361	249.27665	218.654652	218.585036	
24.65385	249.431781	249.40755	218.775073	218.715935	
24.66441	249.550405	249.547176	218.893697	218.838108	
24.67449	249.664299	249.669349	219.007591	218.960281	
24.68467	249.779925	249.791523	219.123216	219.073728	
24.69483	249.895873	249.922422	219.239164	219.195901	
24.70524	250.015449	250.053322	219.35874	219.318074	
24.71626	250.146005	250.175495	219.489296	219.43152	
24.72526	250.247053	250.297668	219.590345	219.553693	
24.73553	250.36679	250.428568	219.710082	219.66714	
24.74556	250.484349	250.550741	219.82764	219.789313	
24.75573	250.604196	250.672914	219.947488	219.911486	
24.76702	250.738116	250.803814	220.081408	220.042385	
24.77723	250.859658	250.925987	220.20295	220.155832	
24.78742	250.981692	251.04816	220.324983	220.278005	
24.7975	251.102736	251.170333	220.446027	220.400178	
24.80802	251.228868	251.292506	220.572159	220.522351	
24.81809	251.34978	251.397225	220.693071	220.644524	
24.82824	251.471556	251.519399	220.814847	220.766697	
24.83845	251.594016	251.641572	220.937307	220.88887	
24.84853	251.714988	251.755018	221.058279	221.002317	
24.85875	251.837748	251.877191	221.181039	221.12449	
24.86993	251.971944	252.008091	221.315235	221.264116	
24.88017	252.094716	252.121537	221.438007	221.386289	
24.89019	252.215004	252.234983	221.558295	221.508462	
24.90038	252.337248	252.357157	221.680539	221.630635	
24.91049	252.45852	252.47933	221.801811	221.752808	
24.9207	252.58104	252.601503	221.924331	221.866255	
24.93083	252.70266	252.714949	222.045951	221.997154	
24.94119	252.830748	252.837122	222.174039	222.110601	
24.95119	252.946896	252.959295	222.290187	222.2415	
24.96127	253.067964	253.072742	222.411255	222.354947	
24.97256	253.20336	253.212368	222.546651	222.494573	
24.98275	253.325628	253.334541	222.668919	222.616746	
24.99294	253.447944	253.456714	222.791235	222.738919	
25.00303	253.569024	253.578887	222.912315	222.861092	
25.01314	253.690392	253.70106	223.033683	222.983265	
25.02332	253.812432	253.814506	223.155723	223.105438	
25.03349	253.934544	253.93668	223.277835	223.227611	
25.04363	254.056248	254.050126	223.399539	223.349784	
25.05378	254.178024	254.172299	223.521315	223.471957	
25.06393	254.299824	254.294472	223.643115	223.59413	
25.07529	254.436156	254.425372	223.779447	223.72503	
25.08544	254.557968	254.538818	223.901259	223.847203	
25.09563	254.680176	254.660991	224.023467	223.969376	
25.10569	254.800932	254.783164	224.144223	224.091549	
25.11623	254.927448	254.905337	224.270739	224.213722	
25.12613	255.046272	255.018784	224.389563	224.335895	
25.13617	255.166704	255.140957	224.509995	224.458068	
25.14642	255.289848	255.26313	224.633139	224.588968	
25.15648	255.410472	255.385303	224.753763	224.711141	
25.16679	255.534132	255.498749	224.877423	224.833314	
25.17907	255.681528	255.647102	225.024819	224.972941	
25.18879	255.79812	255.769275	225.141411	225.10384	
25.19894	255.91992	255.891448	225.263211	225.217287	
25.20913	256.042188	256.022348	225.385479	225.348186	
25.2193	256.164276	256.144521	225.507567	225.470359	
25.22945	256.28604	256.266694	225.629331	225.592532	
25.23973	256.40946	256.388867	225.752751	225.705979	
25.24978	256.52994	256.519767	225.873231	225.836879	
25.25988	256.651176	256.64194	225.994467	225.950325	
25.27008	256.773624	256.77284	226.116915	226.072498	
25.28134	256.908828	256.912466	226.252119	226.212124	
25.2915	257.030688	257.034639	226.373979	226.334297	
25.30165	257.15244	257.156812	226.495731	226.447744	
25.31187	257.275092	257.287712	226.618383	226.569917	
25.32195	257.39604	257.409885	226.739331	226.69209	
25.33215	257.51856	257.540784	226.861851	226.814263	
25.34234	257.64072	257.662957	226.984011	226.927709	
25.35246	257.762136	257.785131	227.105427	227.058609	
25.36259	257.883792	257.907304	227.227083	227.172055	
25.3727	258.005088	258.029477	227.348379	227.302955	
25.38403	258.141012	258.169103	227.484303	227.433855	
25.39417	258.26274	258.300003	227.606031	227.556028	
25.40428	258.383976	258.422176	227.727267	227.686928	
25.41446	258.50622	258.544349	227.849511	227.809101	
25.42502	258.632904	258.666522	227.976195	227.931274	
25.43472	258.749256	258.788695	228.092547	228.053447	
25.44552	258.879024	258.910868	228.222315	228.17562	
25.45516	258.994548	259.033041	228.337839	228.297793	
25.46518	259.114812	259.155214	228.458103	228.428693	
25.47529	259.236168	259.26866	228.579459	228.542139	
25.48661	259.37202	259.408287	228.715311	228.673039	
25.49679	259.494132	259.53046	228.837423	228.803938	
25.5069	259.615416	259.643906	228.958707	228.917385	
25.51704	259.737156	259.757353	229.080447	229.039558	
25.52723	259.859436	259.879526	229.202727	229.161731	
25.53741	259.981524	259.992972	229.324815	229.283904	
25.54756	260.103384	260.106418	229.446675	229.406077	
25.55772	260.22528	260.219865	229.568571	229.52825	
25.56788	260.347152	260.333311	229.690443	229.650423	
25.57802	260.46894	260.446758	229.812231	229.763869	
25.58935	260.604888	260.568931	229.948179	229.894769	
25.5996	260.727912	260.682377	230.071203	230.016942	
25.60964	260.848356	260.80455	230.191647	230.139115	
25.61979	260.970132	260.926723	230.313423	230.252562	
25.62994	261.091908	261.04017	230.435199	230.374735	
25.64013	261.214188	261.162343	230.557479	230.496908	
25.6503	261.336276	261.275789	230.679567	230.619081	
25.66043	261.457836	261.397962	230.801127	230.732527	
25.6706	261.579924	261.520135	230.923215	230.863427	
25.68074	261.701544	261.651035	231.044835	230.9856	
25.69201	261.836772	261.790661	231.180063	231.1165	
25.70221	261.959172	261.912834	231.302463	231.247399	
25.71228	262.080072	262.043734	231.423363	231.369572	
25.7225	262.202628	262.165907	231.545919	231.491745	
25.73258	262.323588	262.296807	231.666879	231.613918	
25.74278	262.446084	262.427706	231.789375	231.744818	
25.75299	262.568532	262.558606	231.911823	231.866991	
25.76308	262.689576	262.689506	232.032867	231.989164	
25.77328	262.812096	262.811679	232.155387	232.111337	
25.78334	262.932744	262.942578	232.276035	232.23351	
25.79471	263.06922	263.090931	232.412511	232.373137	
25.80487	263.191068	263.213104	232.534359	232.49531	
25.81499	263.312532	263.335278	232.655823	232.617483	
25.82519	263.434908	263.466177	232.778199	232.748382	
25.83531	263.556396	263.58835	232.899687	232.861829	
25.84545	263.67804	263.71925	233.021331	232.992728	
25.85571	263.801232	263.841423	233.144523	233.114902	
25.86576	263.921772	263.963596	233.265063	233.237075	
25.87594	264.043884	264.085769	233.387175	233.350521	
25.88654	264.171204	264.207942	233.514495	233.481421	
25.90562	264.400188	264.443562	233.743479	233.708313	
25.91024	264.455508	264.495921	233.798799	233.7694	
25.92035	264.576852	264.618095	233.920143	233.882846	
25.93047	264.698292	264.731541	234.041583	234.005019	
25.94084	264.822816	264.853714	234.166107	234.127193	
25.95083	264.942612	264.975887	234.285903	234.249366	
25.96122	265.06734	265.09806	234.410631	234.362812	
25.97112	265.186152	265.220233	234.529443	234.484985	
25.98125	265.307616	265.33368	234.650907	234.607158	
25.99144	265.429956	265.455853	234.773247	234.729331	
26.00167	265.552812	265.569299	234.896103	234.842778	
26.01179	265.674168	265.691472	235.017459	234.964951	
26.0219	265.795476	265.813645	235.138767	235.087124	
26.03209	265.917732	265.927091	235.261023	235.20057	
26.04219	266.03892	266.040538	235.382211	235.322743	
26.05239	266.161344	266.162711	235.504635	235.444916	
26.06255	266.283312	266.276157	235.626603	235.567089	
26.07271	266.405196	266.389604	235.748487	235.689262	
26.08285	266.526816	266.511777	235.870107	235.811435	
26.09297	266.648244	266.625223	235.991535	235.933608	
26.10371	266.777184	266.747396	236.120475	236.055781	
26.11379	266.898168	266.860843	236.241459	236.177954	
26.12391	267.018621	266.983016	236.361912	236.300127	
26.13407	267.139016	267.096462	236.482308	236.4223	
26.14416	267.258	267.218635	236.601292	236.544474	
26.15438	267.377809	267.332082	236.7211	236.666647	
26.16456	267.496601	267.454255	236.839893	236.78882	
26.17471	267.614407	267.576428	236.957699	236.910993	
26.18483	267.731289	267.698601	237.074581	237.033166	
26.19521	267.850523	267.820774	237.193814	237.155339	
26.20528	267.965623	267.951673	237.308915	237.286238	
26.21548	268.081404	268.073846	237.424696	237.399685	
26.22559	268.195636	268.19602	237.538927	237.530585	
26.23571	268.309504	268.318193	237.652795	237.644031	
26.25422	268.515083	268.440366	237.858375	237.766204	
26.25877	268.565633	268.588719	237.908925	237.914557	
26.2689	268.67751	268.710892	238.020801	238.028003	
26.27909	268.789526	268.833065	238.132818	238.14145	
26.28928	268.900837	268.955238	238.244128	238.254896	
26.29946	269.011356	269.068684	238.354648	238.368343	
26.31	269.125285	269.190857	238.468577	238.481789	
26.31985	269.231033	269.304304	238.574325	238.586509	
26.32993	269.338662	269.409023	238.681954	238.691229	
26.34006	269.446329	269.52247	238.78962	238.795948	
26.35029	269.554273	269.627189	238.897565	238.900668	
26.36042	269.660731	269.731909	239.004023	239.005388	
26.37056	269.766505	269.836629	239.109797	239.101381	
26.38072	269.872038	269.941349	239.215329	239.206101	
26.39088	269.976832	270.037342	239.320124	239.302094	
26.4011	270.081663	270.142062	239.424955	239.406813	
26.41128	270.185509	270.229328	239.5288	239.502807	
26.42143	270.288405	270.334048	239.631697	239.5988	
26.43162	270.391068	270.421314	239.734359	239.703519	
26.44176	270.492586	270.508581	239.835878	239.799513	
26.45192	270.59372	270.604574	239.937012	239.904232	
26.46205	270.693917	270.700567	240.037208	240.000225	
26.47216	270.793415	270.787833	240.136707	240.104945	
26.48234	270.892944	270.8751	240.236235	240.200938	
26.4925	270.991547	270.971093	240.334839	240.296931	
26.50262	271.08928	271.067086	240.432571	240.401651	
26.51344	271.193098	271.163079	240.536389	240.497644	
26.52348	271.288681	271.259072	240.631972	240.602364	
26.53364	271.384894	271.355065	240.728186	240.68963	
26.54387	271.481118	271.451059	240.82441	240.785624	
26.55392	271.575164	271.547052	240.918456	240.890343	
26.56409	271.669529	271.643045	241.012821	240.986336	
26.5743	271.763718	271.747765	241.10701	241.073603	
26.58438	271.85618	271.843758	241.199472	241.169596	
26.5946	271.949246	271.939751	241.292538	241.265589	
26.60504	272.043625	272.035744	241.386916	241.352856	
26.61607	272.142713	272.14919	241.486004	241.457575	
26.62628	272.233747	272.236457	241.577039	241.553568	
26.63629	272.322382	272.33245	241.665674	241.649562	
26.64643	272.411625	272.428443	241.754916	241.736828	
26.65678	272.502063	272.515709	241.845355	241.832821	
26.66673	272.58837	272.611703	241.931662	241.920088	
26.67687	272.675727	272.698969	242.019018	242.007354	
26.68706	272.762905	272.786235	242.106197	242.094621	
26.69727	272.849669	272.864775	242.19296	242.181887	
26.72533	273.082039	273.021855	242.42533	242.338967	
26.72995	273.120438	273.135301	242.46373	242.46114	
26.74019	273.204731	273.213841	242.548023	242.548406	
26.75029	273.2874	273.301108	242.630692	242.635673	
26.76042	273.369672	273.379647	242.712964	242.714212	
26.77063	273.451997	273.458187	242.795289	242.801479	
26.78071	273.532651	273.536727	242.875943	242.880019	
26.79088	273.613347	273.615267	242.956639	242.958559	
26.80101	273.693196	273.693807	243.036488	243.045825	
26.81119	273.772824	273.772346	243.116115	243.124365	
26.82134	273.851553	273.84216	243.194844	243.194178	
26.83156	273.93028	273.920699	243.273572	243.272718	
26.84171	274.007867	273.999239	243.351159	243.351258	
26.85185	274.084671	274.069052	243.427962	243.429797	
26.86196	274.160717	274.138866	243.504009	243.508337	
26.87215	274.236762	274.217405	243.580054	243.57815	
26.88234	274.312118	274.295945	243.65541	243.647964	
26.89246	274.386389	274.365758	243.72968	243.717777	
26.90283	274.461871	274.435572	243.805162	243.796317	
26.91295	274.534906	274.514111	243.878198	243.86613	
26.92314	274.607815	274.583925	243.951107	243.94467	
26.93333	274.680153	274.653738	244.023444	244.014483	
26.94353	274.751916	274.732278	244.095208	244.084296	
26.95367	274.822617	274.802091	244.165909	244.154109	
26.96379	274.892621	274.871904	244.235913	244.223922	
26.9739	274.962006	274.941717	244.305298	244.293735	
26.98414	275.03159	275.01153	244.374881	244.354822	
26.99425	275.099656	275.081343	244.442948	244.424635	
27.00456	275.168502	275.151157	244.511793	244.485722	
27.01461	275.234996	275.22097	244.578288	244.555535	
27.02504	275.303311	275.29951	244.646602	244.625348	
27.0349	275.36739	275.369323	244.710682	244.695161	
27.04504	275.432628	275.439136	244.77592	244.756248	
27.05515	275.497133	275.508949	244.840425	244.826061	
27.06536	275.561588	275.570036	244.904879	244.887147	
27.07549	275.624971	275.639849	244.968263	244.956961	
27.08565	275.687937	275.709662	245.031229	245.018047	
27.09594	275.75105	275.770748	245.094341	245.08786	
27.106	275.812179	275.840562	245.15547	245.148947	
27.11611	275.873024	275.901648	245.216316	245.21876	
27.1267	275.936081	275.962735	245.279373	245.279846	
27.13694	275.996388	276.023821	245.339679	245.340933	
27.14709	276.0556	276.084908	245.398892	245.402019	
27.15723	276.114148	276.145994	245.45744	245.463106	
27.16738	276.172152	276.198354	245.515444	245.524193	
27.17794	276.23185	276.259441	245.575142	245.585279	
27.18786	276.287294	276.311801	245.630585	245.637639	
27.19802	276.343569	276.36416	245.68686	245.689999	
27.2082	276.399261	276.41652	245.742553	245.742359	
27.21834	276.454174	276.477607	245.797465	245.803445	
27.22853	276.508723	276.52124	245.852014	245.847078	
27.23969	276.56769	276.582327	245.910981	245.908165	
27.24981	276.62064	276.634686	245.963932	245.960525	
27.25995	276.672997	276.67832	246.016289	246.012885	
27.27006	276.724676	276.73068	246.067967	246.056518	
27.2802	276.775901	276.774313	246.119193	246.108878	
27.29039	276.826738	276.826673	246.17003	246.161238	
27.30054	276.876791	276.879033	246.220082	246.204871	
27.31072	276.926367	276.922666	246.269658	246.257231	
27.32089	276.975282	276.975026	246.318574	246.300864	
27.33097	277.023176	277.018659	246.366468	246.353224	
27.3423	277.076237	277.079745	246.419529	246.405584	
27.35246	277.123237	277.123379	246.466528	246.449217	
27.36258	277.169415	277.175739	246.512707	246.501577	
27.37273	277.215149	277.228098	246.558441	246.54521	
27.38285	277.260157	277.271732	246.603449	246.59757	
27.39308	277.305081	277.324091	246.648373	246.641203	
27.40318	277.348777	277.367725	246.692068	246.684836	
27.41336	277.392431	277.420085	246.735723	246.72847	
27.42362	277.435432	277.463718	246.778724	246.78083	
27.4338	277.477932	277.507351	246.821224	246.824463	
27.44511	277.523816	277.559711	246.867108	246.868096	
27.45528	277.564734	277.594618	246.908026	246.911729	
27.46542	277.6049	277.638251	246.948192	246.955363	
27.47552	277.644341	277.681884	246.987633	246.990269	
27.4857	277.683521	277.716791	247.026813	247.033902	
27.50386	277.750995	277.760424	247.094287	247.068809	
27.50839	277.767884	277.804057	247.111176	247.121169	
27.51855	277.805016	277.838964	247.148308	247.156075	
27.52868	277.841449	277.87387	247.18474	247.190982	
27.53883	277.877353	277.908777	247.220645	247.225889	
27.54905	277.912881	277.943683	247.256173	247.260795	
27.55923	277.947666	277.97859	247.290958	247.295702	
27.56947	277.982053	278.00477	247.325344	247.321882	
27.57953	278.01523	278.03095	247.358522	247.356788	
27.58972	278.048262	278.065856	247.391554	247.382968	
27.59995	278.080801	278.092036	247.424092	247.417875	
27.61002	278.112254	278.118216	247.455546	247.444055	
27.62017	278.143361	278.144396	247.486653	247.470235	
27.63031	278.173869	278.170576	247.517161	247.505141	
27.6405	278.203876	278.196756	247.547168	247.531321	
27.65072	278.233388	278.222936	247.57668	247.557501	
27.66088	278.262125	278.240389	247.605417	247.583681	
27.67108	278.290385	278.266569	247.633676	247.609861	
27.68127	278.318019	278.284023	247.66131	247.636041	
27.69133	278.344729	278.310203	247.688021	247.662221	
27.70152	278.371174	278.327656	247.714465	247.688401	
27.71165	278.396867	278.345109	247.740159	247.714581	
27.72185	278.42214	278.362562	247.765432	247.740761	
27.73198	278.446663	278.388742	247.789954	247.766941	
27.74213	278.470636	278.406196	247.813928	247.793121	
27.75336	278.496545	278.432376	247.839836	247.810574	
27.76344	278.519008	278.449829	247.8623	247.836754	
27.77364	278.541279	278.476009	247.884571	247.862934	
27.78375	278.562751	278.493462	247.906042	247.880387	
27.79394	278.583818	278.519642	247.92711	247.906567	
27.80402	278.604069	278.545822	247.947361	247.92402	
27.81415	278.623847	278.572002	247.967139	247.941474	
27.82433	278.643129	278.598182	247.98642	247.958927	
27.83444	278.661716	278.624362	248.005008	247.97638	
27.84503	278.680536	278.650542	248.023828	248.00256	
27.85604	278.699415	278.676722	248.042707	248.020013	
27.86611	278.716119	278.702902	248.059411	248.037467	
27.87627	278.732396	278.729082	248.075687	248.05492	
27.88632	278.747942	278.746535	248.091233	248.072373	
27.89671	278.763421	278.772715	248.106713	248.0811	
27.90665	278.77766	278.790168	248.120952	248.10728	
27.91679	278.791631	278.816348	248.134922	248.116006	
27.92694	278.805044	278.833801	248.148336	248.13346	
27.93706	278.817859	278.851255	248.161151	248.150913	
27.94728	278.830237	278.859981	248.173528	248.15964	
27.95869	278.843293	278.868708	248.186585	248.177093	
27.96882	278.854362	278.886161	248.197654	248.18582	
27.97894	278.864866	278.894888	248.208158	248.194546	
27.98906	278.874829	278.903614	248.21812	248.203273	
27.99927	278.884314	278.903614	248.227605	248.220726	
28.00948	278.893254	278.912341	248.236546	248.220726	
28.01957	278.901552	278.912341	248.244844	248.229453	
28.02975	278.909388	278.921068	248.25268	248.23818	
28.03996	278.916704	278.921068	248.259995	248.23818	
28.05028	278.923552	278.921068	248.266844	248.246906	
28.06127	278.930241	278.921068	248.273533	248.246906	
28.07141	278.935883	278.921068	248.279175	248.246906	
28.08164	278.941078	278.921068	248.28437	248.246906	
28.09179	278.945745	278.921068	248.289036	248.246906	
28.10189	278.94991	278.921068	248.293202	248.246906	
28.11212	278.953647	278.921068	248.296939	248.246906	
28.1222	278.956884	278.921068	248.300176	248.246906	
28.13236	278.959703	278.921068	248.302995	248.246906	
28.14257	278.96211	278.921068	248.305402	248.246906	
28.1527	278.964108	278.921068	248.3074	248.246906	
28.16407	278.965859	278.921068	248.309151	248.246906	
28.17421	278.970481	278.921068	248.313773	248.246906	
28.18437	278.970481	278.921068	248.313773	248.246906	
28.19448	278.970481	278.921068	248.313773	248.246906	
28.20504	278.970481	278.921068	248.313773	248.246906	
28.21486	278.970481	278.921068	248.313773	248.246906	
28.22496	278.970481	278.921068	248.313773	248.246906	
28.23512	278.970481	278.921068	248.313773	248.246906	
28.24523	278.970481	278.921068	248.313773	248.246906	
28.25541	278.970481	278.921068	248.313773	248.246906	
28.26673	278.970481	278.921068	248.313773	248.246906	
28.2769	278.970481	278.921068	248.313773	248.246906	
28.28704	278.970481	278.921068	248.313773	248.246906	
28.29715	278.970481	278.921068	248.313773	248.246906	
28.31567	278.970481	278.921068	248.313773	248.246906	
28.32031	278.970481	278.921068	248.313773	248.246906	
28.33038	278.970481	278.921068	248.313773	248.246906	
28.34053	278.970481	278.929794	248.313773	248.246906	
28.35071	278.970481	278.929794	248.313773	248.246906	
28.36098	278.970481	278.938521	248.313773	248.246906	
28.37107	278.970481	278.947248	248.313773	248.246906	
28.38121	278.970481	278.955974	248.313773	248.246906	
28.39138	278.970481	278.955974	248.313773	248.246906	
28.40157	278.970481	278.964701	248.313773	248.246906	
28.41168	278.970481	278.973428	248.313773	248.246906	
28.42186	278.970481	278.973428	248.313773	248.246906	
28.43209	278.970481	278.964701	248.313773	248.246906	
28.44239	278.970481	278.964701	248.313773	248.246906	
28.45303	278.970481	278.964701	248.313773	248.246906	
28.46317	278.970481	278.955974	248.313773	248.246906	
28.4735	278.970481	278.955974	248.313773	248.246906	
28.48351	278.970481	278.955974	248.313773	248.246906	
28.49367	278.970481	278.955974	248.313773	248.246906	
28.50388	278.970481	278.955974	248.313773	248.246906	
28.51392	278.970481	278.955974	248.313773	248.246906	
28.52408	278.970481	278.955974	248.313773	248.246906	
28.53427	278.970481	278.955974	248.313773	248.246906	
28.54443	278.970481	278.955974	248.313773	248.246906	
28.55461	278.970481	278.955974	248.313773	248.246906	
28.56503	278.970481	278.955974	248.313773	248.246906	
28.58303	278.970481	278.955974	248.313773	248.246906	
28.58767	278.970481	278.955974	248.313773	248.246906	
28.59783	278.970481	278.955974	248.313773	248.246906	
28.60802	278.970481	278.955974	248.313773	248.246906	
28.61816	278.970481	278.955974	248.313773	248.246906	
28.62832	278.970481	278.955974	248.313773	248.246906	
28.63851	278.970481	278.955974	248.313773	248.246906	
28.64865	278.970481	278.955974	248.313773	248.246906	
28.65877	278.970481	278.955974	248.313773	248.246906	
28.66894	278.970481	278.955974	248.313773	248.246906	
28.67915	278.970481	278.955974	248.313773	248.246906	
28.68939	278.970481	278.955974	248.313773	248.246906	
28.69947	278.970481	278.955974	248.313773	248.246906	
28.70959	278.970481	278.955974	248.313773	248.246906	
28.73171	278.970481	278.955974	248.313773	248.246906	
28.73636	278.970481	278.955974	248.313773	248.246906	
28.74641	278.970481	278.955974	248.313773	248.246906	
28.75652	278.970481	278.955974	248.313773	248.246906	
28.76678	278.970481	278.955974	248.313773	248.246906	
28.77909	278.970481	278.955974	248.313773	248.246906	
28.78735	278.970481	278.955974	248.313773	248.246906	
28.79719	278.970481	278.955974	248.313773	248.246906	
28.80738	278.970481	278.955974	248.313773	248.246906	
28.81754	278.970481	278.955974	248.313773	248.246906	
28.82797	278.970481	278.955974	248.313773	248.246906	
28.83801	278.970481	278.955974	248.313773	248.246906	
28.84821	278.970481	278.955974	248.313773	248.246906	
28.85832	278.970481	278.955974	248.313773	248.246906	
28.86844	278.970481	278.955974	248.313773	248.246906	
28.88033	278.970481	278.955974	248.313773	248.246906	
28.88904	278.970481	278.955974	248.313773	248.246906	
28.89897	278.970481	278.955974	248.313773	248.246906	
28.90913	278.970481	278.955974	248.313773	248.246906	
28.9193	278.970481	278.955974	248.313773	248.246906	
28.92957	278.970481	278.955974	248.313773	248.246906	
28.93965	278.970481	278.955974	248.313773	248.246906	
28.95294	278.970481	278.955974	248.313773	248.246906	
28.96219	278.970481	278.955974	248.313773	248.246906	
28.97013	278.970481	278.955974	248.313773	248.246906	
28.9846	278.970481	278.955974	248.313773	248.246906	
28.9937	278.970481	278.955974	248.313773	248.246906	
29.01043	278.970481	278.955974	248.313773	248.246906	
29.01507	278.970481	278.955974	248.313773	248.246906	
29.02663	278.970481	278.955974	248.313773	248.246906	
29.03547	278.970481	278.955974	248.313773	248.246906	
29.04561	278.970481	278.955974	248.313773	248.246906	
29.05576	278.970481	278.955974	248.313773	248.246906	
29.06595	278.970481	278.955974	248.313773	248.246906	
29.07651	278.970481	278.955974	248.313773	248.246906	
29.08863	278.970481	278.955974	248.313773	248.246906	
29.09877	278.970481	278.955974	248.313773	248.246906	
29.10892	278.970481	278.955974	248.313773	248.246906	
29.11905	278.970481	278.955974	248.313773	248.246906	
29.12925	278.970481	278.955974	248.313773	248.246906	
29.13939	278.970481	278.955974	248.313773	248.246906	
29.15127	278.970481	278.955974	248.313773	248.246906	
29.16138	278.970481	278.955974	248.313773	248.246906	
29.17147	278.970481	278.955974	248.313773	248.246906	
29.18163	278.970481	278.955974	248.313773	248.246906	
29.19192	278.970481	278.955974	248.313773	248.246906	
29.20203	278.970481	278.955974	248.313773	248.246906	
29.21842	278.970481	278.955974	248.313773	248.246906	
29.22904	278.970481	278.955974	248.313773	248.246906	
