8.995396	
9.005594	
9.015691	
9.025856	
9.036163	
9.046119	
9.056278	
9.066417	
9.076555	
9.086676	
9.096844	
9.107002	
9.117173	
9.127333	
9.137462	
9.147598	
9.157823	
9.167887	
9.17804	
9.18819	
9.198362	
9.208478	
9.218603	
9.228758	
9.238918	
9.249011	
9.259217	
9.269327	
9.279473	
9.289605	
9.307664	
9.312007	
9.322157	
9.332353	
9.342484	
9.352627	
9.362774	
9.372931	
9.383141	
9.393235	
9.403421	
9.413565	
9.423698	
9.433844	
9.443956	
9.45413	
9.464279	
9.474412	
9.484577	
9.494725	
9.504858	
9.515006	
9.525243	
9.535415	
9.545563	
9.555655	
9.565936	
9.575994	
9.586289	
9.596284	
9.606434	
9.616552	
9.626693	
9.636819	
9.646978	
9.657103	
9.667259	
9.677397	
9.687522	
9.69767	
9.709125	
9.718031	
9.728103	
9.738345	
9.748471	
9.758541	
9.768694	
9.778828	
9.78897	
9.799255	
9.809252	
9.819419	
9.829548	
9.839765	
9.849877	
9.859983	
9.870192	
9.880305	
9.890456	
9.900617	
9.910763	
9.920953	
9.931073	
9.941274	
9.951437	
9.962257	
9.971723	
9.981916	
9.991982	
10.00212	
10.01231	
10.02248	
10.03262	
10.04274	
10.05293	
10.06308	
10.07322	
10.08337	
10.09355	
10.10367	
10.11383	
10.12398	
10.13421	
10.14428	
10.15442	
10.16462	
10.17472	
10.18488	
10.19501	
10.20516	
10.21539	
10.22557	
10.23576	
10.24595	
10.2562	
10.26616	
10.2763	
10.28645	
10.29659	
10.30669	
10.31687	
10.32703	
10.33718	
10.34743	
10.35749	
10.36759	
10.37773	
10.38789	
10.39807	
10.40818	
10.41837	
10.42852	
10.43903	
10.4488	
10.4589	
10.46904	
10.47919	
10.48934	
10.49945	
10.50962	
10.51981	
10.52986	
10.54032	
10.5504	
10.56056	
10.57072	
10.58087	
10.59104	
10.60117	
10.61136	
10.62151	
10.63164	
10.6418	
10.65198	
10.66217	
10.67226	
10.68242	
10.69258	
10.72194	
10.72635	
10.73665	
10.74675	
10.75705	
10.7677	
10.77781	
10.78799	
10.79828	
10.80834	
10.81845	
10.82891	
10.83871	
10.84881	
10.859	
10.8691	
10.87931	
10.8894	
10.89953	
10.90973	
10.91986	
10.92997	
10.94013	
10.95032	
10.96101	168.983808	168.982778	149.471027	149.469997	
10.97109	168.985367	168.982778	149.472586	149.469997	
10.98122	168.987552	168.982778	149.47477	149.469997	
10.9914	168.990373	168.982778	149.477592	149.469997	
11.00149	168.993775	168.982778	149.480994	149.469997	
11.01165	168.997826	168.982778	149.485045	149.469997	
11.02186	169.00252	168.991505	149.489739	149.469997	
11.03197	169.00778	168.991505	149.494999	149.469997	
11.0421	169.013662	168.991505	149.500881	149.469997	
11.05228	169.020204	168.991505	149.507423	149.469997	
11.0637	169.028363	168.991505	149.515582	149.469997	
11.07385	169.036195	168.991505	149.523413	149.469997	
11.08399	169.044638	168.991505	149.531857	149.469997	
11.09421	169.053769	169.000231	149.540988	149.469997	
11.10427	169.06337	169.000231	149.550589	149.469997	
11.11446	169.073716	169.008958	149.560935	149.469997	
11.12464	169.084675	169.017685	149.571894	149.469997	
11.13479	169.096217	169.035138	149.583436	149.469997	
11.14492	169.108345	169.052591	149.595564	149.469997	
11.15503	169.121077	169.070045	149.608296	149.469997	
11.16636	169.136154	169.087498	149.623373	149.469997	
11.17646	169.15017	169.113678	149.637389	149.469997	
11.18658	169.164811	169.139858	149.65203	149.469997	
11.19675	169.18016	169.157311	149.667379	149.469997	
11.20687	169.196043	169.183491	149.683262	149.469997	
11.21703	169.21261	169.209671	149.699829	149.469997	
11.22715	169.229731	169.227124	149.71695	149.469997	
11.23733	169.24758	169.244578	149.734799	149.469997	
11.24752	169.266055	169.270758	149.753274	149.469997	
11.25767	169.285078	169.288211	149.772297	149.469997	
11.26892	169.306967	169.314391	149.794186	149.469997	
11.2791	169.32736	169.323117	149.814579	149.469997	
11.28922	169.348241	169.340571	149.835459	149.469997	
11.29933	169.369782	169.358024	149.857001	149.469997	
11.30953	169.392009	169.366751	149.879228	149.469997	
11.31973	169.414936	169.384204	149.902155	149.469997	
11.32987	169.438326	169.401657	149.925545	149.469997	
11.33998	169.462274	169.410384	149.949493	149.469997	
11.35014	169.486962	169.427837	149.974181	149.469997	
11.36039	169.512507	169.44529	149.999726	149.478724	
11.37163	169.541305	169.47147	150.028523	149.478724	
11.38186	169.568099	169.488924	150.055318	149.478724	
11.39193	169.595079	169.52383	150.082298	149.478724	
11.4021	169.622949	169.55001	150.110168	149.478724	
11.41223	169.651326	169.584917	150.138545	149.478724	
11.42242	169.680522	169.62855	150.167741	149.478724	
11.43255	169.710128	169.663457	150.197346	149.478724	
11.4427	169.740416	169.70709	150.227635	149.478724	
11.4529	169.771499	169.750723	150.258718	149.478724	
11.46306	169.803046	169.794356	150.290265	149.48745	
11.47427	169.838663	169.83799	150.325882	149.496177	
11.48466	169.872334	169.881623	150.359553	149.496177	
11.49459	169.905027	169.925256	150.392246	149.504904	
11.50468	169.938904	169.960163	150.426123	149.51363	
11.51482	169.973532	169.995069	150.460751	149.522357	
11.52503	170.009054	170.029976	150.496273	149.53981	
11.53517	170.044959	170.064882	150.532178	149.548537	
11.54531	170.081463	170.091062	150.568682	149.56599	
11.55546	170.118606	170.125969	150.605825	149.574717	
11.56558	170.156268	170.152149	150.643486	149.59217	
11.57698	170.199571	170.187055	150.68679	149.609623	
11.58736	170.239715	170.213235	150.726934	149.635803	
11.59728	170.278356	170.239415	150.765575	149.653257	
11.60745	170.318748	170.274322	150.805967	149.679437	
11.61765	170.359921	170.309228	150.84714	149.69689	
11.62769	170.401007	170.335408	150.888226	149.72307	
11.63788	170.443373	170.370315	150.930592	149.74925	
11.64799	170.485996	170.413948	150.973215	149.77543	
11.65811	170.52928	170.448855	151.016499	149.810336	
11.67807	170.617667	170.501215	151.104886	149.836516	
11.68259	170.637521	170.571028	151.12474	149.88015	
11.69285	170.68361	170.623388	151.170829	149.915056	
11.70296	170.729517	170.693201	151.216736	149.949963	
11.71443	170.78253	170.754287	151.269749	149.984869	
11.7233	170.823899	170.815374	151.311118	150.019776	
11.73363	170.872774	170.87646	151.359993	150.054682	
11.74368	170.920887	170.937547	151.408106	150.089589	
11.75377	170.969868	170.998633	151.457087	150.133222	
11.76392	171.019705	171.05972	151.506924	150.168129	
11.77417	171.070687	171.11208	151.557906	150.203035	
11.78459	171.123212	171.16444	151.610431	150.246669	
11.79446	171.173443	171.2168	151.660662	150.290302	
11.80469	171.226213	171.260433	151.713432	150.333935	
11.81476	171.278736	171.304066	151.765955	150.377568	
11.82487	171.332077	171.338973	151.819296	150.421202	
11.83506	171.386524	171.382606	151.873743	150.464835	
11.84522	171.441371	171.426239	151.92859	150.517195	
11.85541	171.497036	171.461146	151.984255	150.552101	
11.86552	171.552814	171.513506	152.040033	150.604461	
11.87563	171.609249	171.548412	152.096468	150.648094	
11.88594	171.667462	171.600772	152.154681	150.691728	
11.89606	171.725206	171.653132	152.212425	150.735361	
11.90639	171.784778	171.705492	152.271997	150.787721	
11.91632	171.842622	171.766578	152.329841	150.831354	
11.92642	171.902139	171.827665	152.389358	150.874987	
11.93661	171.962686	171.897478	152.449905	150.927347	
11.94675	172.023635	171.967291	152.510854	150.97098	
11.95687	172.085036	172.037104	152.572255	151.014614	
11.96774	172.151771	172.115644	152.63899	151.066973	
11.97754	172.212478	172.185457	152.699697	151.119333	
11.98749	172.274694	172.263997	152.761913	151.171693	
11.99751	172.337927	172.33381	152.825146	151.224053	
12.00778	172.403404	172.403624	152.890623	151.276413	
12.01783	172.468104	172.473437	152.955323	151.328773	
12.02798	172.534029	172.54325	153.021248	151.389859	
12.03824	172.601344	172.613063	153.088563	151.442219	
12.04834	172.66815	172.67415	153.155369	151.494579	
12.05847	172.735831	172.735236	153.22305	151.555666	
12.06854	172.803705	172.805049	153.290924	151.608025	
12.07909	172.875476	172.857409	153.362695	151.669112	
12.09029	172.952452	172.927222	153.43967	151.738925	
12.10038	173.022381	172.988309	153.5096	151.791285	
12.11053	173.093354	173.049395	153.580573	151.843645	
12.12068	173.164917	173.119209	153.652136	151.913458	
12.13089	173.237573	173.180295	153.724792	151.965818	
12.14102	173.310258	173.250108	153.797477	152.026904	
12.1512	173.383897	173.319921	153.871116	152.087991	
12.16134	173.457876	173.389735	153.945095	152.149078	
12.17153	173.532852	173.468274	154.020071	152.210164	
12.18167	173.608114	173.546814	154.095333	152.271251	
12.19324	173.694806	173.642807	154.182025	152.332337	
12.2031	173.769129	173.721347	154.256348	152.40215	
12.21324	173.846319	173.799887	154.333538	152.463237	
12.22347	173.924771	173.887153	154.41199	152.53305	
12.23353	174.002529	173.97442	154.489748	152.594137	
12.24375	174.082163	174.061686	154.569382	152.66395	
12.25387	174.161574	174.148953	154.648793	152.725036	
12.26404	174.242063	174.227493	154.729282	152.794849	
12.27419	174.322979	174.314759	154.810198	152.864663	
12.2843	174.404269	174.393299	154.891488	152.934476	
12.29567	174.496478	174.480565	154.983697	153.013016	
12.30573	174.578553	174.567832	155.065772	153.082829	
12.31587	174.661966	174.637645	155.149185	153.152642	
12.32611	174.746776	174.724911	155.233995	153.222455	
12.33629	174.831784	174.794725	155.319003	153.300995	
12.34632	174.916046	174.881991	155.403265	153.370808	
12.35645	175.001844	174.960531	155.489063	153.440621	
12.36662	175.088525	175.039071	155.575744	153.510434	
12.37675	175.175531	175.126337	155.66275	153.588974	
12.38685	175.262934	175.213604	155.750153	153.658787	
12.39859	175.365479	175.309597	155.852698	153.746054	
12.40839	175.451405	175.40559	155.938624	153.815867	
12.41848	175.54053	175.492856	156.027749	153.894407	
12.4288	175.632451	175.588849	156.119669	153.972947	
12.43912	175.724938	175.684843	156.212157	154.04276	
12.44891	175.813189	175.780836	156.300408	154.1213	
12.45904	175.90527	175.876829	156.392489	154.199839	
12.46919	175.998078	175.981548	156.485297	154.278379	
12.4793	176.091142	176.077542	156.578361	154.356919	
12.48947	176.185409	176.173535	156.672628	154.426732	
12.50092	176.2923	176.286981	156.779519	154.522725	
12.51109	176.387839	176.382974	156.875058	154.601265	
12.52122	176.483569	176.478967	156.970788	154.679805	
12.53154	176.581884	176.57496	157.069103	154.767071	
12.54154	176.677628	176.67968	157.164847	154.845611	
12.55172	176.775743	176.766947	157.262962	154.924151	
12.56191	176.874587	176.871666	157.361806	155.011418	
12.57205	176.973581	176.958933	157.4608	155.089957	
12.58224	177.073629	177.063653	157.560847	155.177224	
12.59239	177.173949	177.150919	157.661168	155.26449	
12.60361	177.286029	177.264365	157.773248	155.360483	
12.61377	177.3873	177.360359	157.874519	155.44775	
12.6239	177.489368	177.465078	157.976587	155.535016	
12.63422	177.593965	177.569798	158.081184	155.622283	
12.64416	177.695313	177.674518	158.182532	155.709549	
12.6544	177.800275	177.779238	158.287493	155.796816	
12.66449	177.904418	177.883957	158.391637	155.884082	
12.67464	178.009686	177.988677	158.496905	155.971349	
12.68483	178.115993	178.093397	158.603212	156.058615	
12.69493	178.222096	178.198117	158.709315	156.145882	
12.71079	178.390484	178.363923	158.877703	156.285508	
12.72113	178.500581	178.477369	158.9878	156.381501	
12.73127	178.609199	178.582089	159.096418	156.468767	
12.74172	178.721869	178.695535	159.209088	156.556034	
12.75181	178.831204	178.808982	159.318423	156.6433	
12.76199	178.942204	178.922428	159.429423	156.730567	
12.77215	179.053529	179.035875	159.540748	156.82656	
12.78236	179.166061	179.140594	159.65328	156.913826	
12.79243	179.277643	179.245314	159.764862	157.00982	
12.80273	179.392541	179.358761	159.87976	157.105813	
12.81394	179.518321	179.480934	160.00554	157.201806	
12.82393	179.630766	179.59438	160.117985	157.289072	
12.83406	179.745659	179.707826	160.232878	157.393792	
12.8444	179.863511	179.821273	160.35073	157.481058	
12.8544	179.978022	179.934719	160.465241	157.577052	
12.86454	180.094815	180.048166	160.582033	157.673045	
12.87467	180.212014	180.170339	160.699233	157.769038	
12.88495	180.331718	180.292512	160.818937	157.865031	
12.89501	180.449309	180.414685	160.936528	157.961024	
12.90512	180.568181	180.536858	161.0554	158.057017	
12.91644	180.702259	180.667758	161.189478	158.161737	
12.92656	180.822504	180.789931	161.309723	158.266457	
12.9367	180.943676	180.92083	161.430895	158.36245	
12.94682	181.065223	181.043003	161.552442	158.467169	
12.95743	181.192531	181.165176	161.67975	158.563163	
12.96787	181.317883	181.287349	161.805102	158.667882	
12.97722	181.429999	181.409522	161.917218	158.772602	
12.98779	181.556935	181.540422	162.044154	158.868595	
12.9975	181.673323	181.662595	162.160542	158.973315	
13.00773	181.796095	181.793495	162.283314	159.078035	
13.01907	181.932163	181.933121	162.419382	159.191481	
13.02921	182.053867	182.055294	162.541086	159.296201	
13.03932	182.175163	182.177467	162.662382	159.400921	
13.04944	182.296639	182.29964	162.783858	159.50564	
13.05967	182.419795	182.421813	162.907014	159.61036	
13.06984	182.541415	182.543986	163.028634	159.71508	
13.07993	182.662507	182.66616	163.149726	159.8198	
13.09008	182.784295	182.779606	163.271514	159.924519	
13.10021	182.905843	182.901779	163.393062	160.029239	
13.11046	183.028795	183.023952	163.516014	160.142686	
13.12266	183.175291	183.163578	163.66251	160.256132	
13.13254	183.293851	183.285751	163.78107	160.360852	
13.14268	183.415495	183.399198	163.902714	160.465571	
13.15281	183.537115	183.521371	164.024334	160.570291	
13.16297	183.658987	183.643544	164.146206	160.675011	
13.17315	183.781135	183.774444	164.268354	160.779731	
13.18331	183.903091	183.88789	164.39031	160.88445	
13.19345	184.024663	184.01879	164.511882	160.98917	
13.20365	184.147063	184.140963	164.634282	161.09389	
13.21374	184.268179	184.263136	164.755398	161.19861	
13.22516	184.405399	184.394035	164.892618	161.320783	
13.23537	184.527823	184.516209	165.015042	161.425503	
13.24536	184.647631	184.638382	165.13485	161.538949	
13.25545	184.768771	184.760555	165.25599	161.643669	
13.26567	184.891411	184.882728	165.37863	161.757115	
13.27589	185.013943	185.004901	165.501162	161.861835	
13.28602	185.135491	185.127074	165.62271	161.975281	
13.29617	185.257315	185.249247	165.744534	162.088728	
13.3063	185.378947	185.37142	165.866166	162.202174	
13.3164	185.500159	185.493593	165.987378	162.306894	
13.32777	185.636575	185.624493	166.123794	162.42034	
13.33785	185.757523	185.737939	166.244742	162.533787	
13.34798	185.879071	185.860112	166.36629	162.638506	
13.35813	186.000931	185.982285	166.48815	162.743226	
13.37664	186.223111	186.104458	166.71033	162.847946	
13.3812	186.277759	186.252811	166.764978	162.987572	
13.39135	186.399535	186.374984	166.886754	163.101019	
13.40151	186.521407	186.497157	167.008626	163.205738	
13.41166	186.643207	186.628057	167.130426	163.319185	
13.4218	186.764899	186.75023	167.252118	163.432631	
13.43227	186.890647	186.88113	167.377866	163.537351	
13.44216	187.009255	187.012029	167.496474	163.642071	
13.4523	187.130875	187.134202	167.618094	163.74679	
13.46248	187.253107	187.256375	167.740326	163.860237	
13.48063	187.470919	187.483268	167.958138	164.06095	
13.48518	187.525411	187.535628	168.01263	164.104583	
13.49532	187.647211	187.657801	168.13443	164.218029	
13.50543	187.768471	187.771248	168.25569	164.322749	
13.51557	187.890091	187.893421	168.37731	164.436195	
13.52576	188.013067	188.006867	168.500286	164.540915	
13.53603	188.135767	188.12904	168.622986	164.654362	
13.54614	188.256943	188.251213	168.744162	164.759081	
13.55622	188.378059	188.355933	168.865278	164.863801	
13.56645	188.500783	188.478106	168.988002	164.968521	
13.57654	188.621863	188.600279	169.109082	165.081967	
13.58671	188.743879	188.713725	169.231098	165.186687	
13.59687	188.865775	188.835898	169.352994	165.300133	
13.607	188.987371	188.958071	169.47459	165.404853	
13.61717	189.109327	189.080245	169.596546	165.5183	
13.62753	189.233707	189.211144	169.720926	165.623019	
13.63746	189.352903	189.333317	169.840122	165.736466	
13.64799	189.479179	189.464217	169.966398	165.841186	
13.6581	189.600535	189.595117	170.087754	165.954632	
13.6683	189.722923	189.71729	170.210142	166.059352	
13.67892	189.850483	189.848189	170.337702	166.172798	
13.68855	189.965875	189.979089	170.453094	166.286244	
13.69867	190.087339	190.101262	170.574558	166.390964	
13.70884	190.209391	190.223435	170.69661	166.504411	
13.73696	190.546879	190.467781	171.034098	166.705124	
13.74149	190.601143	190.624861	171.088362	166.84475	
13.75205	190.728031	190.747034	171.21525	166.958196	
13.76184	190.845391	190.869207	171.33261	167.062916	
13.77197	190.966987	190.982653	171.454206	167.167636	
13.78237	191.091847	191.104826	171.579066	167.281082	
13.79229	191.210803	191.218273	171.698022	167.394529	
13.80247	191.333011	191.331719	171.82023	167.499248	
13.8126	191.454547	191.445166	171.941766	167.612695	
13.82273	191.576083	191.558612	172.063302	167.717414	
13.83292	191.698315	191.672058	172.185534	167.830861	
13.84317	191.821411	191.794232	172.30863	167.935581	
13.85331	191.943043	191.907678	172.430262	168.0403	
13.86345	192.064723	192.021124	172.551942	168.153747	
13.87356	192.185983	192.143297	172.673202	168.258467	
13.88376	192.308851	192.26547	172.79607	168.371913	
13.89397	192.431011	192.387643	172.91823	168.476633	
13.90405	192.551959	192.509816	173.039178	168.590079	
13.91423	192.674071	192.63199	173.16129	168.694799	
13.92435	192.795535	192.762889	173.282754	168.799519	
13.93456	192.918067	192.893789	173.405286	168.912965	
13.94501	193.043587	193.015962	173.530806	169.017685	
13.95485	193.161583	193.146862	173.648802	169.122405	
13.96503	193.283671	193.277761	173.77089	169.235851	
13.97517	193.405363	193.399934	173.892582	169.349297	
13.98528	193.526683	193.530834	174.013902	169.454017	
13.99544	193.648615	193.661734	174.135834	169.567463	
14.00558	193.770295	193.783907	174.257514	169.672183	
14.01585	193.893535	193.90608	174.380754	169.78563	
14.02593	194.014471	194.028253	174.50169	169.890349	
14.03628	194.138707	194.141699	174.625926	169.995069	
14.04631	194.259043	194.255146	174.746262	170.099789	
14.05646	194.380819	194.377319	174.868038	170.213235	
14.06656	194.502079	194.499492	174.989298	170.317955	
14.0767	194.623711	194.612938	175.11093	170.431401	
14.08684	194.745415	194.726385	175.232634	170.536121	
14.09704	194.867827	194.848558	175.355046	170.649568	
14.10715	194.989135	194.970731	175.476354	170.763014	
14.1173	195.110923	195.084177	175.598142	170.867734	
14.12743	195.232471	195.20635	175.71969	170.972454	
14.13779	195.356863	195.328523	175.844082	171.0859	
14.14907	195.492247	195.46815	175.979466	171.208073	
14.15904	195.611815	195.590323	176.099034	171.312793	
14.16917	195.733339	195.712496	176.220558	171.417512	
14.17926	195.854407	195.843395	176.341626	171.530959	
14.18946	195.976915	195.965568	176.464134	171.635679	
14.1996	196.098511	196.087741	176.58573	171.740398	
14.2098	196.220959	196.218641	176.708178	171.853845	
14.21992	196.342435	196.349541	176.829654	171.967291	
14.23005	196.463911	196.471714	176.95113	172.072011	
14.24057	196.590223	196.602614	177.077442	172.185457	
14.25156	196.722079	196.733513	177.209298	172.298904	
14.26176	196.844407	196.855686	177.331626	172.41235	
14.27197	196.966951	196.977859	177.45417	172.525797	
14.2821	197.087589	197.100032	177.574807	172.630516	
14.29224	197.207729	197.213479	177.694948	172.743963	
14.30247	197.328341	197.326925	177.81556	172.848682	
14.3126	197.447127	197.449098	177.934346	172.953402	
14.32273	197.565276	197.562545	178.052495	173.058122	
14.33291	197.683397	197.675991	178.170616	173.171568	
14.34302	197.800142	197.789437	178.287361	173.276288	
14.35431	197.929625	197.920337	178.416844	173.389735	
14.36448	198.045798	198.025057	178.533017	173.503181	
14.37464	198.161081	198.14723	178.6483	173.607901	
14.38475	198.275332	198.260676	178.762551	173.71262	
14.39486	198.388903	198.374123	178.876122	173.81734	
14.4051	198.503292	198.487569	178.990511	173.92206	
14.41523	198.615873	198.601016	179.103092	174.018053	
14.42536	198.727764	198.723189	179.214983	174.122773	
14.43551	198.839269	198.836635	179.326488	174.227493	
14.44563	198.949888	198.950081	179.437107	174.332212	
14.45709	199.074384	199.072254	179.561603	174.445659	
14.46719	199.183427	199.185701	179.670646	174.550378	
14.4773	199.291987	199.299147	179.779206	174.646372	
14.48743	199.400169	199.403867	179.887388	174.751091	
14.49764	199.508664	199.508587	179.995883	174.847084	
14.50772	199.615445	199.613307	180.102664	174.951804	
14.51792	199.722103	199.718026	180.209322	175.056524	
14.52806	199.827874	199.822746	180.315093	175.152517	
14.53817	199.932815	199.927466	180.420034	175.24851	
14.55803	200.136	200.032186	180.623219	175.344503	
14.5626	200.182835	200.171812	180.670054	175.475403	
14.57277	200.286159	200.276532	180.773378	175.580123	
14.58293	200.388826	200.389978	180.876045	175.676116	
14.59304	200.490477	200.503424	180.977696	175.763382	
14.60323	200.592229	200.608144	181.079448	175.859375	
14.61338	200.692996	200.712864	181.180215	175.955369	
14.62356	200.793353	200.82631	181.280572	176.042635	
14.63369	200.892741	200.93103	181.37996	176.138628	
14.64384	200.991582	201.03575	181.478801	176.225895	
14.65398	201.089837	201.131743	181.577056	176.313161	
14.66421	201.188306	201.236463	181.675525	176.409154	
14.67433	201.284965	201.323729	181.772184	176.496421	
14.68446	201.381202	201.410996	181.868421	176.583687	
14.69463	201.477218	201.498262	181.964437	176.670954	
14.71402	201.657584	201.672795	182.144803	176.83676	
14.71994	201.712631	201.707702	182.19985	176.880393	
14.72876	201.794112	201.794968	182.281331	176.96766	
14.73907	201.888708	201.873508	182.375927	177.054926	
14.74903	201.979475	201.960774	182.466694	177.142192	
14.76078	202.085708	202.048041	182.572927	177.220732	
14.76932	202.162541	202.144034	182.64976	177.307999	
14.77951	202.253624	202.2313	182.740843	177.386539	
14.78993	202.345999	202.327294	182.833218	177.465078	
14.79998	202.434545	202.423287	182.921764	177.552345	
14.81041	202.525822	202.528006	183.013041	177.630885	
14.82055	202.613879	202.624	183.101098	177.709424	
14.83076	202.702014	202.719993	183.189233	177.787964	
14.84085	202.7884	202.815986	183.275619	177.866504	
14.85099	202.874642	202.911979	183.361861	177.953771	
14.86329	202.978418	202.999245	183.465637	178.023584	
14.87142	203.046577	203.086512	183.533796	178.11085	
14.88152	203.130633	203.165052	183.617852	178.18939	
14.8917	203.214701	203.252318	183.70192	178.259203	
14.90182	203.297804	203.330858	183.785022	178.337743	
14.91205	203.381075	203.400671	183.868294	178.407556	
14.92217	203.462892	203.479211	183.950111	178.486096	
14.93238	203.544836	203.557751	184.032055	178.564636	
14.94255	203.625741	203.627564	184.11296	178.634449	
14.95262	203.705257	203.697377	184.192475	178.712989	
14.96282	203.785215	203.76719	184.272434	178.782802	
14.97381	203.870683	203.84573	184.357902	178.861342	
14.98377	203.947547	203.915543	184.434766	178.931155	
14.99385	204.024712	203.994083	184.511931	179.000968	
15.00399	204.101715	204.063896	184.588934	179.070781	
15.0142	204.178619	204.151163	184.665838	179.140594	
15.02433	204.254312	204.229702	184.741531	179.201681	
15.03447	204.329497	204.308242	184.816716	179.271494	
15.04462	204.404099	204.395509	184.891318	179.341307	
15.05478	204.478196	204.474049	184.965415	179.402394	
15.06492	204.551557	204.552588	185.038776	179.46348	
15.08338	204.68261	204.639855	185.169828	179.533294	
15.08804	204.71571	204.735848	185.202929	179.62056	
15.09815	204.786856	204.814388	185.274075	179.681646	
15.1163	204.912157	204.884201	185.399376	179.742733	
15.12088	204.943727	204.980194	185.430946	179.829999	
15.13105	205.013331	205.050007	185.500549	179.891086	
15.14125	205.082425	205.11982	185.569644	179.952173	
15.15136	205.150339	205.189634	185.637558	180.013259	
15.16146	205.2176	205.25072	185.704819	180.083072	
15.17338	205.296122	205.311807	185.783341	180.144159	
15.18185	205.351486	205.372893	185.838705	180.205245	
15.19204	205.41746	205.425253	185.904679	180.266332	
15.20217	205.482445	205.486339	185.969664	180.327418	
15.2123	205.546846	205.547426	186.034065	180.397231	
15.22255	205.611402	205.599786	186.098621	180.449591	
15.23262	205.674134	205.652146	186.161353	180.510678	
15.2428	205.737052	205.704506	186.224271	180.571764	
15.25297	205.799203	205.765592	186.286422	180.632851	
15.26307	205.86036	205.826679	186.347579	180.685211	
15.27574	205.936657	205.887765	186.423876	180.746297	
15.28347	205.98202	205.948852	186.469239	180.807384	
15.29361	206.041576	206.018665	186.528795	180.859744	
15.30384	206.101027	206.088478	186.588245	180.912104	
15.31389	206.158827	206.158291	186.646046	180.964463	
15.32409	206.216898	206.228104	186.704117	181.02555	
15.33425	206.274159	206.297918	186.761378	181.07791	
15.34442	206.330814	206.359004	186.818033	181.13027	
15.3546	206.386938	206.420091	186.874157	181.18263	
15.36468	206.44194	206.481177	186.929159	181.23499	
15.37727	206.509587	206.542264	186.996806	181.287349	
15.38507	206.551197	206.594624	187.038416	181.339709	
15.39518	206.604521	206.646983	187.09174	181.383343	
15.40538	206.65763	206.690617	187.144849	181.435702	
15.41544	206.709493	206.742977	187.196712	181.479336	
15.42602	206.763337	206.78661	187.250556	181.531695	
15.43614	206.814249	206.830243	187.301468	181.575329	
15.44636	206.86503	206.873876	187.352249	181.618962	
15.45649	206.91479	206.908783	187.402008	181.662595	
15.46655	206.963629	206.952416	187.450848	181.706228	
15.47673	207.012374	206.996049	187.499593	181.749862	
15.49504	207.097696	207.039683	187.584915	181.793495	
15.49957	207.118865	207.100769	187.606084	181.845855	
15.50983	207.165995	207.144402	187.653214	181.889488	
15.51997	207.212026	207.188036	187.699245	181.924395	
15.53036	207.25849	207.240395	187.745709	181.968028	
15.54051	207.30332	207.292755	187.790539	182.002934	
15.55066	207.347535	207.345115	187.834754	182.037841	
15.5609	207.391511	207.397475	187.87873	182.081474	
15.57094	207.434045	207.449835	187.921264	182.116381	
15.58369	207.487025	207.502195	187.974244	182.160014	
15.59155	207.51945	207.554555	188.006669	182.194921	
15.60147	207.559685	207.598188	188.046904	182.229827	
15.61162	207.600234	207.641821	188.087453	182.264734	
15.62177	207.640207	207.685454	188.127426	182.29964	
15.63203	207.68	207.729088	188.167219	182.334547	
15.64211	207.718494	207.763994	188.205713	182.369454	
15.65227	207.756686	207.798901	188.243905	182.40436	
15.66252	207.794625	207.833807	188.281844	182.439267	
15.67255	207.831113	207.868714	188.318332	182.465447	
15.68517	207.876083	207.90362	188.363302	182.500353	
15.7011	207.931163	207.9298	188.418382	182.526533	
15.70567	207.946957	207.973434	188.434176	182.570166	
15.71582	207.981349	207.999614	188.468568	182.596346	
15.72618	208.016056	208.03452	188.503275	182.631253	
15.73614	208.048391	208.0607	188.53561	182.657433	
15.74632	208.081052	208.095607	188.568271	182.683613	
15.75639	208.112802	208.121787	188.600021	182.709793	
15.7671	208.145906	208.147967	188.633125	182.735973	
15.7767	208.175003	208.182873	188.662222	182.762153	
15.78933	208.212331	208.209053	188.69955	182.779606	
15.79711	208.235073	208.235233	188.722292	182.805786	
15.80734	208.26427	208.27014	188.751489	182.831966	
15.81744	208.29251	208.305046	188.779729	182.849419	
15.82757	208.320253	208.331226	188.807472	182.875599	
15.83779	208.347646	208.357406	188.834865	182.893052	
15.84801	208.374428	208.392313	188.861647	182.910506	
15.85808	208.400234	208.418493	188.887453	182.927959	
15.86827	208.425758	208.444673	188.912977	182.945412	
15.87851	208.450797	208.470853	188.938016	182.971592	
15.89054	208.47931	208.497032	188.966529	182.980319	
15.89892	208.498863	208.523212	188.986082	183.006499	
15.90885	208.521409	208.549392	189.008628	183.015225	
15.91901	208.543878	208.566846	189.031097	183.041405	
15.92913	208.56569	208.593026	189.052909	183.050132	
15.93931	208.587038	208.610479	189.074257	183.067585	
15.94945	208.607712	208.636659	189.094931	183.085039	
15.95959	208.627781	208.654112	189.115	183.102492	
15.97047	208.648657	208.671565	189.135876	183.111218	
15.97999	208.666424	208.689019	189.153643	183.119945	
15.99042	208.685254	208.706472	189.172473	183.137398	
16.00055	208.702964	208.723925	189.190183	183.154852	
16.01065	208.720055	208.741379	189.207274	183.163578	
16.02081	208.736661	208.750105	189.22388	183.172305	
16.03093	208.752627	208.767558	189.239845	183.181032	
16.04107	208.76805	208.776285	189.255269	183.189758	
16.05125	208.782951	208.793738	189.27017	183.198485	
16.06143	208.797282	208.793738	189.284501	183.207212	
16.07162	208.81105	208.811192	189.298269	183.215938	
16.0817	208.824109	208.819918	189.311328	183.224665	
16.09184	208.836677	208.828645	189.323896	183.224665	
16.1023	208.849037	208.837372	189.336255	183.224665	
16.11224	208.86024	208.846098	189.347459	183.233392	
16.12237	208.87111	208.846098	189.358329	183.233392	
16.13249	208.881419	208.854825	189.368638	183.233392	
16.14273	208.891269	208.863552	189.378488	183.242118	
16.15283	208.900451	208.872278	189.38767	183.242118	
16.16296	208.909121	208.881005	189.39634	183.242118	
16.17316	208.917294	208.889732	189.404513	183.242118	
16.18327	208.924865	208.898458	189.412084	183.242118	
16.19346	208.931956	208.907185	189.419175	183.242118	
16.20403	208.938756	208.915911	189.425975	183.242118	
16.21383	208.944551	208.933365	189.43177	183.242118	
16.23188	208.953268	208.942091	189.440487	183.242118	
16.23641	208.955514	208.950818	189.442733	183.242118	
16.24661	208.959951	208.950818	189.44717	183.242118	
16.25668	208.96387	208.959545	189.451089	183.242118	
16.26685	208.967367	208.968271	189.454585	183.242118	
16.27701	208.970415	208.968271	189.457634	183.242118	
16.28714	208.973033	208.968271	189.460252	183.242118	
16.29761	208.975302	208.968271	189.462521	183.242118	
16.30773	208.977128	208.968271	189.464347	183.242118	
16.31765	208.982778	208.968271	189.469997	183.242118	
16.32783	208.982778	208.968271	189.469997	183.242118	
16.33791	208.982778	208.968271	189.469997	183.242118	
16.34813	208.982778	208.968271	189.469997	183.242118	
16.35832	208.982778	208.968271	189.469997	183.242118	
16.36846	208.982778	208.968271	189.469997	183.242118	
16.37854	208.982778	208.968271	189.469997	183.242118	
16.38864	208.982778	208.968271	189.469997	183.242118	
16.39917	208.982778	208.968271	189.469997	183.242118	
16.40925	208.982778	208.968271	189.469997	183.242118	
16.41918	208.982778	208.968271	189.469997	183.242118	
16.42934	208.982778	208.968271	189.469997	183.242118	
16.43942	208.982778	208.968271	189.469997	183.242118	
16.44961	208.982778	208.968271	189.469997	183.242118	
16.45981	208.982778	208.968271	189.469997	183.242118	
16.46994	208.982778	208.968271	189.469997	183.242118	
16.48016	208.982778	208.968271	189.469997	183.242118	
16.49024	208.982778	208.968271	189.469997	183.242118	
16.50056	208.982778	208.968271	189.469997	183.242118	
16.5107	208.982778	208.968271	189.469997	183.242118	
16.52079	208.982778	208.968271	189.469997	183.242118	
16.53093	208.982778	208.968271	189.469997	183.242118	
16.54105	208.982778	208.968271	189.469997	183.242118	
16.5512	208.982778	208.968271	189.469997	183.242118	
16.56137	208.982778	208.968271	189.469997	183.242118	
16.57152	208.982778	208.968271	189.469997	183.242118	
16.5817	208.982778	208.968271	189.469997	183.242118	
16.59181	208.982778	208.968271	189.469997	183.242118	
16.60201	208.982778	208.968271	189.469997	183.242118	
16.61355	208.982778	208.968271	189.469997	183.242118	
16.62342	208.982778	208.968271	189.469997	183.242118	
16.63355	208.982778	208.968271	189.469997	183.242118	
16.6437	208.982778	208.968271	189.469997	183.242118	
16.65382	208.982778	208.968271	189.469997	183.242118	
16.66409	208.982778	208.968271	189.469997	183.242118	
16.67436	208.982778	208.968271	189.469997	183.242118	
16.6843	208.982778	208.968271	189.469997	183.242118	
16.69446	208.982778	208.968271	189.469997	183.242118	
16.71585	208.982778	208.968271	189.469997	183.242118	
16.72054	208.982778	208.968271	189.469997	183.242118	
16.73071	208.982778	208.968271	189.469997	183.242118	
16.74086	208.982778	208.968271	189.469997	183.242118	
16.751	208.982778	208.968271	189.469997	183.242118	
16.76117	208.982778	208.968271	189.469997	183.242118	
16.77132	208.982778	208.968271	189.469997	183.242118	
16.78153	208.982778	208.968271	189.469997	183.242118	
16.79165	208.982778	208.968271	189.469997	183.242118	
16.80175	208.982778	208.968271	189.469997	183.242118	
16.81443	208.982778	208.968271	189.469997	183.242118	
16.82216	208.982778	208.968271	189.469997	183.242118	
16.83231	208.982778	208.968271	189.469997	183.242118	
16.84245	208.982778	208.968271	189.469997	183.242118	
16.85258	208.982778	208.968271	189.469997	183.242118	
16.86281	208.982778	208.968271	189.469997	183.242118	
16.87291	208.982778	208.968271	189.469997	183.242118	
16.88306	208.982778	208.968271	189.469997	183.242118	
16.89325	208.982778	208.968271	189.469997	183.242118	
16.90336	208.982778	208.968271	189.469997	183.242118	
16.91353	208.982778	208.968271	189.469997	183.242118	
16.9241	208.982778	208.968271	189.469997	183.242118	
16.93414	208.982778	208.968271	189.469997	183.242118	
16.94433	208.982778	208.968271	189.469997	183.242118	
16.95443	208.982778	208.968271	189.469997	183.242118	
16.96461	208.982778	208.968271	189.469997	183.242118	
16.97546	208.982778	208.968271	189.469997	183.242118	
16.98556	208.982778	208.968271	189.469997	183.242118	
16.99574	208.982778	208.968271	189.469997	183.242118	
17.00603	208.982778	208.968271	189.469997	183.242118	
17.02436	208.982778	208.968271	189.469997	183.242118	
17.02892	208.982778	208.968271	189.469997	183.242118	
17.03908	208.982778	208.968271	189.469997	183.242118	
17.04924	208.982778	208.968271	189.469997	183.242118	
17.05934	208.982778	208.968271	189.469997	183.242118	
17.06957	208.982778	208.968271	189.469997	183.242118	
17.07967	208.982778	208.968271	189.469997	183.242118	
17.08986	208.982778	208.968271	189.469997	183.242118	
17.09997	208.982778	208.968271	189.469997	183.242118	
17.11011	208.982778	208.968271	189.469997	183.242118	
17.12261	208.982778	208.968271	189.469997	183.242118	
17.13073	208.982778	208.968271	189.469997	183.242118	
17.14082	208.982778	208.968271	189.469997	183.242118	
17.15104	208.982778	208.968271	189.469997	183.242118	
17.16108	208.982778	208.968271	189.469997	183.242118	
17.17127	208.982778	208.968271	189.469997	183.242118	
17.18145	208.982778	208.968271	189.469997	183.242118	
17.19158	208.982778	208.968271	189.469997	183.242118	
17.20173	208.982778	208.968271	189.469997	183.242118	
17.21186	208.982778	208.968271	189.469997	183.242118	
17.22203	208.982778	208.968271	189.469997	183.242118	
17.23278	208.982778	208.968271	189.469997	183.242118	
17.24291	208.982778	208.968271	189.469997	183.242118	
17.25301	208.982778	208.968271	189.469997	183.242118	
17.26314	208.982778	208.968271	189.469997	183.242118	
17.27334	208.982778	208.968271	189.469997	183.242118	
17.28347	208.982778	208.968271	189.469997	183.242118	
17.29364	208.982778	208.968271	189.469997	183.242118	
17.3038	208.982778	208.968271	189.469997	183.242118	
17.3139	208.982778	208.968271	189.469997	183.242118	
17.32412	208.982778	208.968271	189.469997	183.242118	
17.33434	208.982778	208.968271	189.469997	183.242118	
17.34445	208.982778	208.968271	189.469997	183.242118	
17.35456	208.982778	208.968271	189.469997	183.242118	
17.36472	208.982778	208.968271	189.469997	183.242118	
17.37488	208.982778	208.968271	189.469997	183.242118	
17.38504	208.982778	208.968271	189.469997	183.242118	
17.39518	208.982778	208.968271	189.469997	183.242118	
17.40535	208.982778	208.968271	189.469997	183.242118	
17.41547	208.982778	208.968271	189.469997	183.242118	
17.42558	208.982778	208.968271	189.469997	183.242118	
17.43587	208.982778	208.968271	189.469997	183.242118	
17.44602	208.982778	208.968271	189.469997	183.242118	
17.45622	208.982778	208.968271	189.469997	183.242118	
17.46629	208.982778	208.968271	189.469997	183.242118	
17.47638	208.982778	208.968271	189.469997	183.242118	
17.48665	208.982778	208.968271	189.469997	183.242118	
17.49673	208.982778	208.968271	189.469997	183.242118	
17.50683	208.982778	208.968271	189.469997	183.242118	
17.51701	208.982778	208.968271	189.469997	183.242118	
17.52747	208.982778	208.968271	189.469997	183.242118	
17.53741	208.982778	208.968271	189.469997	183.242118	
17.54755	208.982778	208.968271	189.469997	183.242118	
17.55769	208.982778	208.968271	189.469997	183.242118	
17.56782	208.982778	208.968271	189.469997	183.242118	
17.59598	208.982778	208.968271	189.469997	183.242118	
17.60087	208.982778	208.968271	189.469997	183.242118	
