8.61234	
8.61693	
8.627121	
8.637466	
8.647473	
8.657694	
8.667779	
8.677863	
8.688012	
8.698233	
8.708332	
8.718502	
8.728659	
8.738797	
8.748924	
8.759096	
8.769216	
8.779361	
8.789502	
8.799622	
8.817705	
8.822051	
8.832259	
8.842411	
8.852539	
8.862688	
8.872847	
8.883053	
8.893155	
8.903303	
8.913531	
8.923619	
8.933759	
8.943908	
8.954081	
8.964227	
8.974355	
8.984523	
8.994682	
9.005009	
9.015153	
9.02515	
9.035287	
9.045464	
9.055622	
9.065829	
9.075876	
9.086069	
9.096258	
9.1163	
9.120678	
9.130817	
9.140988	
9.151141	
9.161341	
9.179457	
9.183819	
9.194035	
9.204143	
9.214301	
9.224485	
9.234605	
9.244731	
9.254899	
9.265054	
9.275253	
9.285379	
9.295528	
9.305756	
9.315846	
9.325949	
9.336163	
9.346306	
9.356428	
9.366571	
9.376755	
9.386901	
9.397029	
9.407294	
9.417403	
9.427541	
9.437679	
9.447822	
9.458004	
9.468111	
9.47824	
9.48848	
9.498571	
9.508728	
9.518846	
9.529004	
9.539183	
9.549292	
9.559419	
9.569602	
9.579699	
9.589933	
9.600024	
9.610178	
9.620299	
9.630432	
9.640575	
9.650723	
9.660855	
9.671	
9.681107	
9.699667	
9.704092	
9.714223	
9.724369	
9.734519	
9.744681	
9.754822	
9.764957	
9.775127	
9.785291	
9.795519	
9.805579	
9.81573	
9.825898	
9.836039	
9.846184	
9.856359	
9.866448	
9.876621	
9.88677	
9.896926	
9.907308	
9.917369	
9.927499	
9.937726	
9.947812	
9.958129	
9.968276	
9.978545	
9.988572	
9.998722	
10.00887	
10.01903	
10.02915	
10.0393	
10.04957	
10.0596	
10.06979	
10.07991	
10.09005	
10.10016	
10.11117	
10.12917	
10.13355	
10.14373	
10.15391	
10.16402	
10.1742	
10.18435	
10.19449	
10.20463	
10.21518	
10.22495	
10.23515	
10.24524	
10.25537	
10.2656	
10.27565	
10.28585	
10.29598	
10.30613	
10.3163	
10.32643	
10.33662	
10.34675	
10.35688	
10.36702	
10.37719	
10.38738	
10.3975	
10.40763	
10.41784	
10.42794	
10.43808	
10.44821	
10.45841	
10.46851	
10.47866	
10.4888	
10.49892	
10.50907	
10.52088	
10.52979	
10.53983	
10.54995	
10.56006	
10.57019	
10.58034	
10.59046	
10.60065	
10.61076	
10.6209	
10.63125	
10.64118	
10.65145	
10.66152	
10.67163	
10.68189	
10.69194	
10.70211	
10.71224	
10.72242	
10.73264	
10.74275	
10.75291	
10.76306	
10.77319	
10.78336	
10.79351	
10.80362	
10.81382	
10.82393	
10.83416	
10.84428	
10.85442	
10.86456	
10.8747	
10.88605	
10.89504	
10.90519	
10.91537	
10.92546	
10.93566	
10.94602	
10.95596	
10.96609	
10.9762	
10.98639	
10.99653	
11.00669	
11.01683	
11.02698	
11.03713	
11.04735	
11.05747	
11.06759	
11.07765	
11.08782	
11.09803	
11.11017	
11.11824	
11.12854	
11.13853	
11.1487	
11.15887	
11.169	
11.17914	
11.18939	
11.19947	
11.2096	
11.21978	
11.23037	
11.24004	
11.25023	
11.26035	
11.27043	
11.28076	
11.29075	
11.30089	
11.31103	
11.32114	
11.33145	
11.34146	
11.35162	
11.36186	
11.37194	
11.38206	
11.39222	
11.40239	
11.41251	
11.42267	
11.43283	
11.44823	713.94652	713.944384	683.001832	682.999696	
11.45794	713.948264	713.944384	683.003577	682.999696	
11.46822	713.950763	713.944384	683.006076	682.999696	
11.47807	713.953726	713.944384	683.009038	682.999696	
11.48822	713.957411	713.944384	683.012724	682.999696	
11.49847	713.961766	713.944384	683.017078	682.999696	
11.50859	713.966671	713.944384	683.021984	683.008423	
11.51872	713.972199	713.95311	683.027511	683.008423	
11.52884	713.978335	713.95311	683.033648	683.008423	
11.53913	713.985218	713.961837	683.040531	683.008423	
11.55051	713.993649	713.961837	683.048961	683.008423	
11.56054	714.001626	713.970564	683.056939	683.008423	
11.57062	714.010266	713.97929	683.065579	683.008423	
11.58074	714.019556	713.97929	683.074868	683.017149	
11.59092	714.029523	713.996744	683.084835	683.017149	
11.60113	714.040137	714.00547	683.095449	683.034603	
11.61917	714.061286	714.022924	683.116598	683.069509	
11.62375	714.066598	714.03165	683.121911	683.078236	
11.63394	714.079203	714.03165	683.134515	683.104416	
11.64403	714.092299	714.049104	683.147611	683.130596	
11.65455	714.106633	714.05783	683.161945	683.156776	
11.66445	714.120676	714.075284	683.175989	683.182956	
11.67457	714.135659	714.08401	683.190971	683.209136	
11.68473	714.151327	714.101463	683.20664	683.226589	
11.69483	714.1675	714.118917	683.222813	683.252769	
11.70503	714.18448	714.13637	683.239792	683.278949	
11.71518	714.201985	714.153823	683.257298	683.296402	
11.72532	714.220089	714.171277	683.275401	683.305129	
11.73548	714.238838	714.197457	683.294151	683.313855	
11.7456	714.258147	714.223637	683.313459	683.322582	
11.75585	714.278325	714.24109	683.333638	683.331309	
11.76604	714.299001	714.26727	683.354313	683.331309	
11.77615	714.320135	714.29345	683.375447	683.331309	
11.78636	714.342107	714.328356	683.397419	683.340035	
11.79643	714.36437	714.354536	683.419683	683.348762	
11.80663	714.387568	714.380716	683.44288	683.366215	
11.8168	714.411308	714.406896	683.46662	683.383669	
11.82686	714.43539	714.433076	683.490702	683.409849	
11.83705	714.460436	714.459256	683.515748	683.444755	
11.84714	714.485818	714.485436	683.541131	683.488388	
11.85866	714.515671	714.520342	683.570984	683.532022	
11.86851	714.541687	714.546522	683.596999	683.575655	
11.87866	714.569153	714.572702	683.624465	683.628015	
11.88881	714.597211	714.607609	683.652523	683.680375	
11.89914	714.626456	714.633789	683.681768	683.724008	
11.90905	714.655064	714.659969	683.710376	683.767641	
11.91921	714.685008	714.694875	683.74032	683.802548	
11.92936	714.715555	714.729782	683.770868	683.828728	
11.93952	714.746772	714.764689	683.802084	683.854908	
11.94965	714.778482	714.799595	683.833795	683.872361	
11.96098	714.814781	714.834502	683.870093	683.889814	
11.97112	714.847826	714.869408	683.903138	683.907267	
11.9813	714.881651	714.904315	683.936963	683.915994	
11.99146	714.91599	714.939221	683.971303	683.924721	
12.00193	714.952087	714.974128	684.0074	683.942174	
12.01196	714.987245	715.009035	684.042557	683.959627	
12.02211	715.023408	715.043941	684.07872	683.985807	
12.03227	715.060289	715.078848	684.115601	684.020714	
12.04241	715.097658	715.105028	684.15297	684.05562	
12.05269	715.136219	715.139934	684.191531	684.099254	
12.06407	715.179747	715.174841	684.23506	684.16034	
12.07385	715.217602	715.209748	684.272915	684.221427	
12.08399	715.257519	715.244654	684.312831	684.282513	
12.09415	715.298175	715.279561	684.353487	684.3436	
12.10425	715.33914	715.323194	684.394452	684.413413	
12.11573	715.386649	715.366827	684.441961	684.483226	
12.12487	715.424792	715.401734	684.480104	684.544313	
12.135	715.46776	715.445367	684.523073	684.587946	
12.14513	715.511392	715.489	684.566704	684.640306	
12.15531	715.55581	715.54136	684.611122	684.675212	
12.16638	715.604967	715.584993	684.66028	684.710119	
12.1765	715.650403	715.637353	684.705716	684.727572	
12.18664	715.696546	715.689713	684.751858	684.753752	
12.19677	715.743314	715.742073	684.798627	684.779932	
12.20688	715.790546	715.794433	684.845859	684.797385	
12.21709	715.838908	715.846793	684.89422	684.832292	
12.22722	715.887718	715.899153	684.943031	684.858472	
12.23737	715.936774	715.951512	684.992087	684.893378	
12.24753	715.986758	716.003872	685.04207	684.937012	
12.25777	716.037761	716.056232	685.093074	684.989372	
12.26904	716.094697	716.108592	685.150009	685.059185	
12.2792	716.146612	716.160952	685.201924	685.128998	
12.28934	716.19903	716.213312	685.254343	685.198811	
12.29953	716.252305	716.265672	685.307617	685.286078	
12.30967	716.305998	716.318032	685.36131	685.355891	
12.31985	716.360488	716.370391	685.4158	685.43443	
12.33005	716.415705	716.422751	685.471017	685.51297	
12.34017	716.471106	716.475111	685.526418	685.582783	
12.35023	716.526744	716.536198	685.582057	685.652597	
12.36071	716.585436	716.597284	685.640748	685.713683	
12.37185	716.648577	716.658371	685.70389	685.77477	
12.38201	716.706778	716.719457	685.76209	685.809676	
12.39215	716.765422	716.780544	685.820735	685.844583	
12.40231	716.824837	716.84163	685.88015	685.879489	
12.41248	716.884908	716.902717	685.94022	685.914396	
12.42262	716.945453	716.963803	686.000765	685.949303	
12.43281	717.006928	717.02489	686.06224	685.992936	
12.44295	717.068637	717.085976	686.123949	686.036569	
12.45306	717.130836	717.147063	686.186149	686.088929	
12.46326	717.194217	717.20815	686.249529	686.141289	
12.4749	717.267446	717.269236	686.322758	686.219829	
12.48464	717.329134	717.330323	686.384446	686.298368	
12.49818	717.416291	717.408862	686.471604	686.403088	
12.50821	717.481336	717.469949	686.536648	686.490355	
12.51851	717.550835	717.522309	686.606147	686.577621	
12.53002	717.624856	717.600849	686.680168	686.682341	
12.54014	717.692385	717.670662	686.747697	686.778334	
12.55024	717.760426	717.740475	686.815739	686.8656	
12.56033	717.829018	717.810288	686.88433	686.94414	
12.573	717.91621	717.880101	686.971523	687.02268	
12.58072	717.969532	717.958641	687.024844	687.092493	
12.59083	718.040012	718.028454	687.095325	687.162306	
12.60099	718.111554	718.106994	687.166866	687.214666	
12.6111	718.183327	718.185534	687.238639	687.275753	
12.62962	718.317387	718.32516	687.3727	687.363019	
12.63423	718.350682	718.360067	687.405994	687.380473	
12.64433	718.424397	718.438607	687.47971	687.432832	
12.65446	718.498941	718.517146	687.554253	687.485192	
12.66465	718.574528	718.595686	687.629841	687.537552	
12.67708	718.667924	718.674226	687.723237	687.598639	
12.68497	718.727281	718.744039	687.782594	687.668452	
12.69508	718.804164	718.813852	687.859476	687.746992	
12.70527	718.882233	718.892392	687.937546	687.834258	
12.71545	718.960964	718.962205	688.016277	687.938978	
12.72562	719.040122	719.040745	688.095434	688.034971	
12.73571	719.119303	719.110558	688.174616	688.139691	
12.74592	719.200064	719.180372	688.255376	688.244411	
12.75603	719.280571	719.258911	688.335883	688.357857	
12.76613	719.361691	719.337451	688.417003	688.462577	
12.77844	719.461606	719.415991	688.516918	688.55857	
12.78665	719.528456	719.494531	688.583768	688.645836	
12.79676	719.611523	719.581797	688.666836	688.733103	
12.8069	719.69543	719.669064	688.750743	688.811643	
12.81702	719.779785	719.75633	688.835098	688.890182	
12.82739	719.866878	719.843597	688.92219	688.959996	
12.83737	719.951272	719.930863	689.006584	689.021082	
12.84751	720.03789	720.01813	689.093203	689.090895	
12.85766	720.12473	720.114123	689.180043	689.160708	
12.86781	720.212404	720.201389	689.267716	689.221795	
12.87797	720.300826	720.288656	689.356139	689.291608	
12.89661	720.465614	720.454462	689.520926	689.422508	
12.90126	720.506648	720.489369	689.56196	689.466141	
12.91139	720.597137	720.576635	689.65245	689.544681	
12.92149	720.687314	720.663901	689.742627	689.640674	
12.9321	720.783059	720.759895	689.838371	689.75412	
12.94225	720.875365	720.855888	689.930677	689.85884	
12.95243	720.968493	720.943154	690.023806	689.972287	
12.96257	721.061797	721.030421	690.117109	690.085733	
12.9727	721.155707	721.126414	690.211019	690.207906	
12.98524	721.273048	721.222407	690.32836	690.312626	
12.99308	721.346551	721.3184	690.401863	690.434799	
13.00321	721.442364	721.414393	690.497676	690.539519	
13.0134	721.537409	721.519113	690.592721	690.644238	
13.0235	721.63106	721.623833	690.686372	690.748958	
13.03374	721.725412	721.728552	690.780724	690.844951	
13.04385	721.817884	721.833272	690.873196	690.932218	
13.05411	721.911219	721.937992	690.966532	691.010757	
13.06419	722.002241	722.042712	691.057554	691.089297	
13.07433	722.093169	722.147431	691.148481	691.167837	
13.08687	722.20476	722.252151	691.260072	691.246377	
13.10289	722.345509	722.444137	691.400821	691.36855	
13.10759	722.386757	722.487771	691.442069	691.403457	
13.11853	722.482039	722.59249	691.537351	691.481996	
13.12896	722.572269	722.688483	691.627582	691.560536	
13.13857	722.65486	722.77575	691.710173	691.639076	
13.14873	722.741441	722.863016	691.796754	691.726342	
13.15885	722.827221	722.950283	691.882533	691.822336	
13.16905	722.912994	723.028823	691.968306	691.918329	
13.17918	722.99769	723.107362	692.053003	692.023048	
13.19099	723.095452	723.185902	692.150764	692.119042	
13.19954	723.166101	723.264442	692.221413	692.223761	
13.20966	723.248532	723.334255	692.303845	692.328481	
13.2277	723.394218	723.404068	692.44953	692.424474	
13.23239	723.431314	723.491335	692.486627	692.546647	
13.24259	723.512723	723.561148	692.568035	692.633914	
13.25269	723.59271	723.639688	692.648022	692.72118	
13.26287	723.672639	723.709501	692.727951	692.79972	
13.273	723.751649	723.779314	692.806961	692.87826	
13.28318	723.830444	723.849127	692.885756	692.948073	
13.29517	723.922376	723.927667	692.977689	693.009159	
13.30355	723.986423	723.99748	693.041735	693.070246	
13.31367	724.062678	724.067293	693.11799	693.122606	
13.32379	724.138526	724.137107	693.193838	693.174966	
13.33392	724.213917	724.20692	693.26923	693.227326	
13.34411	724.289126	724.276733	693.344439	693.279685	
13.35436	724.364091	724.346546	693.419404	693.349499	
13.36443	724.437169	724.416359	693.492481	693.410585	
13.37461	724.510481	724.477446	693.565793	693.480398	
13.38474	724.582787	724.547259	693.6381	693.558938	
13.39752	724.67302	724.608346	693.728333	693.646205	
13.4051	724.726241	724.678159	693.781554	693.733471	
13.41524	724.796818	724.739245	693.85213	693.820738	
13.42541	724.866953	724.809058	693.922265	693.916731	
13.43557	724.936485	724.878872	693.991798	694.012724	
13.44569	725.005122	724.948685	694.060435	694.09999	
13.45586	725.073454	725.018498	694.128767	694.187257	
13.46611	725.14169	725.088311	694.197003	694.265797	
13.47617	725.208071	725.166851	694.263384	694.344336	
13.48644	725.275309	725.236664	694.330622	694.414149	
13.49912	725.357189	725.315204	694.412501	694.475236	
13.50683	725.406739	725.385017	694.462052	694.536323	
13.51695	725.47112	725.463557	694.526432	694.588682	
13.52706	725.534823	725.53337	694.590136	694.641042	
13.53724	725.599648	725.603183	694.654961	694.675949	
13.54746	725.661555	725.681723	694.716867	694.728309	
13.55763	725.723814	725.751536	694.779126	694.763215	
13.56771	725.784915	725.812623	694.840228	694.806849	
13.57781	725.845527	725.882436	694.900839	694.850482	
13.58798	725.906014	725.943522	694.961326	694.902842	
13.60045	725.979179	726.004609	695.034491	694.955202	
13.60844	726.025718	726.056969	695.081031	695.016288	
13.61854	726.083887	726.118055	695.1392	695.077375	
13.62865	726.14156	726.170415	695.196872	695.147188	
13.63876	726.19865	726.222775	695.253962	695.217001	
13.64917	726.256788	726.266408	695.312101	695.295541	
13.65905	726.311415	726.318768	695.366728	695.374081	
13.66922	726.367003	726.371128	695.422316	695.45262	
13.67938	726.421911	726.423488	695.477223	695.522434	
13.6895	726.476067	726.467121	695.53138	695.592247	
13.70793	726.573223	726.519481	695.628535	695.653333	
13.71283	726.59775	726.580568	695.653063	695.731873	
13.72293	726.649812	726.632927	695.705124	695.784233	
13.73308	726.701491	726.685287	695.756804	695.827866	
13.74321	726.75246	726.728921	695.807772	695.862773	
13.75341	726.803219	726.78128	695.858532	695.897679	
13.77152	726.891	726.85982	695.946312	695.932586	
13.7761	726.913224	726.886	695.968537	695.950039	
13.7863	726.962008	726.929633	696.017321	695.967493	
13.79636	727.009531	726.981993	696.064843	696.002399	
13.80878	727.06722	727.034353	696.122532	696.037306	
13.81681	727.104207	727.077986	696.159519	696.072212	
13.82691	727.150095	727.12162	696.205407	696.115846	
13.83715	727.196022	727.17398	696.251334	696.176932	
13.84744	727.242854	727.208886	696.298166	696.229292	
13.85749	727.285458	727.261246	696.340771	696.299105	
13.86779	727.329814	727.313606	696.385126	696.360192	
13.87777	727.372241	727.357239	696.427553	696.430005	
13.8879	727.414671	727.400872	696.469983	696.499818	
13.89805	727.456581	727.453232	696.511893	696.560904	
13.90998	727.505014	727.496865	696.560326	696.621991	
13.91847	727.5391	727.549225	696.594412	696.674351	
13.92854	727.578901	727.592859	696.634214	696.726711	
13.93867	727.618354	727.645218	696.673666	696.761617	
13.94909	727.658974	727.697578	696.714287	696.796524	
13.95896	727.695559	727.732485	696.750871	696.813977	
13.9691	727.733279	727.784845	696.788591	696.831431	
13.97929	727.770548	727.828478	696.82586	696.840157	
13.9894	727.806967	727.863385	696.862279	696.848884	
13.99959	727.843063	727.907018	696.898375	696.85761	
14.01143	727.884117	727.941924	696.939429	696.866337	
14.02001	727.913538	727.976831	696.96885	696.875064	
14.03006	727.947327	728.003011	697.00264	696.901244	
14.0402	727.98087	728.037918	697.036182	696.927424	
14.05035	728.013828	728.064097	697.06914	696.96233	
14.06068	728.046774	728.081551	697.102087	697.01469	
14.07058	728.077766	728.116457	697.133079	697.06705	
14.0809	728.10949	728.133911	697.164802	697.11941	
14.09099	728.139895	728.160091	697.195207	697.189223	
14.10111	728.169785	728.186271	697.225098	697.25031	
14.12922	728.246909	728.23863	697.302222	697.398663	
14.13378	728.259571	728.256084	697.314884	697.424842	
14.14391	728.287039	728.273537	697.342352	697.468476	
14.15413	728.31414	728.299717	697.369452	697.494656	
14.16424	728.340366	728.325897	697.395679	697.503382	
14.17437	728.366053	728.34335	697.421365	697.503382	
14.1846	728.391414	728.360803	697.446727	697.503382	
14.1947	728.415864	728.378257	697.471176	697.485929	
14.20483	728.439802	728.39571	697.495115	697.468476	
14.21684	728.467325	728.42189	697.522638	697.459749	
14.22523	728.486212	728.439343	697.541525	697.451022	
14.23536	728.508399	728.465523	697.563711	697.459749	
14.24549	728.530009	728.482976	697.585321	697.468476	
14.25564	728.55109	728.509156	697.606402	697.494656	
14.26584	728.571681	728.535336	697.626994	697.529562	
14.27591	728.591458	728.55279	697.64677	697.573195	
14.28612	728.610902	728.570243	697.666215	697.625555	
14.29626	728.629637	728.596423	697.684949	697.677915	
14.30643	728.647853	728.622603	697.703166	697.730275	
14.31658	728.66547	728.640056	697.720782	697.782635	
14.32679	728.682601	728.674963	697.737914	697.826268	
14.33698	728.699117	728.692416	697.754429	697.861175	
14.34708	728.714929	728.718596	697.770241	697.887355	
14.35721	728.730217	728.744776	697.785529	697.887355	
14.36749	728.745517	728.762229	697.80083	697.887355	
14.37754	728.759198	728.788409	697.81451	697.878628	
14.38777	728.77291	728.814589	697.828222	697.861175	
14.39787	728.785905	728.832042	697.841218	697.843721	
14.40798	728.798359	728.849496	697.853672	697.817542	
14.41813	728.810308	728.866949	697.865621	697.800088	
14.42833	728.821737	728.884402	697.87705	697.782635	
14.43854	728.832628	728.901856	697.887941	697.782635	
14.44866	728.842869	728.919309	697.898182	697.791362	
14.4588	728.852592	728.919309	697.907904	697.817542	
14.46906	728.861879	728.928035	697.917192	697.843721	
14.47908	728.87041	728.928035	697.925723	697.887355	
14.48921	728.878512	728.928035	697.933825	697.922261	
14.49939	728.886111	728.919309	697.941424	697.965895	
14.50952	728.893159	728.919309	697.948471	698.009528	
14.52682	728.90336	728.919309	697.958672	698.035708	
14.53214	728.906517	728.910582	697.961829	698.061888	
14.5417	728.911653	728.901856	697.966966	698.079341	
14.55185	728.916605	728.901856	697.971917	698.079341	
14.56199	728.921067	728.901856	697.976379	698.061888	
14.57214	728.925065	728.901856	697.980378	698.053161	
14.58232	728.928611	728.901856	697.983924	698.026981	
14.59247	728.931706	728.910582	697.987018	697.992074	
14.60269	728.934388	728.910582	697.9897	697.957168	
14.61275	728.936631	728.919309	697.991943	697.930988	
14.62293	728.938515	728.919309	697.993828	697.913535	
14.63384	728.944384	728.919309	697.999696	697.913535	
14.64397	728.944384	728.928035	697.999696	697.913535	
14.65412	728.944384	728.928035	697.999696	697.922261	
14.66426	728.944384	728.928035	697.999696	697.948441	
14.67444	728.944384	728.928035	697.999696	697.974621	
14.6846	728.944384	728.928035	697.999696	698.000801	
14.69475	728.944384	728.928035	697.999696	698.026981	
14.70495	728.944384	728.919309	697.999696	698.053161	
14.71504	728.944384	728.919309	697.999696	698.070614	
14.72517	728.944384	728.928035	697.999696	698.088068	
14.73611	728.944384	728.928035	697.999696	698.088068	
14.74588	728.944384	728.928035	697.999696	698.079341	
14.756	728.944384	728.928035	697.999696	698.061888	
14.76615	728.944384	728.928035	697.999696	698.044434	
14.77626	728.944384	728.928035	697.999696	698.018254	
14.78651	728.944384	728.928035	697.999696	697.992074	
14.79662	728.944384	728.928035	697.999696	697.957168	
14.80675	728.944384	728.928035	697.999696	697.939715	
14.81696	728.944384	728.928035	697.999696	697.922261	
14.82702	728.944384	728.928035	697.999696	697.922261	
14.83722	728.944384	728.928035	697.999696	697.922261	
14.8474	728.944384	728.928035	697.999696	697.939715	
14.85755	728.944384	728.928035	697.999696	697.957168	
14.87557	728.944384	728.928035	697.999696	697.992074	
14.88014	728.944384	728.928035	697.999696	698.009528	
14.89036	728.944384	728.928035	697.999696	698.035708	
14.90043	728.944384	728.928035	697.999696	698.053161	
14.91055	728.944384	728.928035	697.999696	698.070614	
14.92075	728.944384	728.928035	697.999696	698.079341	
14.93085	728.944384	728.928035	697.999696	698.079341	
14.94101	728.944384	728.928035	697.999696	698.061888	
14.95117	728.944384	728.928035	697.999696	698.053161	
14.96919	728.944384	728.928035	697.999696	698.018254	
14.97373	728.944384	728.928035	697.999696	698.000801	
14.98391	728.944384	728.928035	697.999696	697.983348	
14.99406	728.944384	728.928035	697.999696	697.957168	
15.00418	728.944384	728.928035	697.999696	697.939715	
15.01437	728.944384	728.928035	697.999696	697.930988	
15.02456	728.944384	728.928035	697.999696	697.930988	
15.03474	728.944384	728.928035	697.999696	697.939715	
15.04486	728.944384	728.928035	697.999696	697.948441	
15.05503	728.944384	728.928035	697.999696	697.965895	
15.06521	728.944384	728.928035	697.999696	697.992074	
15.0753	728.944384	728.928035	697.999696	698.009528	
15.08549	728.944384	728.928035	697.999696	698.026981	
15.09561	728.944384	728.928035	697.999696	698.053161	
15.10578	728.944384	728.928035	697.999696	698.061888	
15.11596	728.944384	728.928035	697.999696	698.070614	
15.12615	728.944384	728.928035	697.999696	698.079341	
15.13625	728.944384	728.928035	697.999696	698.070614	
15.14643	728.944384	728.928035	697.999696	698.061888	
15.15652	728.944384	728.928035	697.999696	698.044434	
15.16671	728.944384	728.928035	697.999696	698.018254	
15.17694	728.944384	728.928035	697.999696	697.992074	
15.18708	728.944384	728.928035	697.999696	697.974621	
15.19722	728.944384	728.928035	697.999696	697.948441	
15.20737	728.944384	728.928035	697.999696	697.930988	
15.21751	728.944384	728.928035	697.999696	697.922261	
15.22774	728.944384	728.928035	697.999696	697.922261	
15.23782	728.944384	728.928035	697.999696	697.930988	
15.24796	728.944384	728.928035	697.999696	697.948441	
15.25811	728.944384	728.928035	697.999696	697.965895	
15.26824	728.944384	728.928035	697.999696	697.992074	
15.27857	728.944384	728.928035	697.999696	698.018254	
15.28859	728.944384	728.928035	697.999696	698.035708	
15.29878	728.944384	728.928035	697.999696	698.061888	
15.30884	728.944384	728.928035	697.999696	698.070614	
15.31897	728.944384	728.928035	697.999696	698.079341	
15.3293	728.944384	728.928035	697.999696	698.079341	
15.33932	728.944384	728.928035	697.999696	698.061888	
15.34944	728.944384	728.928035	697.999696	698.053161	
15.35956	728.944384	728.928035	697.999696	698.026981	
15.36979	728.944384	728.928035	697.999696	698.009528	
15.37997	728.944384	728.928035	697.999696	697.983348	
15.39006	728.944384	728.928035	697.999696	697.957168	
15.4002	728.944384	728.928035	697.999696	697.939715	
15.4104	728.944384	728.928035	697.999696	697.922261	
15.42049	728.944384	728.928035	697.999696	697.922261	
15.43062	728.944384	728.928035	697.999696	697.930988	
15.44079	728.944384	728.928035	697.999696	697.948441	
15.45092	728.944384	728.928035	697.999696	697.957168	
15.46108	728.944384	728.928035	697.999696	697.983348	
15.4713	728.944384	728.928035	697.999696	698.009528	
15.48144	728.944384	728.928035	697.999696	698.026981	
15.49158	728.944384	728.928035	697.999696	698.053161	
15.50173	728.944384	728.928035	697.999696	698.061888	
15.5121	728.944384	728.928035	697.999696	698.070614	
15.52209	728.944384	728.928035	697.999696	698.070614	
15.53222	728.944384	728.928035	697.999696	698.061888	
15.54241	728.944384	728.928035	697.999696	698.053161	
15.55254	728.944384	728.928035	697.999696	698.035708	
15.56274	728.944384	728.928035	697.999696	698.018254	
15.57283	728.944384	728.928035	697.999696	697.992074	
15.583	728.944384	728.928035	697.999696	697.974621	
15.59317	728.944384	728.928035	697.999696	697.957168	
15.60331	728.944384	728.928035	697.999696	697.939715	
15.61346	728.944384	728.928035	697.999696	697.930988	
15.62361	728.944384	728.928035	697.999696	697.930988	
15.6338	728.944384	728.928035	697.999696	697.939715	
15.64403	728.944384	728.928035	697.999696	697.957168	
15.65417	728.944384	728.928035	697.999696	697.965895	
15.6643	728.944384	728.928035	697.999696	697.992074	
15.67452	728.944384	728.928035	697.999696	698.009528	
15.68463	728.944384	728.928035	697.999696	698.026981	
15.69478	728.944384	728.928035	697.999696	698.053161	
15.705	728.944384	728.928035	697.999696	698.061888	
15.7151	728.944384	728.928035	697.999696	698.070614	
15.72525	728.944384	728.928035	697.999696	698.070614	
15.73549	728.944384	728.928035	697.999696	698.061888	
15.7456	728.944384	728.928035	697.999696	698.053161	
15.75578	728.944384	728.928035	697.999696	698.035708	
15.7659	728.944384	728.928035	697.999696	698.018254	
15.77605	728.944384	728.928035	697.999696	697.992074	
15.78627	728.944384	728.928035	697.999696	697.974621	
15.79636	728.944384	728.928035	697.999696	697.957168	
15.80649	728.944384	728.928035	697.999696	697.948441	
15.81664	728.944384	728.928035	697.999696	697.939715	
15.82679	728.944384	728.928035	697.999696	697.939715	
15.83697	728.944384	728.928035	697.999696	697.948441	
15.84713	728.944384	728.928035	697.999696	697.957168	
15.85733	728.944384	728.928035	697.999696	697.965895	
15.86741	728.944384	728.928035	697.999696	697.992074	
15.87762	728.944384	728.928035	697.999696	698.000801	
15.88779	728.944384	728.928035	697.999696	698.026981	
15.89787	728.944384	728.928035	697.999696	698.044434	
15.90808	728.944384	728.928035	697.999696	698.053161	
15.91823	728.944384	728.928035	697.999696	698.053161	
15.92835	728.944384	728.928035	697.999696	698.053161	
15.93856	728.944384	728.928035	697.999696	698.053161	
15.94899	728.944384	728.928035	697.999696	698.035708	
15.95882	728.944384	728.928035	697.999696	698.026981	
15.96898	728.944384	728.928035	697.999696	698.009528	
15.97909	728.944384	728.928035	697.999696	697.992074	
15.98926	728.944384	728.928035	697.999696	697.974621	
15.99937	728.944384	728.928035	697.999696	697.957168	
16.00952	728.944384	728.928035	697.999696	697.948441	
16.01976	728.944384	728.928035	697.999696	697.939715	
16.02987	728.944384	728.928035	697.999696	697.939715	
16.03999	728.944384	728.928035	697.999696	697.948441	
16.05017	728.944384	728.928035	697.999696	697.957168	
16.06027	728.944384	728.928035	697.999696	697.965895	
16.07039	728.944384	728.928035	697.999696	697.983348	
16.08056	728.944384	728.928035	697.999696	698.000801	
16.09076	728.944384	728.928035	697.999696	698.018254	
16.10084	728.944384	728.928035	697.999696	698.035708	
16.11096	728.944384	728.928035	697.999696	698.053161	
16.12315	728.944384	728.928035	697.999696	698.061888	
16.1313	728.944384	728.928035	697.999696	698.061888	
16.14144	728.944384	728.928035	697.999696	698.061888	
16.15158	728.944384	728.928035	697.999696	698.053161	
16.16177	728.944384	728.928035	697.999696	698.035708	
16.17203	728.944384	728.928035	697.999696	698.018254	
16.18214	728.944384	728.928035	697.999696	698.000801	
16.1923	728.944384	728.928035	697.999696	697.983348	
16.20254	728.944384	728.928035	697.999696	697.957168	
16.21259	728.944384	728.928035	697.999696	697.948441	
16.22275	728.944384	728.928035	697.999696	697.939715	
16.23295	728.944384	728.928035	697.999696	697.939715	
16.24308	728.944384	728.928035	697.999696	697.939715	
16.25326	728.944384	728.928035	697.999696	697.957168	
16.2634	728.944384	728.928035	697.999696	697.965895	
16.27355	728.944384	728.928035	697.999696	697.983348	
16.28373	728.944384	728.928035	697.999696	698.000801	
16.29386	728.944384	728.928035	697.999696	698.018254	
16.30402	728.944384	728.928035	697.999696	698.035708	
16.31418	728.944384	728.928035	697.999696	698.053161	
16.32428	728.944384	728.928035	697.999696	698.061888	
16.33447	728.944384	728.928035	697.999696	698.061888	
16.34464	728.944384	728.928035	697.999696	698.061888	
16.35487	728.944384	728.928035	697.999696	698.053161	
16.36496	728.944384	728.928035	697.999696	698.035708	
16.37511	728.944384	728.928035	697.999696	698.018254	
16.38526	728.944384	728.928035	697.999696	697.992074	
16.39544	728.944384	728.928035	697.999696	697.974621	
16.40558	728.944384	728.928035	697.999696	697.957168	
16.41571	728.944384	728.928035	697.999696	697.948441	
16.42589	728.944384	728.928035	697.999696	697.948441	
16.43604	728.944384	728.928035	697.999696	697.957168	
16.44621	728.944384	728.928035	697.999696	697.965895	
16.45634	728.944384	728.928035	697.999696	697.983348	
16.46659	728.944384	728.928035	697.999696	697.992074	
16.47667	728.944384	728.928035	697.999696	698.018254	
16.48683	728.944384	728.928035	697.999696	698.026981	
16.49701	728.944384	728.928035	697.999696	698.044434	
16.50711	728.944384	728.928035	697.999696	698.061888	
16.51746	728.944384	728.928035	697.999696	698.070614	
16.5368	728.944384	728.928035	697.999696	698.079341	
16.54146	728.944384	728.928035	697.999696	698.079341	
16.55162	728.944384	728.928035	697.999696	698.070614	
16.56178	728.944384	728.928035	697.999696	698.061888	
16.572	728.944384	728.928035	697.999696	698.061888	
16.58211	728.944384	728.928035	697.999696	698.053161	
16.59227	728.944384	728.928035	697.999696	698.053161	
16.60253	728.944384	728.928035	697.999696	698.053161	
16.61259	728.944384	728.928035	697.999696	698.053161	
16.62272	728.944384	728.928035	697.999696	698.053161	
16.63291	728.944384	728.928035	697.999696	698.053161	
16.64307	728.944384	728.928035	697.999696	698.053161	
16.65322	728.944384	728.928035	697.999696	698.053161	
16.66338	728.944384	728.928035	697.999696	698.053161	
16.67351	728.944384	728.928035	697.999696	698.053161	
16.68369	728.944384	728.928035	697.999696	698.044434	
16.69386	728.944384	728.928035	697.999696	698.044434	
16.70404	728.944384	728.928035	697.999696	698.044434	
16.71418	728.944384	728.928035	697.999696	698.035708	
16.72432	728.944384	728.928035	697.999696	698.035708	
16.73447	728.944384	728.928035	697.999696	698.026981	
16.74464	728.944384	728.928035	697.999696	698.026981	
16.75483	728.944384	728.928035	697.999696	698.026981	
16.76494	728.944384	728.928035	697.999696	698.026981	
16.77508	728.944384	728.928035	697.999696	698.026981	
16.78528	728.944384	728.928035	697.999696	698.026981	
16.79543	728.944384	728.928035	697.999696	698.026981	
16.80556	728.944384	728.928035	697.999696	698.026981	
16.81572	728.944384	728.928035	697.999696	698.026981	
16.82585	728.944384	728.928035	697.999696	698.026981	
16.8361	728.944384	728.928035	697.999696	698.026981	
16.8462	728.944384	728.928035	697.999696	698.026981	
16.85636	728.944384	728.928035	697.999696	698.026981	
16.86656	728.944384	728.928035	697.999696	698.026981	
16.87666	728.944384	728.928035	697.999696	698.026981	
16.88681	728.944384	728.928035	697.999696	698.026981	
16.89697	728.944384	728.928035	697.999696	698.026981	
16.90712	728.944384	728.928035	697.999696	698.026981	
16.91731	728.944384	728.928035	697.999696	698.026981	
16.92742	728.944384	728.928035	697.999696	698.026981	
16.93758	728.944384	728.928035	697.999696	698.026981	
16.94773	728.944384	728.928035	697.999696	698.026981	
16.95789	728.944384	728.928035	697.999696	698.026981	
16.96805	728.944384	728.928035	697.999696	698.026981	
16.97817	728.944384	728.928035	697.999696	698.026981	
16.98831	728.944384	728.928035	697.999696	698.026981	
16.99847	728.944384	728.928035	697.999696	698.026981	
17.00864	728.944384	728.928035	697.999696	698.026981	
17.01882	728.944384	728.928035	697.999696	698.026981	
17.02892	728.944384	728.928035	697.999696	698.026981	
17.03906	728.944384	728.928035	697.999696	698.026981	
17.04923	728.944384	728.928035	697.999696	698.026981	
17.05947	728.944384	728.928035	697.999696	698.026981	
17.06959	728.944384	728.928035	697.999696	698.026981	
17.08805	728.944384	728.928035	697.999696	698.026981	
17.09263	728.944384	728.928035	697.999696	698.026981	
17.10278	728.944384	728.928035	697.999696	698.026981	
17.11297	728.944384	728.928035	697.999696	698.026981	
17.12515	728.944384	728.928035	697.999696	698.026981	
17.13324	728.944384	728.928035	697.999696	698.026981	
17.14337	728.944384	728.928035	697.999696	698.026981	
17.1535	728.944384	728.928035	697.999696	698.026981	
17.16369	728.944384	728.928035	697.999696	698.026981	
17.17383	728.944384	728.928035	697.999696	698.026981	
17.184	728.944384	728.928035	697.999696	698.026981	
17.19419	728.944384	728.928035	697.999696	698.026981	
17.20434	728.944384	728.928035	697.999696	698.026981	
17.21451	728.944384	728.928035	697.999696	698.026981	
17.22467	728.944384	728.928035	697.999696	698.026981	
17.23489	728.944384	728.928035	697.999696	698.026981	
17.24496	728.944384	728.928035	697.999696	698.026981	
17.25512	728.944384	728.928035	697.999696	698.026981	
17.26532	728.944384	728.928035	697.999696	698.026981	
17.27542	728.944384	728.928035	697.999696	698.026981	
17.2856	728.944384	728.928035	697.999696	698.026981	
17.29573	728.944384	728.928035	697.999696	698.026981	
17.30592	728.944384	728.928035	697.999696	698.026981	
17.31617	728.944384	728.928035	697.999696	698.026981	
17.32623	728.944384	728.928035	697.999696	698.026981	
17.33641	728.944384	728.928035	697.999696	698.026981	
17.34664	728.944384	728.928035	697.999696	698.026981	
17.35672	728.944384	728.928035	697.999696	698.026981	
17.36686	728.944384	728.928035	697.999696	698.026981	
17.37702	728.944384	728.928035	697.999696	698.026981	
17.38717	728.944384	728.928035	697.999696	698.026981	
17.39734	728.944384	728.928035	697.999696	698.026981	
17.40747	728.944384	728.928035	697.999696	698.026981	
17.41761	728.944384	728.928035	697.999696	698.026981	
17.42776	728.944384	728.928035	697.999696	698.026981	
17.43788	728.944384	728.928035	697.999696	698.026981	
17.44804	728.944384	728.928035	697.999696	698.026981	
17.45817	728.944384	728.928035	697.999696	698.026981	
17.46834	728.944384	728.928035	697.999696	698.026981	
17.47853	728.944384	728.928035	697.999696	698.026981	
17.48865	728.944384	728.928035	697.999696	698.026981	
17.49884	728.944384	728.928035	697.999696	698.026981	
17.50892	728.944384	728.928035	697.999696	698.026981	
17.51917	728.944384	728.928035	697.999696	698.026981	
17.52933	728.944384	728.928035	697.999696	698.026981	
17.53941	728.944384	728.928035	697.999696	698.026981	
17.54956	728.944384	728.928035	697.999696	698.026981	
17.55973	728.944384	728.928035	697.999696	698.026981	
17.5703	728.944384	728.928035	697.999696	698.026981	
17.58002	728.944384	728.928035	697.999696	698.026981	
17.59074	728.944384	728.928035	697.999696	698.026981	
17.6003	728.944384	728.928035	697.999696	698.026981	
17.61045	728.944384	728.928035	697.999696	698.026981	
17.62068	728.944384	728.928035	697.999696	698.026981	
17.63091	728.944384	728.928035	697.999696	698.026981	
17.64086	728.944384	728.928035	697.999696	698.026981	
17.65104	728.944384	728.928035	697.999696	698.026981	
17.66118	728.944384	728.928035	697.999696	698.026981	
17.67919	728.944384	728.928035	697.999696	698.026981	
17.68376	728.944384	728.928035	697.999696	698.026981	
17.70854	728.944384	728.928035	697.999696	698.026981	
17.71336	728.944384	728.928035	697.999696	698.026981	
