12.46079	
12.46778	
12.47785	
12.48794	
12.49813	
12.50846	
12.51846	
12.52852	
12.53875	
12.54881	
12.55902	
12.56918	
12.57933	
12.58949	
12.59961	
12.60982	
12.62	
12.63011	
12.64027	
12.65049	
12.66054	
12.67071	
12.6809	
12.69104	
12.70116	
12.71133	
12.7215	
12.73166	
12.74179	
12.75195	
12.7621	
12.77226	
12.78253	
12.79257	
12.80276	
12.81288	
12.82301	
12.83318	
12.84335	
12.85348	
12.86363	
12.87378	
12.884	
12.89412	
12.90426	
12.91451	
12.92459	
12.93473	
12.94486	
12.95503	
12.96516	
12.97531	
12.98549	
12.99561	
13.00574	
13.01587	
13.02603	
13.03617	
13.04629	
13.05646	
13.06666	
13.07675	
13.08694	
13.09708	
13.10723	
13.11732	
13.12748	
13.13763	
13.14779	
13.1579	
13.16806	
13.17819	
13.18839	
13.19848	
13.20864	
13.21884	
13.22899	
13.23912	
13.24932	
13.25944	
13.26958	
13.27972	
13.28992	
13.30008	
13.31024	
13.32036	
13.33061	
13.34071	
13.35084	
13.36105	
13.37118	
13.38133	
13.39147	
13.40163	
13.41184	
13.4226	
13.43271	
13.44287	
13.45299	
13.46317	
13.47334	
13.48347	
13.49375	
13.50379	
13.51394	
13.52412	
13.53422	
13.54443	
13.55485	
13.56472	
13.57487	
13.58503	
13.59515	
13.60533	
13.61551	
13.62562	
13.63575	
13.6461	
13.65642	
13.66662	
13.67668	
13.68687	
13.69743	
13.70712	
13.71739	
13.72754	
13.73765	
13.74779	
13.75798	
13.76811	
13.77822	
13.78848	
13.79851	
13.80896	
13.81911	
13.82927	
13.83942	
13.85477	638.958434	638.956313	608.08356	608.081438	
13.86018	638.959195	638.956313	608.08432	608.081438	
13.8703	638.961376	638.956313	608.086502	608.081438	
13.88042	638.964173	638.965039	608.089299	608.081438	
13.89062	638.967618	638.965039	608.092744	608.090165	
13.90076	638.971662	638.965039	608.096787	608.090165	
13.91092	638.976326	638.973766	608.101452	608.090165	
13.9211	638.981632	638.982492	608.106758	608.098891	
13.93124	638.987522	638.982492	608.112648	608.098891	
13.94135	638.994008	638.991219	608.119134	608.107618	
13.95154	639.001177	638.999946	608.126303	608.107618	
13.96197	639.009175	638.999946	608.134301	608.107618	
13.972	639.017453	639.008672	608.142578	608.107618	
13.99174	639.036669	639.017399	608.161795	608.107618	
13.9964	639.04112	639.017399	608.166245	608.107618	
14.00654	639.051589	639.026126	608.176714	608.107618	
14.01668	639.062687	639.026126	608.187813	608.107618	
14.03466	639.084726	639.026126	608.209852	608.107618	
14.03917	639.090184	639.026126	608.21531	608.116345	
14.04936	639.103328	639.026126	608.228454	608.133798	
14.06153	639.120002	639.026126	608.245128	608.151251	
14.0717	639.134487	639.026126	608.259612	608.168705	
14.08186	639.149566	639.034852	608.274692	608.194884	
14.09209	639.16539	639.034852	608.290516	608.221064	
14.10217	639.181578	639.052306	608.306703	608.247244	
14.11233	639.198539	639.069759	608.323665	608.282151	
14.12259	639.216285	639.087212	608.341411	608.317057	
14.13262	639.234228	639.104665	608.359353	608.343237	
14.14281	639.253077	639.139572	608.378202	608.369417	
14.15295	639.272474	639.174479	608.3976	608.404324	
14.16422	639.294826	639.209385	608.419952	608.430504	
14.17442	639.315634	639.253018	608.44076	608.456684	
14.18454	639.336895	639.296652	608.462021	608.482864	
14.19473	639.358932	639.340285	608.484058	608.500317	
14.20488	639.38151	639.383918	608.506635	608.526497	
14.21497	639.404537	639.436278	608.529662	608.54395	
14.22515	639.42841	639.479911	608.553536	608.561404	
14.23526	639.452731	639.523545	608.577857	608.578857	
14.2454	639.47774	639.567178	608.602865	608.59631	
14.25602	639.504703	639.610811	608.629828	608.613763	
14.26696	639.533041	639.654444	608.658167	608.631217	
14.27704	639.55981	639.689351	608.684936	608.639943	
14.28739	639.587967	639.724257	608.713093	608.657397	
14.2973	639.615474	639.759164	608.740599	608.67485	
14.30764	639.64486	639.785344	608.769986	608.70103	
14.31752	639.673465	639.811524	608.798591	608.718483	
14.32885	639.707128	639.837704	608.832253	608.75339	
14.33786	639.734314	639.855157	608.859439	608.77957	
14.34801	639.765599	639.881337	608.890724	608.814476	
14.35815	639.797492	639.89879	608.922618	608.849383	
14.36959	639.834263	639.916244	608.959388	608.901743	
14.37973	639.867441	639.933697	608.992566	608.945376	
14.38986	639.90118	639.942424	609.026306	608.980283	
14.40002	639.935688	639.959877	609.060813	609.032642	
14.4182	639.999802	639.97733	609.124927	609.111182	
14.42309	640.017009	639.986057	609.142134	609.128636	
14.43286	640.052068	640.00351	609.177194	609.172269	
14.44301	640.089147	640.012237	609.214272	609.215902	
14.4531	640.126604	640.038417	609.25173	609.259535	
14.46329	640.165067	640.05587	609.290192	609.294442	
14.47351	640.204259	640.08205	609.329384	609.329348	
14.48373	640.244061	640.10823	609.369187	609.372982	
14.49393	640.284449	640.143136	609.409575	609.407888	
14.50399	640.324862	640.18677	609.449988	609.442795	
14.51406	640.365932	640.221676	609.491058	609.468975	
14.52427	640.408186	640.274036	609.533312	609.503881	
14.53442	640.450804	640.326396	609.575929	609.538788	
14.54458	640.494108	640.378756	609.619234	609.573695	
14.55476	640.538094	640.431116	609.663219	609.608601	
14.56486	640.582415	640.492202	609.70754	609.652234	
14.57511	640.627943	640.553289	609.753069	609.695868	
14.58529	640.673853	640.623102	609.798979	609.739501	
14.59537	640.719845	640.692915	609.844971	609.783134	
14.60566	640.767475	640.754002	609.892601	609.835494	
14.61602	640.81609	640.823815	609.941215	609.887854	
14.62584	640.862701	640.893628	609.987826	609.940214	
14.63601	640.911604	640.963441	610.03673	610.0013	
14.64612	640.960835	641.024528	610.085961	610.05366	
14.65624	641.010749	641.094341	610.135875	610.114747	
14.66638	641.0614	641.164154	610.186526	610.167106	
14.67748	641.117564	641.225241	610.24269	610.23692	
14.68768	641.169769	641.286327	610.294895	610.298006	
14.69783	641.222397	641.347414	610.347523	610.350366	
14.70798	641.275597	641.399773	610.400722	610.411453	
14.71811	641.32929	641.452133	610.454415	610.463812	
14.72829	641.383914	641.504493	610.50904	610.516172	
14.7385	641.439299	641.556853	610.564425	610.568532	
14.74869	641.495209	641.600486	610.620335	610.620892	
14.7587	641.550716	641.64412	610.675842	610.673252	
14.76894	641.608146	641.687753	610.733272	610.725612	
14.78027	641.67245	641.740113	610.797576	610.786698	
14.79045	641.730885	641.775019	610.85601	610.830332	
14.80063	641.789877	641.818652	610.915002	610.891418	
14.81079	641.849419	641.862286	610.974544	610.935051	
14.8209	641.909232	641.905919	611.034358	610.996138	
14.83108	641.970113	641.949552	611.095239	611.048498	
14.84128	642.031757	641.993185	611.156883	611.109584	
14.8514	642.093499	642.036819	611.218625	611.161944	
14.86155	642.156056	642.089179	611.281181	611.223031	
14.87166	642.21899	642.141538	611.344116	611.284117	
14.88294	642.290048	642.211352	611.415174	611.35393	
14.89299	642.353805	642.263711	611.47893	611.423744	
14.90366	642.422376	642.333525	611.547502	611.493557	
14.91366	642.487026	642.394611	611.612152	611.56337	
14.92376	642.553096	642.473151	611.678221	611.633183	
14.93396	642.620347	642.542964	611.745472	611.702996	
14.94411	642.688181	642.612777	611.813306	611.772809	
14.95427	642.756236	642.691317	611.881361	611.851349	
14.96441	642.824975	642.769857	611.9501	611.921162	
14.97474	642.896216	642.857123	612.021342	611.999702	
14.98558	642.970567	642.935663	612.095692	612.086969	
14.99575	643.041478	643.014203	612.166604	612.156782	
15.00583	643.112285	643.101469	612.237411	612.226595	
15.01596	643.18406	643.188736	612.309185	612.296408	
15.02618	643.257224	643.258549	612.38235	612.374948	
15.03629	643.330111	643.345816	612.455237	612.444761	
15.04643	643.403825	643.424355	612.52895	612.523301	
15.05657	643.478207	643.502895	612.603332	612.593114	
15.06682	643.554007	643.581435	612.679132	612.662927	
15.08658	643.703126	643.659975	612.828252	612.73274	
15.09143	643.739608	643.764695	612.864733	612.83746	
15.1013	643.814583	643.851961	612.939708	612.907273	
15.1115	643.892754	643.921774	613.017879	612.985813	
15.12159	643.970643	644.000314	613.095768	613.064353	
15.1318	644.050119	644.078854	613.175244	613.142893	
15.14194	644.129664	644.157394	613.25479	613.221433	
15.15212	644.210458	644.235933	613.335584	613.308699	
15.16223	644.290751	644.314473	613.415876	613.387239	
15.17242	644.372497	644.393013	613.497623	613.465779	
15.18256	644.454603	644.462826	613.579729	613.553045	
15.19312	644.540733	644.541366	613.665859	613.631585	
15.20304	644.622108	644.619906	613.747234	613.718852	
15.21307	644.705085	644.689719	613.83021	613.806118	
15.22323	644.789701	644.776986	613.914826	613.893384	
15.23337	644.874859	644.846799	613.999984	613.971924	
15.24354	644.960857	644.934065	614.085982	614.067917	
15.25367	645.047088	645.012605	614.172213	614.146457	
15.26381	645.134082	645.091145	614.259207	614.233724	
15.27396	645.221798	645.178411	614.346923	614.32099	
15.28412	645.310115	645.265678	614.43524	614.408257	
15.29454	645.401556	645.352944	614.526681	614.495523	
15.30448	645.48906	645.431484	614.614185	614.58279	
15.31468	645.579693	645.527477	614.704819	614.670056	
15.32473	645.669551	645.614744	614.794676	614.757322	
15.33489	645.761142	645.710737	614.886268	614.844589	
15.34507	645.853364	645.80673	614.978489	614.940582	
15.35528	645.946501	645.893996	615.071627	615.027848	
15.36537	646.039169	645.998716	615.164294	615.123842	
15.37556	646.133399	646.094709	615.258525	615.211108	
15.38599	646.230557	646.190702	615.355682	615.307101	
15.39621	646.326323	646.295422	615.451448	615.403094	
15.4064	646.422535	646.400142	615.54766	615.507814	
15.41644	646.517751	646.504862	615.642877	615.603807	
15.42669	646.615674	646.609581	615.740799	615.6998	
15.43675	646.712363	646.714301	615.837488	615.80452	
15.45473	646.887631	646.827747	616.012757	615.900513	
15.45928	646.931886	646.958647	616.057012	616.031413	
15.46943	647.031512	647.063367	616.156638	616.136133	
15.47955	647.131418	647.176813	616.256544	616.240852	
15.48977	647.232901	647.281533	616.358027	616.345572	
15.49998	647.33502	647.394979	616.460146	616.450292	
15.51012	647.436843	647.499699	616.561968	616.555012	
15.52026	647.539485	647.604419	616.66461	616.659731	
15.5304	647.6426	647.709139	616.767726	616.764451	
15.54057	647.746766	647.813858	616.871892	616.869171	
15.55073	647.851356	647.918578	616.976481	616.973891	
15.56089	647.956637	648.023298	617.081763	617.07861	
15.57111	648.063138	648.128018	617.188263	617.174603	
15.58119	648.168795	648.224011	617.293921	617.270597	
15.59137	648.276126	648.328731	617.401251	617.375316	
15.60158	648.384378	648.424724	617.509503	617.471309	
15.61172	648.492545	648.529443	617.617671	617.576029	
15.62189	648.601687	648.634163	617.726812	617.680749	
15.63204	648.711102	648.738883	617.836227	617.776742	
15.64214	648.820609	648.843603	617.945734	617.890188	
15.65236	648.932037	648.948322	618.057162	617.994908	
15.6625	649.043228	649.053042	618.168353	618.108355	
15.67266	649.155391	649.157762	618.280517	618.221801	
15.68285	649.268432	649.262482	618.393558	618.335247	
15.69295	649.38104	649.367201	618.506165	618.45742	
15.70419	649.507666	649.480648	618.632791	618.579593	
15.71441	649.622501	649.585368	618.747627	618.701767	
15.72446	649.736461	649.698814	618.861586	618.82394	
15.73463	649.85244	649.803534	618.977565	618.937386	
15.74484	649.969444	649.925707	619.09457	619.059559	
15.755	650.086469	650.030427	619.211595	619.181732	
15.76508	650.203296	650.1526	619.328422	619.303905	
15.77523	650.321461	650.266046	619.446586	619.417352	
15.78537	650.440208	650.388219	619.565333	619.539525	
15.79595	650.56478	650.510392	619.689905	619.661698	
15.80694	650.694905	650.641292	619.82003	619.792597	
15.81706	650.815223	650.772192	619.940348	619.906044	
15.82721	650.936564	650.894365	620.06169	620.036943	
15.83729	651.057639	651.025264	620.182765	620.15039	
15.84771	651.182799	651.147437	620.307925	620.272563	
15.85765	651.302055	651.278337	620.427181	620.394736	
15.86778	651.423519	651.40051	620.548645	620.516909	
15.87789	651.544935	651.53141	620.670061	620.639082	
15.88803	651.666615	651.662309	620.791741	620.769982	
15.89822	651.788859	651.793209	620.913985	620.892155	
15.90969	651.926487	651.932835	621.051613	621.031781	
15.91995	652.049691	652.055009	621.174817	621.153954	
15.93001	652.170279	652.194635	621.295405	621.276127	
15.94017	652.292283	652.316808	621.417409	621.407027	
15.95032	652.414083	652.447708	621.539209	621.5292	
15.96045	652.535667	652.578607	621.660793	621.651373	
15.97065	652.657935	652.70078	621.783061	621.773546	
15.99073	652.899099	652.953853	622.024225	622.009165	
15.99529	652.953699	653.006213	622.078825	622.061525	
16.008	653.106291	653.137113	622.231417	622.183698	
16.01599	653.202135	653.259286	622.327261	622.305871	
16.02578	653.319591	653.381459	622.444717	622.419318	
16.03591	653.441187	653.503632	622.566313	622.550218	
16.04605	653.562831	653.625805	622.687957	622.663664	
16.05629	653.685687	653.747978	622.810813	622.785837	
16.06639	653.806839	653.870151	622.931965	622.90801	
16.07654	653.928663	653.983597	623.053789	623.030183	
16.08665	654.049971	654.10577	623.175097	623.152356	
16.09687	654.172647	654.219217	623.297773	623.274529	
16.10744	654.299559	654.332663	623.424685	623.396702	
16.11727	654.417543	654.454836	623.542669	623.518875	
16.12725	654.537255	654.568283	623.662381	623.641048	
16.13748	654.659967	654.690456	623.785093	623.763221	
16.14754	654.780687	654.803902	623.905813	623.885394	
16.15774	654.903159	654.917349	624.028285	624.007567	
16.16786	655.024479	655.039522	624.149605	624.129741	
16.17802	655.146435	655.161695	624.271561	624.243187	
16.18822	655.268835	655.283868	624.393961	624.36536	
16.19834	655.390299	655.397314	624.515425	624.487533	
16.20887	655.516671	655.519487	624.641797	624.618433	
16.21893	655.637391	655.632934	624.762517	624.731879	
16.22901	655.758363	655.755107	624.883489	624.854052	
16.23913	655.879791	655.859826	625.004917	624.967499	
16.24933	656.002155	655.981999	625.127281	625.098398	
16.25957	656.125071	656.095446	625.250197	625.211845	
16.26963	656.245743	656.208892	625.370869	625.334018	
16.27974	656.367027	656.331065	625.492153	625.456191	
16.2901	656.491383	656.444512	625.616509	625.578364	
16.30004	656.610723	656.566685	625.735849	625.700537	
16.31023	656.732979	656.688858	625.858105	625.82271	
16.32038	656.854755	656.802304	625.979881	625.944883	
16.33092	656.983335	656.924477	626.108461	626.067056	
16.34072	657.098811	657.04665	626.223937	626.189229	
16.35084	657.220299	657.17755	626.345425	626.320129	
16.3612	657.344643	657.299723	626.469769	626.442302	
16.37121	657.464691	657.430623	626.589817	626.573201	
16.38134	657.586287	657.552796	626.711413	626.695375	
16.39148	657.707991	657.674969	626.833117	626.817548	
16.40167	657.830247	657.805868	626.955373	626.948447	
16.41181	657.951987	657.936768	627.077113	627.061894	
16.42397	658.097955	658.076394	627.223081	627.20152	
16.43345	658.211583	658.198568	627.336709	627.323693	
16.44351	658.332267	658.329467	627.457393	627.445866	
16.45362	658.453647	658.460367	627.578773	627.568039	
16.46376	658.575267	658.58254	627.700393	627.690212	
16.474	658.698231	658.71344	627.823357	627.803659	
16.48417	658.820211	658.835613	627.945337	627.925832	
16.4944	658.943079	658.966512	628.068205	628.039278	
16.50445	659.063559	659.088685	628.188685	628.161451	
16.51474	659.188023	659.210858	628.313149	628.283624	
16.52596	659.321763	659.350485	628.446889	628.414524	
16.53612	659.443647	659.481385	628.568773	628.536697	
16.54628	659.565519	659.594831	628.690645	628.65887	
16.55644	659.687487	659.725731	628.812613	628.781043	
16.56658	659.809155	659.847904	628.934281	628.903216	
16.57674	659.931075	659.970077	629.056201	629.016662	
16.58703	660.054567	660.083523	629.179693	629.147562	
16.59706	660.174975	660.205696	629.300101	629.269735	
16.60733	660.298251	660.327869	629.423377	629.391908	
16.61769	660.422559	660.450042	629.547685	629.514081	
16.62882	660.556131	660.589669	629.681257	629.653708	
16.639	660.678207	660.711842	629.803333	629.784607	
16.64918	660.800343	660.834015	629.925469	629.90678	
16.65938	660.922803	660.956188	630.047929	630.028953	
16.66948	661.044015	661.078361	630.169141	630.151126	
16.67967	661.166223	661.200534	630.291349	630.273299	
16.68984	661.288275	661.322707	630.413401	630.395473	
16.69997	661.409847	661.44488	630.534973	630.517646	
16.71008	661.531179	661.567053	630.656305	630.631092	
16.72031	661.654311	661.689226	630.779437	630.753265	
16.73151	661.788327	661.811399	630.913453	630.884165	
16.74168	661.910451	661.933572	631.035577	631.006338	
16.75179	662.031711	662.055745	631.156837	631.128511	
16.76195	662.153679	662.169192	631.278805	631.250684	
16.7721	662.275419	662.282638	631.400545	631.36413	
16.78227	662.397459	662.396084	631.522585	631.486303	
16.79243	662.519403	662.509531	631.644529	631.59975	
16.80261	662.641551	662.622977	631.766677	631.730649	
16.81273	662.762991	662.736424	631.888117	631.844096	
16.82287	662.884635	662.84987	632.009761	631.966269	
16.83415	663.020103	662.98077	632.145229	632.105895	
16.8444	663.143103	663.094216	632.268229	632.228068	
16.85445	663.263667	663.207662	632.388793	632.350241	
16.86456	663.384963	663.329836	632.510089	632.472414	
16.87485	663.508443	663.452009	632.633569	632.594587	
16.8849	663.629043	663.565455	632.754169	632.71676	
16.89504	663.750687	663.687628	632.875813	632.84766	
16.90515	663.872043	663.818528	632.997169	632.961107	
16.91531	663.993951	663.940701	633.119077	633.092006	
16.92543	664.115355	664.062874	633.240481	633.214179	
16.93675	664.251291	664.2025	633.376417	633.353806	
16.94707	664.375035	664.324673	633.500161	633.484705	
16.9571	664.495395	664.455573	633.620521	633.606878	
16.96721	664.616787	664.586473	633.741913	633.729051	
16.97775	664.743279	664.717372	633.868405	633.851224	
16.98751	664.860327	664.848272	633.985453	633.964671	
16.99768	664.982355	664.979172	634.107481	634.086844	
17.00781	665.103867	665.110071	634.228993	634.209017	
17.0179	665.225031	665.232244	634.350157	634.322463	
17.02808	665.347155	665.363144	634.472281	634.444636	
17.03951	665.484399	665.511497	634.609525	634.575536	
17.04969	665.606487	665.63367	634.731613	634.697709	
17.05982	665.728059	665.76457	634.853185	634.819882	
17.06995	665.849547	665.89547	634.974673	634.942055	
17.08011	665.971575	666.017643	635.096701	635.064228	
17.0903	666.093771	666.139816	635.218897	635.186401	
17.10054	666.216639	666.261989	635.341765	635.308574	
17.11067	666.338211	666.392888	635.463337	635.430747	
17.12081	666.459879	666.506335	635.585005	635.55292	
17.13102	666.582435	666.637234	635.707561	635.68382	
17.14224	666.717147	666.768134	635.842273	635.81472	
17.15238	666.839187	666.890307	635.964313	635.936893	
17.16253	666.95962	667.003754	636.084746	636.067793	
17.17268	667.079904	667.125927	636.205029	636.181239	
17.18279	667.19906	667.239373	636.324186	636.312139	
17.19297	667.318472	667.361546	636.443597	636.434312	
17.20317	667.437556	667.483719	636.562682	636.556485	
17.2133	667.555136	667.605892	636.680261	636.669931	
17.22345	667.672289	667.719339	636.797414	636.792104	
17.23358	667.788682	667.832785	636.913808	636.905551	
17.24495	667.918477	667.963685	637.043602	637.03645	
17.25505	668.033216	668.077131	637.158342	637.149897	
17.26516	668.147495	668.181851	637.272621	637.27207	
17.27533	668.261758	668.295297	637.386883	637.385516	
17.28565	668.377159	668.408744	637.502284	637.498963	
17.29564	668.488255	668.513463	637.61338	637.603682	
17.30584	668.60105	668.618183	637.726176	637.708402	
17.31593	668.711963	668.722903	637.837089	637.821848	
17.32604	668.822608	668.827623	637.947734	637.935295	
17.34744	669.053305	669.037062	638.17843	638.162188	
17.36026	669.191204	669.167962	638.316329	638.301814	
17.36495	669.241038	669.211595	638.366164	638.354174	
17.37509	669.349068	669.316315	638.474194	638.458894	
17.38522	669.456298	669.421035	638.581424	638.57234	
17.39539	669.56341	669.525754	638.688536	638.67706	
17.40555	669.669628	669.621747	638.794754	638.78178	
17.41573	669.775606	669.726467	638.900732	638.895226	
17.42655	669.887549	669.831187	639.012675	638.999946	
17.43616	669.986406	669.935907	639.111531	639.104665	
17.44873	670.114663	670.049353	639.239789	639.209385	
17.45635	670.192171	670.154073	639.317297	639.322832	
17.46642	670.293929	670.258793	639.419054	639.436278	
17.47659	670.396021	670.363512	639.521147	639.540998	
17.48671	670.497164	670.468232	639.62229	639.645718	
17.49749	670.604128	670.572952	639.729253	639.750437	
17.50712	670.699029	670.677672	639.824155	639.855157	
17.51722	670.798135	670.791118	639.923261	639.95115	
17.52728	670.896143	670.904564	640.021269	640.047143	
17.53748	670.994923	671.009284	640.120049	640.143136	
17.55012	671.116381	671.114004	640.241506	640.230403	
17.55811	671.192824	671.218724	640.31795	640.317669	
17.56795	671.286257	671.323443	640.411383	640.404936	
17.57809	671.382018	671.428163	640.507144	640.500929	
17.58819	671.476808	671.532883	640.601933	640.588195	
17.6067	671.648072	671.707416	640.773197	640.745275	
17.61131	671.690767	671.759776	640.815893	640.780182	
17.62139	671.783314	671.847042	640.908439	640.876175	
17.63159	671.876434	671.943035	641.00156	640.972168	
17.64173	671.968364	672.030302	641.09349	641.059434	
17.6544	672.082285	672.117568	641.207411	641.155427	
17.66208	672.151014	672.196108	641.27614	641.25142	
17.67223	672.241148	672.283375	641.366274	641.347414	
17.68238	672.330752	672.361914	641.455878	641.443407	
17.69255	672.419937	672.440454	641.545063	641.5394	
17.70273	672.508561	672.527721	641.633687	641.635393	
17.71289	672.596367	672.60626	641.721492	641.722659	
17.72312	672.684199	672.6848	641.809324	641.818652	
17.73324	672.770442	672.76334	641.895567	641.905919	
17.74335	672.856071	672.850607	641.981196	641.993185	
17.75561	672.95895	672.929146	642.084075	642.071725	
17.76374	673.026759	673.016413	642.151884	642.158992	
17.77386	673.110637	673.094953	642.235762	642.237532	
17.78395	673.193656	673.173492	642.318782	642.316071	
17.79413	673.276752	673.260759	642.401878	642.403338	
17.80439	673.359885	673.348025	642.48501	642.481878	
17.81447	673.440956	673.435292	642.566081	642.560417	
17.82477	673.523194	673.522558	642.64832	642.630231	
17.83477	673.602487	673.609825	642.727613	642.70877	
17.84488	673.68199	673.697091	642.807115	642.78731	
17.85695	673.776093	673.784358	642.901218	642.86585	
17.86528	673.840588	673.862898	642.965714	642.94439	
17.87541	673.91842	673.941437	643.043546	643.02293	
17.88556	673.995767	674.028704	643.120893	643.101469	
17.89573	674.07273	674.107244	643.197856	643.180009	
17.90613	674.150787	674.185783	643.275913	643.258549	
17.91598	674.224043	674.255597	643.349168	643.337089	
17.92611	674.298865	674.32541	643.423991	643.424355	
17.93627	674.373328	674.395223	643.498453	643.502895	
17.94639	674.446822	674.465036	643.571947	643.572708	
17.95659	674.52036	674.534849	643.645485	643.642522	
17.96677	674.593099	674.604662	643.718225	643.721061	
17.99471	674.786718	674.665749	643.911843	643.790875	
17.99923	674.818197	674.805375	643.943322	643.956681	
18.00943	674.888458	674.866462	644.013584	644.026494	
18.01959	674.957953	674.936275	644.083078	644.096307	
18.0297	675.026376	675.006088	644.151502	644.16612	
18.0399	675.094922	675.067175	644.220047	644.235933	
18.05004	675.162374	675.136988	644.287499	644.29702	
18.06297	675.247419	675.206801	644.372544	644.366833	
18.07081	675.298614	675.267888	644.42374	644.419193	
18.08057	675.361801	675.337701	644.486927	644.48028	
18.09072	675.426935	675.407514	644.55206	644.541366	
18.10083	675.491142	675.477327	644.616267	644.602453	
18.11102	675.555319	675.54714	644.680445	644.663539	
18.12118	675.618677	675.616953	644.743802	644.724626	
18.13136	675.681561	675.686767	644.806687	644.785712	
18.14156	675.743926	675.747853	644.869052	644.846799	
18.15164	675.804958	675.80894	644.930084	644.907885	
18.16184	675.866155	675.878753	644.991281	644.968972	
18.17232	675.928389	675.939839	645.053514	645.038785	
18.18218	675.986325	676.000926	645.11145	645.099871	
18.19234	676.045393	676.062012	645.170518	645.169685	
18.20247	676.103725	676.123099	645.22885	645.230771	
18.21267	676.161886	676.175459	645.287012	645.291858	
18.22281	676.219025	676.227819	645.344151	645.352944	
18.233	676.275908	676.288905	645.401033	645.414031	
18.2432	676.332202	676.341265	645.457327	645.475117	
18.25326	676.387112	676.393625	645.512238	645.527477	
18.26346	676.442205	676.445985	645.567331	645.588564	
18.27371	676.496971	676.498345	645.622097	645.64965	
18.28378	676.550119	676.550705	645.675244	645.70201	
18.29406	676.603812	676.603064	645.728938	645.75437	
18.30421	676.656176	676.655424	645.781302	645.798003	
18.31431	676.708689	676.699058	645.833814	645.841636	
18.3246	676.75961	676.751417	645.884736	645.893996	
18.33502	676.812355	676.803777	645.937481	645.93763	
18.34488	676.860056	676.856137	645.985182	645.981263	
18.35514	676.909941	676.89977	646.035067	646.024896	
18.36514	676.958008	676.943404	646.083134	646.068529	
18.37538	677.006599	676.995764	646.131724	646.112162	
18.38587	677.055706	677.048123	646.180832	646.155796	
18.396	677.102571	677.091757	646.227696	646.199429	
18.40613	677.148817	677.144117	646.273943	646.251789	
18.41632	677.194704	677.18775	646.319829	646.295422	
18.4273	677.243482	677.231383	646.368607	646.339055	
18.43662	677.284355	677.275016	646.40948	646.382688	
18.44672	677.328095	677.318649	646.45322	646.435048	
18.45697	677.37182	677.362283	646.496945	646.478682	
18.46748	677.416033	677.414643	646.541158	646.522315	
18.47776	677.458701	677.458276	646.583827	646.574675	
18.48794	677.500306	677.501909	646.625432	646.618308	
18.49818	677.541516	677.545542	646.666642	646.661941	
18.50821	677.581361	677.589176	646.706486	646.714301	
18.5267	677.652329	677.658989	646.777455	646.784114	
18.53126	677.6699	677.676442	646.795026	646.810294	
18.54142	677.70828	677.720075	646.833406	646.853927	
18.55153	677.74589	677.754982	646.871016	646.888834	
18.56173	677.783207	677.798615	646.908332	646.923741	
18.57186	677.819668	677.833522	646.944793	646.958647	
18.58207	677.855821	677.868428	646.980946	646.993554	
18.59225	677.891296	677.903335	647.016421	647.02846	
18.60241	677.92607	677.938241	647.051195	647.05464	
18.61265	677.960522	677.981875	647.085648	647.089547	
18.6227	677.993731	678.008055	647.118857	647.115727	
18.63288	678.0268	678.042961	647.151925	647.141907	
18.64312	678.059465	678.077868	647.18459	647.168087	
18.65356	678.092111	678.104048	647.217236	647.202993	
18.66337	678.122249	678.130228	647.247375	647.229173	
18.67347	678.152665	678.165134	647.277791	647.255353	
18.68374	678.183017	678.191314	647.308142	647.281533	
18.69387	678.212362	678.217494	647.337487	647.307713	
18.70402	678.241161	678.243674	647.366286	647.333893	
18.71419	678.269411	678.269854	647.394537	647.3688	
18.72428	678.296879	678.296034	647.422005	647.394979	
18.73449	678.324054	678.322214	647.44918	647.421159	
18.74463	678.350476	678.339667	647.475602	647.447339	
18.75477	678.376297	678.365847	647.501423	647.482246	
18.76494	678.401622	678.392027	647.526748	647.508426	
18.77502	678.42613	678.40948	647.551256	647.534606	
18.78626	678.45269	678.43566	647.577815	647.569512	
18.79647	678.476266	678.46184	647.601392	647.595692	
18.80656	678.498966	678.479293	647.624092	647.621872	
18.81668	678.521182	678.505473	647.646307	647.648052	
18.83522	678.559469	678.531653	647.684594	647.674232	
18.83979	678.568954	678.557833	647.69408	647.700412	
18.84997	678.589369	678.584013	647.714495	647.726592	
18.8601	678.609104	678.601466	647.734229	647.744045	
18.87043	678.628625	678.627646	647.753751	647.761499	
18.88042	678.646954	678.653826	647.77208	647.770225	
18.89062	678.665088	678.67128	647.790213	647.787679	
18.9008	678.68259	678.688733	647.807715	647.796405	
18.91093	678.699445	678.706186	647.82457	647.813858	
18.92108	678.715754	678.72364	647.84088	647.822585	
18.93129	678.731589	678.749819	647.856714	647.831312	
18.94139	678.746686	678.758546	647.871812	647.848765	
18.95156	678.761304	678.775999	647.88643	647.857492	
18.96176	678.775403	678.793453	647.900529	647.866218	
18.97183	678.788779	678.802179	647.913905	647.883672	
18.98203	678.801739	678.810906	647.926864	647.892398	
18.99224	678.814144	678.819633	647.93927	647.901125	
19.00242	678.825961	678.828359	647.951086	647.918578	
19.01266	678.837269	678.837086	647.962395	647.927305	
19.02271	678.847833	678.845813	647.972958	647.936032	
19.03282	678.857921	678.845813	647.983047	647.953485	
19.04309	678.867593	678.854539	647.992719	647.970938	
19.05316	678.876542	678.854539	648.001668	647.979665	
19.06331	678.885031	678.863266	648.010157	647.988391	
19.07345	678.892971	678.863266	648.018097	648.005845	
19.08361	678.900401	678.863266	648.025527	648.005845	
19.09421	678.907563	678.871993	648.032688	648.023298	
19.1047	678.914106	678.880719	648.039231	648.023298	
19.11449	678.91974	678.880719	648.044866	648.032025	
19.12472	678.925112	678.889446	648.050237	648.032025	
19.13486	678.929945	678.889446	648.055071	648.040751	
19.14496	678.934276	678.898172	648.059402	648.040751	
19.1552	678.93818	678.898172	648.063306	648.040751	
19.16527	678.941572	678.915626	648.066697	648.040751	
19.17539	678.944539	678.915626	648.069664	648.040751	
19.18599	678.94717	678.924352	648.072296	648.040751	
19.20482	678.950135	678.933079	648.075261	648.040751	
19.20939	678.95093	678.933079	648.076055	648.040751	
19.21956	678.956313	678.941806	648.081438	648.040751	
19.22969	678.956313	678.950532	648.081438	648.040751	
19.23987	678.956313	678.950532	648.081438	648.040751	
19.25005	678.956313	678.950532	648.081438	648.040751	
19.2602	678.956313	678.950532	648.081438	648.040751	
19.27034	678.956313	678.950532	648.081438	648.040751	
19.28047	678.956313	678.950532	648.081438	648.040751	
19.29085	678.956313	678.950532	648.081438	648.040751	
19.30092	678.956313	678.941806	648.081438	648.040751	
19.31103	678.956313	678.941806	648.081438	648.040751	
19.32115	678.956313	678.941806	648.081438	648.040751	
19.33132	678.956313	678.941806	648.081438	648.040751	
19.35054	678.956313	678.941806	648.081438	648.040751	
19.35521	678.956313	678.941806	648.081438	648.040751	
19.36527	678.956313	678.941806	648.081438	648.040751	
19.37539	678.956313	678.941806	648.081438	648.040751	
19.386	678.956313	678.941806	648.081438	648.040751	
19.39808	678.956313	678.941806	648.081438	648.040751	
19.40611	678.956313	678.941806	648.081438	648.040751	
19.41601	678.956313	678.941806	648.081438	648.040751	
19.42686	678.956313	678.941806	648.081438	648.040751	
19.43628	678.956313	678.941806	648.081438	648.040751	
19.44643	678.956313	678.941806	648.081438	648.040751	
19.45659	678.956313	678.941806	648.081438	648.040751	
19.46672	678.956313	678.941806	648.081438	648.040751	
19.48476	678.956313	678.941806	648.081438	648.040751	
19.48927	678.956313	678.941806	648.081438	648.040751	
19.50207	678.956313	678.941806	648.081438	648.040751	
19.51	678.956313	678.941806	648.081438	648.040751	
19.51989	678.956313	678.941806	648.081438	648.040751	
19.53004	678.956313	678.941806	648.081438	648.040751	
19.54015	678.956313	678.941806	648.081438	648.040751	
19.55033	678.956313	678.941806	648.081438	648.040751	
19.56049	678.956313	678.941806	648.081438	648.040751	
19.57065	678.956313	678.941806	648.081438	648.040751	
19.58083	678.956313	678.941806	648.081438	648.040751	
19.59097	678.956313	678.941806	648.081438	648.040751	
19.60331	678.956313	678.941806	648.081438	648.040751	
19.61134	678.956313	678.941806	648.081438	648.040751	
19.62145	678.956313	678.941806	648.081438	648.040751	
19.63166	678.956313	678.941806	648.081438	648.040751	
19.64182	678.956313	678.941806	648.081438	648.040751	
19.65196	678.956313	678.941806	648.081438	648.040751	
19.66223	678.956313	678.941806	648.081438	648.040751	
19.67245	678.956313	678.941806	648.081438	648.040751	
19.68244	678.956313	678.941806	648.081438	648.040751	
19.69262	678.956313	678.941806	648.081438	648.040751	
19.70274	678.956313	678.941806	648.081438	648.040751	
19.71294	678.956313	678.941806	648.081438	648.040751	
19.72317	678.956313	678.941806	648.081438	648.040751	
19.73323	678.956313	678.941806	648.081438	648.040751	
19.74339	678.956313	678.941806	648.081438	648.040751	
19.75367	678.956313	678.941806	648.081438	648.040751	
19.76385	678.956313	678.941806	648.081438	648.040751	
19.77399	678.956313	678.941806	648.081438	648.040751	
19.78415	678.956313	678.941806	648.081438	648.040751	
19.79446	678.956313	678.941806	648.081438	648.040751	
19.80475	678.956313	678.941806	648.081438	648.040751	
19.81476	678.956313	678.941806	648.081438	648.040751	
19.82491	678.956313	678.941806	648.081438	648.040751	
19.83511	678.956313	678.941806	648.081438	648.040751	
19.84522	678.956313	678.941806	648.081438	648.040751	
19.8553	678.956313	678.941806	648.081438	648.040751	
19.86556	678.956313	678.941806	648.081438	648.040751	
19.87566	678.956313	678.941806	648.081438	648.040751	
19.8858	678.956313	678.941806	648.081438	648.040751	
19.89593	678.956313	678.941806	648.081438	648.040751	
19.90624	678.956313	678.941806	648.081438	648.040751	
19.91648	678.956313	678.941806	648.081438	648.040751	
19.92663	678.956313	678.941806	648.081438	648.040751	
19.93683	678.956313	678.941806	648.081438	648.040751	
19.94697	678.956313	678.941806	648.081438	648.040751	
19.95746	678.956313	678.941806	648.081438	648.040751	
19.9672	678.956313	678.941806	648.081438	648.040751	
19.98882	678.956313	678.941806	648.081438	648.040751	
19.99338	678.956313	678.941806	648.081438	648.040751	
20.00356	678.956313	678.941806	648.081438	648.040751	
20.01564	678.956313	678.941806	648.081438	648.040751	
20.02421	678.956313	678.941806	648.081438	648.040751	
20.03401	678.956313	678.941806	648.081438	648.040751	
20.04416	678.956313	678.941806	648.081438	648.040751	
20.05427	678.956313	678.941806	648.081438	648.040751	
20.06447	678.956313	678.941806	648.081438	648.040751	
20.07462	678.956313	678.941806	648.081438	648.040751	
20.08484	678.956313	678.941806	648.081438	648.040751	
20.09497	678.956313	678.941806	648.081438	648.040751	
20.10505	678.956313	678.941806	648.081438	648.040751	
20.11691	678.956313	678.941806	648.081438	648.040751	
20.12579	678.956313	678.941806	648.081438	648.040751	
20.13564	678.956313	678.941806	648.081438	648.040751	
20.14575	678.956313	678.941806	648.081438	648.040751	
20.15587	678.956313	678.941806	648.081438	648.040751	
20.16614	678.956313	678.941806	648.081438	648.040751	
20.17616	678.956313	678.941806	648.081438	648.040751	
20.1863	678.956313	678.941806	648.081438	648.040751	
20.19644	678.956313	678.941806	648.081438	648.040751	
20.20656	678.956313	678.941806	648.081438	648.040751	
20.21672	678.956313	678.941806	648.081438	648.040751	
20.2273	678.956313	678.941806	648.081438	648.040751	
20.23708	678.956313	678.941806	648.081438	648.040751	
20.24722	678.956313	678.941806	648.081438	648.040751	
20.25732	678.956313	678.941806	648.081438	648.040751	
20.26776	678.956313	678.941806	648.081438	648.040751	
20.2776	678.956313	678.941806	648.081438	648.040751	
20.2878	678.956313	678.941806	648.081438	648.040751	
20.29798	678.956313	678.941806	648.081438	648.040751	
20.30806	678.956313	678.941806	648.081438	648.040751	
20.31821	678.956313	678.941806	648.081438	648.040751	
20.32846	678.956313	678.941806	648.081438	648.040751	
20.33861	678.956313	678.941806	648.081438	648.040751	
20.34886	678.956313	678.941806	648.081438	648.040751	
20.35891	678.956313	678.941806	648.081438	648.040751	
20.3691	678.956313	678.941806	648.081438	648.040751	
20.37934	678.956313	678.941806	648.081438	648.040751	
20.38943	678.956313	678.941806	648.081438	648.040751	
20.39959	678.956313	678.941806	648.081438	648.040751	
20.40972	678.956313	678.941806	648.081438	648.040751	
20.41989	678.956313	678.941806	648.081438	648.040751	
20.43072	678.956313	678.941806	648.081438	648.040751	
20.44085	678.956313	678.941806	648.081438	648.040751	
20.45098	678.956313	678.941806	648.081438	648.040751	
20.4611	678.956313	678.941806	648.081438	648.040751	
20.47131	678.956313	678.941806	648.081438	648.040751	
20.48147	678.956313	678.941806	648.081438	648.040751	
20.4917	678.956313	678.941806	648.081438	648.040751	
20.5018	678.956313	678.941806	648.081438	648.040751	
20.51191	678.956313	678.941806	648.081438	648.040751	
20.52209	678.956313	678.941806	648.081438	648.040751	
20.53225	678.956313	678.941806	648.081438	648.040751	
20.54245	678.956313	678.941806	648.081438	648.040751	
20.55259	678.956313	678.941806	648.081438	648.040751	
20.56277	678.956313	678.941806	648.081438	648.040751	
20.57289	678.956313	678.941806	648.081438	648.040751	
20.58309	678.956313	678.941806	648.081438	648.040751	
20.59322	678.956313	678.941806	648.081438	648.040751	
20.60345	678.956313	678.941806	648.081438	648.040751	
20.61355	678.956313	678.941806	648.081438	648.040751	
20.62366	678.956313	678.941806	648.081438	648.040751	
20.63424	678.956313	678.941806	648.081438	648.040751	
20.64444	678.956313	678.941806	648.081438	648.040751	
20.65454	678.956313	678.941806	648.081438	648.040751	
20.66472	678.956313	678.941806	648.081438	648.040751	
20.67487	678.956313	678.941806	648.081438	648.040751	
20.68502	678.956313	678.941806	648.081438	648.040751	
20.69517	678.956313	678.941806	648.081438	648.040751	
20.70531	678.956313	678.941806	648.081438	648.040751	
20.71555	678.956313	678.941806	648.081438	648.040751	
20.72599	678.956313	678.941806	648.081438	648.040751	
20.74479	678.956313	678.941806	648.081438	648.040751	
20.74944	678.956313	678.941806	648.081438	648.040751	
20.75958	678.956313	678.941806	648.081438	648.040751	
20.76974	678.956313	678.941806	648.081438	648.040751	
20.77986	678.956313	678.941806	648.081438	648.040751	
20.79002	678.956313	678.941806	648.081438	648.040751	
20.80022	678.956313	678.941806	648.081438	648.040751	
20.81036	678.956313	678.941806	648.081438	648.040751	
20.82049	678.956313	678.941806	648.081438	648.040751	
20.83067	678.956313	678.941806	648.081438	648.040751	
20.84091	678.956313	678.941806	648.081438	648.040751	
20.85118	678.956313	678.941806	648.081438	648.040751	
20.8612	678.956313	678.941806	648.081438	648.040751	
20.87132	678.956313	678.941806	648.081438	648.040751	
20.88149	678.956313	678.941806	648.081438	648.040751	
20.89171	678.956313	678.941806	648.081438	648.040751	
20.90181	678.956313	678.941806	648.081438	648.040751	
20.91198	678.956313	678.941806	648.081438	648.040751	
20.92211	678.956313	678.941806	648.081438	648.040751	
20.93227	678.956313	678.941806	648.081438	648.040751	
20.94248	678.956313	678.941806	648.081438	648.040751	
20.95263	678.956313	678.941806	648.081438	648.040751	
20.96281	678.956313	678.941806	648.081438	648.040751	
20.97298	678.956313	678.941806	648.081438	648.040751	
20.98309	678.956313	678.941806	648.081438	648.040751	
20.99328	678.956313	678.941806	648.081438	648.040751	
21.00348	678.956313	678.941806	648.081438	648.040751	
21.01358	678.956313	678.941806	648.081438	648.040751	
21.02373	678.956313	678.941806	648.081438	648.040751	
21.03388	678.956313	678.941806	648.081438	648.040751	
21.04503	678.956313	678.941806	648.081438	648.040751	
21.05517	678.956313	678.941806	648.081438	648.040751	
21.06557	678.956313	678.941806	648.081438	648.040751	
21.07572	678.956313	678.941806	648.081438	648.040751	
21.08608	678.956313	678.941806	648.081438	648.040751	
21.09594	678.956313	678.941806	648.081438	648.040751	
21.10613	678.956313	678.941806	648.081438	648.040751	
21.11625	678.956313	678.941806	648.081438	648.040751	
21.1264	678.956313	678.941806	648.081438	648.040751	
21.13653	678.956313	678.941806	648.081438	648.040751	
21.14766	678.956313	678.941806	648.081438	648.040751	
21.15779	678.956313	678.941806	648.081438	648.040751	
21.16793	678.956313	678.941806	648.081438	648.040751	
21.17807	678.956313	678.941806	648.081438	648.040751	
21.18823	678.956313	678.941806	648.081438	648.040751	
21.20625	678.956313	678.941806	648.081438	648.040751	
21.21094	678.956313	678.941806	648.081438	648.040751	
21.22101	678.956313	678.941806	648.081438	648.040751	
21.23111	678.956313	678.941806	648.081438	648.040751	
21.24129	678.956313	678.941806	648.081438	648.040751	
21.25155	678.956313	678.941806	648.081438	648.040751	
21.26166	678.956313	678.941806	648.081438	648.040751	
21.27183	678.956313	678.941806	648.081438	648.040751	
21.28195	678.956313	678.941806	648.081438	648.040751	
21.29207	678.956313	678.941806	648.081438	648.040751	
21.30227	678.956313	678.941806	648.081438	648.040751	
21.31242	678.956313	678.941806	648.081438	648.040751	
21.32259	678.956313	678.941806	648.081438	648.040751	
21.33282	678.956313	678.941806	648.081438	648.040751	
21.34403	678.956313	678.941806	648.081438	648.040751	
21.35323	678.956313	678.941806	648.081438	648.040751	
21.36346	678.956313	678.941806	648.081438	648.040751	
21.37353	678.956313	678.941806	648.081438	648.040751	
21.38369	678.956313	678.941806	648.081438	648.040751	
21.39379	678.956313	678.941806	648.081438	648.040751	
21.40399	678.956313	678.941806	648.081438	648.040751	
21.4142	678.956313	678.941806	648.081438	648.040751	
21.42438	678.956313	678.941806	648.081438	648.040751	
21.43452	678.956313	678.941806	648.081438	648.040751	
21.4448	678.956313	678.941806	648.081438	648.040751	
21.45613	678.956313	678.941806	648.081438	648.040751	
21.46633	678.956313	678.941806	648.081438	648.040751	
21.47645	678.956313	678.941806	648.081438	648.040751	
21.48659	678.956313	678.941806	648.081438	648.040751	
21.49693	678.956313	678.941806	648.081438	648.040751	
21.50697	678.956313	678.941806	648.081438	648.040751	
21.51709	678.956313	678.941806	648.081438	648.040751	
21.5272	678.956313	678.941806	648.081438	648.040751	
21.53733	678.956313	678.941806	648.081438	648.040751	
21.54771	678.956313	678.941806	648.081438	648.040751	
21.55895	678.956313	678.941806	648.081438	648.040751	
21.56909	678.956313	678.941806	648.081438	648.040751	
21.57928	678.956313	678.941806	648.081438	648.040751	
21.58938	678.956313	678.941806	648.081438	648.040751	
21.59957	678.956313	678.941806	648.081438	648.040751	
21.60972	678.956313	678.941806	648.081438	648.040751	
21.61986	678.956313	678.941806	648.081438	648.040751	
21.63005	678.956313	678.941806	648.081438	648.040751	
21.64016	678.956313	678.941806	648.081438	648.040751	
21.65035	678.956313	678.941806	648.081438	648.040751	
21.66168	678.956313	678.941806	648.081438	648.040751	
21.67182	678.956313	678.941806	648.081438	648.040751	
21.68201	678.956313	678.941806	648.081438	648.040751	
21.69216	678.956313	678.941806	648.081438	648.040751	
21.70225	678.956313	678.941806	648.081438	648.040751	
21.71244	678.956313	678.941806	648.081438	648.040751	
21.72262	678.956313	678.941806	648.081438	648.040751	
21.73281	678.956313	678.941806	648.081438	648.040751	
21.74293	678.956313	678.941806	648.081438	648.040751	
21.75306	678.956313	678.941806	648.081438	648.040751	
21.76432	678.956313	678.941806	648.081438	648.040751	
21.77448	678.956313	678.941806	648.081438	648.040751	
21.78454	678.956313	678.941806	648.081438	648.040751	
21.79518	678.956313	678.941806	648.081438	648.040751	
21.80497	678.956313	678.941806	648.081438	648.040751	
21.81508	678.956313	678.941806	648.081438	648.040751	
21.83912	678.956313	678.941806	648.081438	648.040751	
