18.44221	
18.45251	
18.46257	
18.47263	
18.4833	
18.49299	
18.50315	
18.51327	
18.52341	
18.53361	
18.54372	
18.55385	
18.56399	
18.57425	
18.58433	
18.59449	
18.60463	
18.61471	
18.62487	
18.63498	
18.64536	
18.65537	
18.66543	
18.67564	
18.68586	
18.69594	
18.70611	
18.71625	
18.72642	
18.73657	
18.74672	
18.7569	
18.76705	
18.77721	
18.78741	
18.79753	
18.80767	
18.81783	
18.82799	
18.83821	
18.8483	
18.85848	
18.86861	
18.87878	
18.88891	
18.89905	
18.90923	
18.91958	
18.92952	
18.93968	
18.9499	
18.96007	
18.97014	
18.98033	
18.99049	
19.00065	
19.0108	
19.02096	
19.03108	
19.04127	
19.0514	
19.0617	
19.07176	
19.08193	
19.09206	
19.10225	
19.11243	
19.12245	
19.13268	
19.14283	
19.15292	
19.16307	
19.17323	
19.18344	
19.19352	
19.20367	
19.21386	
19.22396	
19.23418	
19.24431	
19.25442	
19.26456	
19.27471	
19.28486	
19.29501	
19.30515	
19.3153	
19.32544	
19.33569	
19.34581	
19.35596	
19.36612	
19.37636	
19.38643	
19.39662	
19.40671	
19.41791	
19.42729	
19.43742	
19.4476	
19.45779	
19.46794	
19.47815	
19.48825	
19.4984	
19.50861	
19.51872	
19.52892	
19.53911	
19.54926	
19.55947	
19.56956	
19.57972	
19.58997	
19.60002	
19.61018	
19.6203	
19.63051	
19.64065	
19.65079	
19.66096	
19.67113	
19.68126	
19.69145	
19.70158	
19.71174	
19.72191	
19.73203	
19.7422	
19.75233	
19.76249	
19.77266	
19.78281	
19.79293	
19.80306	
19.8132	
19.82338	
19.83349	
19.84364	
19.85379	
19.86391	
19.87411	
19.88427	
19.89442	
19.90457	
19.91473	
19.92484	
19.93497	
19.94515	
19.95547	
19.96541	
19.98367	
19.98803	
19.99825	
20.00838	
20.01853	
20.02872	
20.03885	
20.04899	
20.05913	
20.06932	
20.09746	
20.10187	
20.11205	
20.12215	
20.13233	
20.14251	
20.1526	
20.16281	
20.17293	
20.18305	
20.1932	
20.20333	
20.21361	
20.22376	
20.23392	
20.24411	
20.25431	
20.26436	
20.27453	
20.28471	
20.2948	
20.30494	
20.31508	
20.32529	
20.33548	
20.34559	
20.35572	
20.36623	
20.37628	
20.38644	
20.39663	
20.40671	
20.41895	
20.42702	
20.43714	
20.44726	
20.45747	
20.46763	
20.47777	
20.48791	
20.49808	
20.50823	
20.51838	
20.52857	
20.53872	
20.54889	
20.55902	
20.56917	
20.57933	
20.58949	
20.59973	
20.60981	
20.61995	
20.63023	
20.64027	
20.65042	
20.66057	
20.67073	
20.68089	
20.69102	
20.70119	
20.71134	
20.72148	
20.73168	
20.7418	
20.75195	
20.76208	
20.77222	
20.78242	
20.79253	
20.80267	
20.81285	
20.82302	
20.83311	
20.84328	
20.8534	
20.87138	
20.87585	
20.88605	
20.89615	
20.91097	768.924236	768.922255	737.997002	737.995021	
20.91653	768.925006	768.922255	737.997772	737.995021	
20.92673	768.927191	768.922255	737.999957	737.995021	
20.93681	768.929953	768.922255	738.002718	737.995021	
20.94699	768.933372	768.922255	738.006138	737.995021	
20.95719	768.937418	768.922255	738.010184	737.995021	
20.9673	768.94204	768.930982	738.014806	737.995021	
20.97749	768.94733	768.930982	738.020095	737.995021	
20.98767	768.953228	768.939709	738.025993	737.995021	
20.99778	768.959696	768.939709	738.032462	737.995021	
21.01041	768.968843	768.948435	738.041609	737.995021	
21.01812	768.974655	768.957162	738.047421	737.995021	
21.02831	768.98305	768.957162	738.055815	737.995021	
21.03853	768.992092	768.965888	738.064858	738.003748	
21.04858	769.001583	768.974615	738.074349	738.003748	
21.05883	769.011918	768.983342	738.084683	738.012474	
21.06896	769.022714	768.992068	738.09548	738.021201	
21.0791	769.034153	768.992068	738.106919	738.029927	
21.08926	769.046244	769.009522	738.119009	738.038654	
21.09936	769.058865	769.009522	738.13163	738.056107	
21.10955	769.072221	769.026975	738.144986	738.073561	
21.11979	769.086282	769.035702	738.159047	738.099741	
21.12996	769.100846	769.044428	738.173611	738.117194	
21.14007	769.115955	769.061882	738.18872	738.134647	
21.15058	769.132336	769.070608	738.205101	738.169554	
21.16041	769.1482	769.088062	738.220965	738.187007	
21.17053	769.165171	769.105515	738.237936	738.213187	
21.18072	769.18289	769.122968	738.255656	738.239367	
21.19084	769.20108	769.149148	738.273845	738.265547	
21.20097	769.219914	769.166601	738.29268	738.283	
21.21115	769.239467	769.201508	738.312233	738.30918	
21.22168	769.260381	769.227688	738.333147	738.326633	
21.23165	769.280737	769.253868	738.353503	738.344087	
21.24169	769.301852	769.288774	738.374618	738.36154	
21.25183	769.323816	769.314954	738.396582	738.378993	
21.26212	769.346727	769.341134	738.419493	738.396447	
21.27217	769.369685	769.376041	738.442451	738.4139	
21.2823	769.393478	769.410947	738.466243	738.431353	
21.29245	769.417919	769.437127	738.490685	738.448807	
21.30264	769.443073	769.472034	738.515839	738.474986	
21.3129	769.469049	769.498214	738.541815	738.49244	
21.32302	769.495281	769.53312	738.568047	738.51862	
21.33314	769.52212	769.5593	738.594886	738.5448	
21.34326	769.549582	769.58548	738.622347	738.57098	
21.35341	769.577729	769.61166	738.650495	738.59716	
21.36359	769.606597	769.63784	738.679363	738.632066	
21.37372	769.635926	769.66402	738.708692	738.666973	
21.38389	769.666004	769.6902	738.73877	738.701879	
21.39403	769.696619	769.71638	738.769385	738.736786	
21.4042	769.727916	769.74256	738.800681	738.771692	
21.41478	769.761187	769.76874	738.833953	738.815326	
21.43361	769.82297	769.8211	738.895736	738.885139	
21.43825	769.838101	769.829826	738.910866	738.902592	
21.44831	769.871746	769.856006	738.944512	738.937499	
21.45864	769.906915	769.882186	738.979681	738.972405	
21.46887	769.942383	769.917093	739.015148	739.007312	
21.47898	769.978051	769.952	739.050817	739.050945	
21.48913	770.014465	769.978179	739.087231	739.085852	
21.49932	770.051684	770.013086	739.12445	739.120758	
21.50944	770.089208	770.056719	739.161973	739.155665	
21.51968	770.127851	770.091626	739.200617	739.190571	
21.52985	770.166866	770.126532	739.239631	739.225478	
21.53997	770.206207	770.161439	739.278972	739.260385	
21.55018	770.246605	770.205072	739.319371	739.295291	
21.56025	770.287026	770.248705	739.359792	739.338924	
21.5704	770.328397	770.283612	739.401163	739.373831	
21.58056	770.37045	770.335972	739.443216	739.417464	
21.59075	770.4132	770.379605	739.485965	739.461097	
21.60087	770.456302	770.423238	739.529067	739.496004	
21.61103	770.500173	770.475598	739.572938	739.539637	
21.62119	770.544716	770.519232	739.617482	739.583271	
21.63181	770.591972	770.562865	739.664738	739.63563	
21.64166	770.636255	770.615225	739.70902	739.679264	
21.6518	770.68256	770.667585	739.755326	739.731624	
21.66194	770.729478	770.719944	739.802244	739.775257	
21.67211	770.777124	770.772304	739.849889	739.836343	
21.68223	770.825162	770.824664	739.897928	739.879977	
21.69236	770.873829	770.877024	739.946595	739.932336	
21.70259	770.923677	770.929384	739.996443	739.984696	
21.71265	770.973265	770.981744	740.046031	740.045783	
21.72325	771.026181	771.04283	740.098946	740.089416	
21.73387	771.079934	771.103917	740.1527	740.150503	
21.74388	771.131114	771.156277	740.203879	740.194136	
21.75398	771.183441	771.208637	740.256207	740.255222	
21.76415	771.236728	771.260996	740.309493	740.298856	
21.7748	771.293214	771.322083	740.36598	740.351215	
21.78451	771.34521	771.374443	740.417975	740.403575	
21.7946	771.399902	771.435529	740.472667	740.447209	
21.80479	771.455779	771.487889	740.528544	740.499568	
21.81486	771.511586	771.540249	740.584351	740.551928	
21.82504	771.568645	771.592609	740.64141	740.604288	
21.83657	771.634189	771.644969	740.706954	740.665375	
21.84658	771.691491	771.706055	740.764257	740.717735	
21.85668	771.749988	771.758415	740.822754	740.778821	
21.86679	771.809168	771.819502	740.881934	740.839908	
21.87702	771.869688	771.871862	740.942453	740.900994	
21.88715	771.930259	771.924222	741.003024	740.962081	
21.89731	771.991563	771.985308	741.064328	741.031894	
21.90747	772.053547	772.037668	741.126313	741.09298	
21.91759	772.115864	772.098754	741.188629	741.162794	
21.92791	772.180095	772.159841	741.252861	741.22388	
21.93943	772.25265	772.220928	741.325415	741.30242	
21.9492	772.314609	772.290741	741.387374	741.372233	
21.95939	772.379946	772.351827	741.452712	741.43332	
21.96949	772.445264	772.412914	741.51803	741.503133	
21.97967	772.511743	772.482727	741.584509	741.572946	
21.98986	772.578944	772.55254	741.65171	741.642759	
21.99998	772.646262	772.622353	741.719028	741.712572	
22.01011	772.71427	772.692166	741.787036	741.773659	
22.02031	772.783415	772.76198	741.85618	741.843472	
22.03046	772.852776	772.840519	741.925541	741.904558	
22.04207	772.933096	772.919059	742.005862	741.983098	
22.05188	773.001348	773.006326	742.074114	742.052911	
22.06221	773.074931	773.076139	742.147697	742.122725	
22.08133	773.210973	773.224492	742.283739	742.253624	
22.08653	773.248158	773.268125	742.320923	742.288531	
22.09666	773.321469	773.337938	742.394235	742.358344	
22.10682	773.395574	773.425205	742.46834	742.436884	
22.11697	773.470268	773.495018	742.543034	742.506697	
22.12708	773.545221	773.582284	742.617986	742.585237	
22.13725	773.621271	773.652098	742.694036	742.663777	
22.1501	773.718476	773.756817	742.791242	742.75977	
22.16021	773.795407	773.82663	742.868173	742.83831	
22.17034	773.873168	773.913897	742.945934	742.916849	
22.18047	773.951498	773.98371	743.024264	742.995389	
22.19073	774.031524	774.06225	743.104289	743.082656	
22.20082	774.11079	774.14079	743.183556	743.161195	
22.21097	774.191235	774.21933	743.264001	743.248462	
22.2211	774.272066	774.297869	743.344831	743.327002	
22.23121	774.353325	774.367683	743.42609	743.405542	
22.24403	774.457612	774.454949	743.530378	743.492808	
22.25176	774.520928	774.533489	743.593694	743.580075	
22.26173	774.602602	774.612029	743.675368	743.649888	
22.27196	774.687288	774.699295	743.760054	743.737154	
22.28212	774.772171	774.777835	743.844937	743.824421	
22.29222	774.856994	774.856375	743.92976	743.90296	
22.30247	774.943824	774.943641	744.016589	743.990227	
22.31257	775.02993	775.022181	744.102696	744.068767	
22.32276	775.117508	775.100721	744.190273	744.156033	
22.33327	775.208455	775.187987	744.281221	744.2433	
22.34545	775.314904	775.275254	744.387669	744.330566	
22.35317	775.382501	775.353794	744.455267	744.417833	
22.36333	775.472215	775.44106	744.54498	744.505099	
22.3735	775.562709	775.5196	744.635474	744.592365	
22.38366	775.653715	775.615593	744.726481	744.688359	
22.39382	775.745287	775.694133	744.818052	744.784352	
22.40416	775.839256	775.790126	744.912022	744.871618	
22.41422	775.931145	775.886119	745.003911	744.976338	
22.43347	776.109865	776.060652	745.182631	745.150871	
22.43807	776.152393	776.113012	745.225158	745.194504	
22.45073	776.271045	776.200278	745.34381	745.290497	
22.45896	776.348372	776.304998	745.421138	745.395217	
22.46856	776.439163	776.409718	745.511928	745.499937	
22.47877	776.536407	776.505711	745.609173	745.59593	
22.48883	776.632922	776.601704	745.705688	745.70065	
22.49905	776.731565	776.706424	745.80433	745.805369	
22.50926	776.830619	776.811143	745.903384	745.901362	
22.51937	776.92939	776.915863	746.002155	745.997356	
22.5295	777.028923	777.020583	746.101689	746.093349	
22.5396	777.128862	777.125303	746.201627	746.198068	
22.55214	777.254011	777.230022	746.326776	746.294062	
22.55998	777.332452	777.343469	746.405218	746.390055	
22.57011	777.434412	777.456915	746.507178	746.486048	
22.58024	777.537089	777.561635	746.609855	746.582041	
22.59047	777.64139	777.675081	746.714155	746.686761	
22.60058	777.745097	777.788528	746.817863	746.782754	
22.61069	777.849481	777.893248	746.922246	746.878747	
22.62089	777.955305	778.006694	747.028071	746.983467	
22.63104	778.061322	778.111414	747.134088	747.088186	
22.64114	778.167322	778.22486	747.240087	747.192906	
22.65351	778.298266	778.32958	747.371031	747.297626	
22.66152	778.383291	778.4343	747.456057	747.402346	
22.67173	778.492312	778.539019	747.565077	747.515792	
22.68183	778.600862	778.643739	747.673628	747.629238	
22.69196	778.710298	778.748459	747.783064	747.742685	
22.70214	778.820941	778.853179	747.893706	747.856131	
22.71228	778.931721	778.957898	748.004486	747.969578	
22.72248	779.041951	779.062618	748.114717	748.083024	
22.7326	779.1507	779.167338	748.223466	748.205197	
22.7428	779.259688	779.272058	748.332454	748.318643	
22.75325	779.370691	779.376777	748.443457	748.43209	
22.7631	779.47472	779.481497	748.547486	748.545536	
22.77328	779.581756	779.594944	748.654522	748.667709	
22.78342	779.687585	779.699663	748.760351	748.781156	
22.79354	779.79264	779.804383	748.865405	748.885875	
22.80371	779.898048	779.909103	748.970814	748.990595	
22.81385	780.001779	780.022549	749.074545	749.095315	
22.82413	780.106694	780.127269	749.17946	749.200035	
22.84224	780.288999	780.231989	749.361765	749.304754	
22.84683	780.335295	780.371615	749.40806	749.435654	
22.85878	780.454738	780.485062	749.527503	749.531647	
22.86737	780.540198	780.598508	749.612964	749.62764	
22.8774	780.639269	780.703228	749.712035	749.723633	
22.88754	780.73899	780.816674	749.811756	749.828353	
22.89767	780.837829	780.921394	749.910595	749.924346	
22.90789	780.937031	781.017387	750.009797	750.011613	
22.91801	781.034686	781.122107	750.107452	750.107606	
22.9282	781.13236	781.2181	750.205126	750.203599	
22.93831	781.228653	781.314093	750.301419	750.290865	
22.94847	781.324827	781.410086	750.397593	750.386859	
22.96139	781.446073	781.497353	750.518838	750.474125	
22.96894	781.51664	781.584619	750.589406	750.561392	
22.97898	781.609764	781.663159	750.682529	750.657385	
22.98917	781.703697	781.750425	750.776463	750.753378	
22.99926	781.796171	781.828965	750.868937	750.840644	
23.00944	781.888853	781.907505	750.961618	750.936637	
23.0196	781.980732	781.986045	751.053497	751.03263	
23.02979	782.072239	782.064585	751.145004	751.119897	
23.04	782.163307	782.134398	751.236072	751.224617	
23.05009	782.252713	782.221664	751.325479	751.311883	
23.06026	782.342257	782.291477	751.415023	751.39915	
23.07056	782.432295	782.378744	751.505061	751.495143	
23.08101	782.522992	782.457284	751.595757	751.591136	
23.09111	782.609989	782.535823	751.682755	751.678402	
23.1013	782.697187	782.62309	751.769952	751.774395	
23.11139	782.782979	782.70163	751.855745	751.861662	
23.12154	782.868628	782.788896	751.941393	751.957655	
23.13173	782.954295	782.876163	752.027061	752.036195	
23.14193	783.038834	782.963429	752.111599	752.123461	
23.15208	783.122614	783.050696	752.195379	752.202001	
23.16219	783.2055	783.137962	752.278266	752.289267	
23.17245	783.28902	783.233955	752.361786	752.376534	
23.18258	783.370839	783.321222	752.443605	752.455074	
23.19269	783.451836	783.408488	752.524602	752.533614	
23.20287	783.532843	783.495755	752.605608	752.612153	
23.21339	783.615897	783.591748	752.688662	752.690693	
23.22316	783.692503	783.679014	752.765269	752.760506	
23.23331	783.771366	783.775007	752.844132	752.839046	
23.24347	783.849781	783.862274	752.922547	752.917586	
23.25362	783.927525	783.94954	753.000291	752.987399	
23.26378	784.004749	784.036807	753.077515	753.065939	
23.27395	784.081347	784.124073	753.154113	753.144479	
23.29205	784.215413	784.21134	753.288178	753.214292	
23.29665	784.249508	784.316059	753.322274	753.310285	
23.3068	784.324023	784.385872	753.396788	753.388825	
23.31706	784.398713	784.473139	753.471478	753.458638	
23.32716	784.471676	784.542952	753.544441	753.545905	
23.33732	784.544439	784.621492	753.617204	753.624444	
23.3475	784.616739	784.691305	753.689505	753.694258	
23.35763	784.688087	784.761118	753.760853	753.772797	
23.36784	784.759345	784.830931	753.832111	753.842611	
23.37835	784.832105	784.892018	753.904871	753.912424	
23.3882	784.89965	784.961831	753.972416	753.982237	
23.39842	784.969147	785.022918	754.041913	754.05205	
23.40846	785.036811	785.084004	754.109576	754.121863	
23.41867	785.10508	785.145091	754.177846	754.191676	
23.42884	785.1724	785.206177	754.245166	754.26149	
23.43894	785.238664	785.258537	754.311429	754.322576	
23.44912	785.304891	785.310897	754.377656	754.383663	
23.45944	785.371363	785.363257	754.444128	754.436022	
23.46949	785.435471	785.424343	754.508236	754.505836	
23.47969	785.49995	785.48543	754.572716	754.566922	
23.48984	785.563501	785.53779	754.636267	754.619282	
23.50001	785.62658	785.59015	754.699346	754.680369	
23.51014	785.688801	785.651236	754.761567	754.741455	
23.52027	785.750418	785.712323	754.823184	754.802542	
23.53046	785.811775	785.764683	754.88454	754.863628	
23.54056	785.872027	785.825769	754.944792	754.924715	
23.55084	785.932707	785.886856	755.005472	754.994528	
23.56097	785.991902	785.947942	755.064668	755.055614	
23.57104	786.050129	786.009029	755.122894	755.116701	
23.58148	786.109894	786.070115	755.182659	755.177787	
23.59166	786.16753	786.131202	755.240296	755.238874	
23.98775	787.038162	788.37395	756.110927	757.176189	
23.99583	787.065147	788.40013	756.137913	757.202369	
24.00603	787.098611	788.417583	756.171376	757.211096	
24.02428	787.157472	788.40013	756.230237	757.202369	
24.03053	787.177606	788.339043	756.250372	757.150009	
24.0488	787.235226	788.225597	756.307992	757.036563	
24.05499	787.254714	788.181964	756.32748	756.99293	
24.07356	787.311869	788.033611	756.384635	756.844577	
24.07915	787.329088	787.981251	756.401854	756.792217	
24.09095	787.364919	787.893984	756.437685	756.696224	
24.10002	787.392259	787.797991	756.465024	756.600231	
24.10968	787.421029	787.701998	756.493795	756.495511	
24.11988	787.451141	787.597278	756.523907	756.390791	
24.12997	787.480623	787.501285	756.553388	756.312251	
24.14015	787.510061	787.405292	756.582827	756.251165	
24.15031	787.539114	787.318026	756.61188	756.224985	
24.1605	787.567964	787.256939	756.64073	756.233712	
24.17089	787.597068	787.195853	756.669834	756.268618	
24.18094	787.624888	787.160946	756.697653	756.320978	
24.19391	787.660256	787.143493	756.733022	756.408245	
24.20118	787.679955	787.152219	756.752721	756.495511	
24.21137	787.707253	787.169673	756.780019	756.600231	
24.22145	787.733937	787.213306	756.806703	756.70495	
24.23199	787.761721	787.274392	756.834487	756.818397	
24.24181	787.786926	787.352932	756.859691	756.923117	
24.25198	787.812921	787.440199	756.885686	757.027836	
24.26211	787.83854	787.544918	756.911306	757.115103	
24.27227	787.863898	787.658365	756.936663	757.176189	
24.28236	787.888793	787.771811	756.961558	757.228549	
24.29255	787.913592	787.893984	756.986358	757.246003	
24.30282	787.938303	787.998704	757.011068	757.246003	
24.31293	787.962324	788.11215	757.03509	757.228549	
24.32307	787.986112	788.21687	757.058878	757.193643	
24.33322	788.009596	788.312863	757.082362	757.150009	
24.34349	788.033066	788.391403	757.105831	757.09765	
24.3535	788.055638	788.469943	757.128404	757.054016	
24.3636	788.078109	788.522303	757.150874	757.01911	
24.37379	788.100457	788.557209	757.173223	756.99293	
24.38398	788.122514	788.583389	757.19528	756.984203	
24.40283	788.162025	788.592116	757.234791	757.001656	
24.40743	788.171686	788.583389	757.244452	757.04529	
24.41763	788.192752	788.557209	757.265518	757.09765	
24.43769	788.232682	788.496123	757.305448	757.228549	
24.44226	788.241823	788.469943	757.314588	757.263456	
24.45241	788.261725	788.435036	757.334491	757.333269	
24.46265	788.281495	788.391403	757.354261	757.411809	
24.4728	788.300788	788.34777	757.373554	757.472895	
24.48291	788.319709	788.312863	757.392475	757.525255	
24.49365	788.339477	788.26923	757.412242	757.568888	
24.50585	788.361437	788.225597	757.434202	757.612522	
24.5161	788.3796	788.19069	757.452366	757.621248	
24.52631	788.397398	788.16451	757.470164	757.629975	
24.53633	788.414568	788.13833	757.487333	757.612522	
24.54652	788.431735	788.129604	757.504501	757.603795	
24.5567	788.44856	788.120877	757.521326	757.577615	
24.56693	788.465169	788.129604	757.537935	757.551435	
24.57702	788.481254	788.147057	757.55402	757.525255	
24.58712	788.497068	788.173237	757.569834	757.507802	
24.59755	788.513061	788.208143	757.585827	757.490349	
24.60849	788.529488	788.251777	757.602254	757.472895	
24.61864	788.54442	788.304137	757.617185	757.472895	
24.62881	788.559091	788.34777	757.631856	757.490349	
24.639	788.573489	788.408856	757.646255	757.507802	
24.64909	788.587439	788.469943	757.660204	757.542709	
24.65928	788.60123	788.522303	757.673996	757.577615	
24.66949	788.61475	788.583389	757.687515	757.621248	
24.6796	788.62783	788.644476	757.700596	757.673608	
24.68974	788.640662	788.696836	757.713427	757.717241	
24.69987	788.65317	788.757922	757.725936	757.760875	
24.71116	788.666741	788.819009	757.739507	757.813235	
24.72134	788.678679	788.853915	757.751445	757.848141	
24.73145	788.690238	788.906275	757.763004	757.874321	
24.74164	788.701599	788.932455	757.774364	757.891774	
24.75199	788.712902	788.958635	757.785668	757.909228	
24.76192	788.723306	788.976088	757.796071	757.909228	
24.77206	788.733743	788.976088	757.806509	757.900501	
24.78221	788.743836	788.976088	757.816602	757.891774	
24.79238	788.753682	788.976088	757.826447	757.883048	
24.80245	788.763153	788.958635	757.835919	757.856868	
24.81382	788.773448	788.941182	757.846214	757.839415	
24.82401	788.782394	788.923728	757.855159	757.821961	
24.83416	788.791006	788.888822	757.863772	757.804508	
24.84427	788.799298	788.871369	757.872064	757.804508	
24.85481	788.807631	788.836462	757.880396	757.804508	
24.86452	788.815044	788.819009	757.887809	757.804508	
24.87468	788.822512	788.792829	757.895278	757.821961	
24.88483	788.829675	788.766649	757.90244	757.839415	
24.89499	788.836557	788.749196	757.909323	757.856868	
24.90514	788.84315	788.731742	757.915916	757.883048	
24.91652	788.850161	788.731742	757.922927	757.909228	
24.92685	788.856249	788.723016	757.929014	757.926681	
24.93686	788.861871	788.723016	757.934636	757.952861	
24.94697	788.867269	788.731742	757.940035	757.979041	
24.95719	788.87244	788.731742	757.945206	757.987767	
24.9673	788.877282	788.749196	757.950048	757.996494	
24.97749	788.881879	788.757922	757.954645	758.005221	
24.98762	788.886179	788.775376	757.958945	758.013947	
24.99777	788.890217	788.801555	757.962982	758.013947	
25.00797	788.893995	788.819009	757.966761	758.005221	
25.01937	788.897866	788.845189	757.970632	757.996494	
25.02954	788.901069	788.871369	757.973835	757.996494	
25.03964	788.903995	788.888822	757.976761	757.987767	
25.0498	788.90668	788.906275	757.979445	757.979041	
25.05991	788.909102	788.923728	757.981868	757.961588	
25.07012	788.911299	788.941182	757.984065	757.961588	
25.08027	788.913243	788.958635	757.986009	757.961588	
25.09043	788.914954	788.967362	757.98772	757.961588	
25.10059	788.916441	788.976088	757.989207	757.961588	
25.11075	788.917711	788.976088	757.990477	757.961588	
25.12203	788.922255	788.976088	757.995021	757.970314	
25.1322	788.922255	788.967362	757.995021	757.970314	
25.14232	788.922255	788.958635	757.995021	757.979041	
25.15248	788.922255	788.958635	757.995021	757.987767	
25.16258	788.922255	788.949908	757.995021	757.987767	
25.17281	788.922255	788.941182	757.995021	757.996494	
25.18301	788.922255	788.941182	757.995021	757.996494	
25.19308	788.922255	788.932455	757.995021	758.005221	
25.20319	788.922255	788.923728	757.995021	758.005221	
25.21348	788.922255	788.923728	757.995021	758.013947	
25.22417	788.922255	788.915002	757.995021	758.013947	
25.2342	788.922255	788.915002	757.995021	758.005221	
25.2443	788.922255	788.906275	757.995021	758.005221	
25.25442	788.922255	788.906275	757.995021	758.005221	
25.26486	788.922255	788.906275	757.995021	758.005221	
25.27469	788.922255	788.906275	757.995021	757.996494	
25.28484	788.922255	788.906275	757.995021	757.996494	
25.29504	788.922255	788.906275	757.995021	757.996494	
25.30511	788.922255	788.906275	757.995021	757.996494	
25.3153	788.922255	788.906275	757.995021	757.996494	
25.32545	788.922255	788.906275	757.995021	758.005221	
25.34352	788.922255	788.906275	757.995021	758.005221	
25.34812	788.922255	788.906275	757.995021	758.005221	
25.35828	788.922255	788.906275	757.995021	758.005221	
25.36838	788.922255	788.906275	757.995021	758.005221	
25.37857	788.922255	788.906275	757.995021	758.005221	
25.38873	788.922255	788.906275	757.995021	758.005221	
25.39894	788.922255	788.906275	757.995021	758.005221	
25.40901	788.922255	788.906275	757.995021	758.005221	
25.41916	788.922255	788.906275	757.995021	758.005221	
25.43127	788.922255	788.906275	757.995021	758.005221	
25.43966	788.922255	788.906275	757.995021	758.005221	
25.44979	788.922255	788.906275	757.995021	758.005221	
25.46012	788.922255	788.906275	757.995021	758.005221	
25.47011	788.922255	788.906275	757.995021	758.005221	
25.48032	788.922255	788.906275	757.995021	758.005221	
25.49044	788.922255	788.906275	757.995021	758.005221	
25.50061	788.922255	788.906275	757.995021	758.005221	
25.51083	788.922255	788.906275	757.995021	758.005221	
25.52094	788.922255	788.906275	757.995021	758.005221	
25.53107	788.922255	788.906275	757.995021	758.005221	
25.54132	788.922255	788.906275	757.995021	758.005221	
25.55138	788.922255	788.906275	757.995021	758.005221	
25.56154	788.922255	788.906275	757.995021	758.005221	
25.57174	788.922255	788.906275	757.995021	758.005221	
25.58187	788.922255	788.906275	757.995021	758.005221	
25.59205	788.922255	788.906275	757.995021	758.005221	
25.60216	788.922255	788.906275	757.995021	758.005221	
25.61231	788.922255	788.906275	757.995021	758.005221	
25.62245	788.922255	788.906275	757.995021	758.005221	
25.63259	788.922255	788.906275	757.995021	758.005221	
25.64284	788.922255	788.906275	757.995021	758.005221	
25.65293	788.922255	788.906275	757.995021	758.005221	
25.66311	788.922255	788.906275	757.995021	758.005221	
25.6732	788.922255	788.906275	757.995021	758.005221	
25.68335	788.922255	788.906275	757.995021	758.005221	
25.6935	788.922255	788.906275	757.995021	758.005221	
25.70365	788.922255	788.906275	757.995021	758.005221	
25.71378	788.922255	788.906275	757.995021	758.005221	
25.72394	788.922255	788.906275	757.995021	758.005221	
25.73417	788.922255	788.906275	757.995021	758.005221	
25.74435	788.922255	788.906275	757.995021	758.005221	
25.75451	788.922255	788.906275	757.995021	758.005221	
25.76461	788.922255	788.906275	757.995021	758.005221	
25.77479	788.922255	788.906275	757.995021	758.005221	
25.78487	788.922255	788.906275	757.995021	758.005221	
25.79505	788.922255	788.906275	757.995021	758.005221	
25.80515	788.922255	788.906275	757.995021	758.005221	
25.81537	788.922255	788.906275	757.995021	758.005221	
25.82549	788.922255	788.906275	757.995021	758.005221	
25.8357	788.922255	788.906275	757.995021	758.005221	
25.8458	788.922255	788.906275	757.995021	758.005221	
25.85598	788.922255	788.906275	757.995021	758.005221	
25.86611	788.922255	788.906275	757.995021	758.005221	
25.87629	788.922255	788.906275	757.995021	758.005221	
25.88645	788.922255	788.906275	757.995021	758.005221	
25.89659	788.922255	788.906275	757.995021	758.005221	
25.90675	788.922255	788.906275	757.995021	758.005221	
25.91691	788.922255	788.906275	757.995021	758.005221	
25.92724	788.922255	788.906275	757.995021	758.005221	
25.93723	788.922255	788.906275	757.995021	758.005221	
25.94738	788.922255	788.906275	757.995021	758.005221	
25.95761	788.922255	788.906275	757.995021	758.005221	
25.9677	788.922255	788.906275	757.995021	758.005221	
25.97788	788.922255	788.906275	757.995021	758.005221	
25.98804	788.922255	788.906275	757.995021	758.005221	
25.99822	788.922255	788.906275	757.995021	758.005221	
26.00838	788.922255	788.906275	757.995021	758.005221	
26.01854	788.922255	788.906275	757.995021	758.005221	
26.0287	788.922255	788.906275	757.995021	758.005221	
26.03891	788.922255	788.906275	757.995021	758.005221	
26.04901	788.922255	788.906275	757.995021	758.005221	
26.05916	788.922255	788.906275	757.995021	758.005221	
26.0794	788.922255	788.906275	757.995021	758.005221	
26.084	788.922255	788.906275	757.995021	758.005221	
26.0942	788.922255	788.906275	757.995021	758.005221	
26.10476	788.922255	788.906275	757.995021	758.005221	
26.11447	788.922255	788.906275	757.995021	758.005221	
26.12464	788.922255	788.906275	757.995021	758.005221	
26.13485	788.922255	788.906275	757.995021	758.005221	
26.1449	788.922255	788.906275	757.995021	758.005221	
26.15513	788.922255	788.906275	757.995021	758.005221	
26.16547	788.922255	788.906275	757.995021	758.005221	
26.17539	788.922255	788.906275	757.995021	758.005221	
26.18553	788.922255	788.906275	757.995021	758.005221	
26.2036	788.922255	788.906275	757.995021	758.005221	
26.20822	788.922255	788.906275	757.995021	758.005221	
26.21828	788.922255	788.906275	757.995021	758.005221	
26.22849	788.922255	788.906275	757.995021	758.005221	
26.23868	788.922255	788.906275	757.995021	758.005221	
26.24879	788.922255	788.906275	757.995021	758.005221	
26.25894	788.922255	788.906275	757.995021	758.005221	
26.26913	788.922255	788.906275	757.995021	758.005221	
26.2793	788.922255	788.906275	757.995021	758.005221	
26.28943	788.922255	788.906275	757.995021	758.005221	
26.29959	788.922255	788.906275	757.995021	758.005221	
26.30976	788.922255	788.906275	757.995021	758.005221	
26.31993	788.922255	788.906275	757.995021	758.005221	
26.33006	788.922255	788.906275	757.995021	758.005221	
26.34023	788.922255	788.906275	757.995021	758.005221	
26.35039	788.922255	788.906275	757.995021	758.005221	
26.36054	788.922255	788.906275	757.995021	758.005221	
26.37065	788.922255	788.906275	757.995021	758.005221	
26.38085	788.922255	788.906275	757.995021	758.005221	
26.39105	788.922255	788.906275	757.995021	758.005221	
26.40117	788.922255	788.906275	757.995021	758.005221	
26.41127	788.922255	788.906275	757.995021	758.005221	
26.42155	788.922255	788.906275	757.995021	758.005221	
26.4337	788.922255	788.906275	757.995021	758.005221	
26.44178	788.922255	788.906275	757.995021	758.005221	
26.4519	788.922255	788.906275	757.995021	758.005221	
26.46231	788.922255	788.906275	757.995021	758.005221	
26.4724	788.922255	788.906275	757.995021	758.005221	
26.48246	788.922255	788.906275	757.995021	758.005221	
26.49259	788.922255	788.906275	757.995021	758.005221	
26.50286	788.922255	788.906275	757.995021	758.005221	
26.51292	788.922255	788.906275	757.995021	758.005221	
26.52306	788.922255	788.906275	757.995021	758.005221	
26.53322	788.922255	788.906275	757.995021	758.005221	
26.54336	788.922255	788.906275	757.995021	758.005221	
26.55348	788.922255	788.906275	757.995021	758.005221	
26.56363	788.922255	788.906275	757.995021	758.005221	
26.57379	788.922255	788.906275	757.995021	758.005221	
26.58395	788.922255	788.906275	757.995021	758.005221	
26.59415	788.922255	788.906275	757.995021	758.005221	
26.60428	788.922255	788.906275	757.995021	758.005221	
26.61437	788.922255	788.906275	757.995021	758.005221	
26.62457	788.922255	788.906275	757.995021	758.005221	
26.63467	788.922255	788.906275	757.995021	758.005221	
26.64478	788.922255	788.906275	757.995021	758.005221	
26.65508	788.922255	788.906275	757.995021	758.005221	
26.66511	788.922255	788.906275	757.995021	758.005221	
26.67527	788.922255	788.906275	757.995021	758.005221	
26.68548	788.922255	788.906275	757.995021	758.005221	
26.69562	788.922255	788.906275	757.995021	758.005221	
26.70577	788.922255	788.906275	757.995021	758.005221	
26.71588	788.922255	788.906275	757.995021	758.005221	
26.72605	788.922255	788.906275	757.995021	758.005221	
26.73623	788.922255	788.906275	757.995021	758.005221	
26.74636	788.922255	788.906275	757.995021	758.005221	
26.75653	788.922255	788.906275	757.995021	758.005221	
26.76675	788.922255	788.906275	757.995021	758.005221	
26.77686	788.922255	788.906275	757.995021	758.005221	
26.78702	788.922255	788.906275	757.995021	758.005221	
26.79722	788.922255	788.906275	757.995021	758.005221	
26.80737	788.922255	788.906275	757.995021	758.005221	
26.81754	788.922255	788.906275	757.995021	758.005221	
26.8277	788.922255	788.906275	757.995021	758.005221	
26.83786	788.922255	788.906275	757.995021	758.005221	
26.84802	788.922255	788.906275	757.995021	758.005221	
26.85817	788.922255	788.906275	757.995021	758.005221	
26.8683	788.922255	788.906275	757.995021	758.005221	
26.87847	788.922255	788.906275	757.995021	758.005221	
26.88862	788.922255	788.906275	757.995021	758.005221	
26.89881	788.922255	788.906275	757.995021	758.005221	
26.90895	788.922255	788.906275	757.995021	758.005221	
26.91919	788.922255	788.906275	757.995021	758.005221	
26.92975	788.922255	788.906275	757.995021	758.005221	
26.93985	788.922255	788.906275	757.995021	758.005221	
26.95005	788.922255	788.906275	757.995021	758.005221	
26.96032	788.922255	788.906275	757.995021	758.005221	
26.97033	788.922255	788.906275	757.995021	758.005221	
26.98052	788.922255	788.906275	757.995021	758.005221	
26.9907	788.922255	788.906275	757.995021	758.005221	
27.00104	788.922255	788.906275	757.995021	758.005221	
27.011	788.922255	788.906275	757.995021	758.005221	
27.02114	788.922255	788.906275	757.995021	758.005221	
27.03131	788.922255	788.906275	757.995021	758.005221	
27.04144	788.922255	788.906275	757.995021	758.005221	
27.05164	788.922255	788.906275	757.995021	758.005221	
27.06178	788.922255	788.906275	757.995021	758.005221	
27.07191	788.922255	788.906275	757.995021	758.005221	
27.08206	788.922255	788.906275	757.995021	758.005221	
27.09221	788.922255	788.906275	757.995021	758.005221	
27.10237	788.922255	788.906275	757.995021	758.005221	
27.11256	788.922255	788.906275	757.995021	758.005221	
27.12267	788.922255	788.906275	757.995021	758.005221	
27.13286	788.922255	788.906275	757.995021	758.005221	
27.14305	788.922255	788.906275	757.995021	758.005221	
27.15316	788.922255	788.906275	757.995021	758.005221	
27.1633	788.922255	788.906275	757.995021	758.005221	
27.17346	788.922255	788.906275	757.995021	758.005221	
27.18361	788.922255	788.906275	757.995021	758.005221	
27.19375	788.922255	788.906275	757.995021	758.005221	
27.20388	788.922255	788.906275	757.995021	758.005221	
27.21412	788.922255	788.906275	757.995021	758.005221	
27.22429	788.922255	788.906275	757.995021	758.005221	
27.23436	788.922255	788.906275	757.995021	758.005221	
27.2445	788.922255	788.906275	757.995021	758.005221	
27.25465	788.922255	788.906275	757.995021	758.005221	
27.26478	788.922255	788.906275	757.995021	758.005221	
27.27496	788.922255	788.906275	757.995021	758.005221	
27.28508	788.922255	788.906275	757.995021	758.005221	
27.29526	788.922255	788.906275	757.995021	758.005221	
27.30541	788.922255	788.906275	757.995021	758.005221	
27.32363	788.922255	788.906275	757.995021	758.005221	
27.32825	788.922255	788.906275	757.995021	758.005221	
27.33837	788.922255	788.906275	757.995021	758.005221	
27.34853	788.922255	788.906275	757.995021	758.005221	
27.3587	788.922255	788.906275	757.995021	758.005221	
27.36881	788.922255	788.906275	757.995021	758.005221	
27.37903	788.922255	788.906275	757.995021	758.005221	
27.38917	788.922255	788.906275	757.995021	758.005221	
27.39934	788.922255	788.906275	757.995021	758.005221	
27.40946	788.922255	788.906275	757.995021	758.005221	
27.41967	788.922255	788.906275	757.995021	758.005221	
27.42981	788.922255	788.906275	757.995021	758.005221	
27.43999	788.922255	788.906275	757.995021	758.005221	
27.45011	788.922255	788.906275	757.995021	758.005221	
27.46023	788.922255	788.906275	757.995021	758.005221	
27.4704	788.922255	788.906275	757.995021	758.005221	
27.4806	788.922255	788.906275	757.995021	758.005221	
27.49073	788.922255	788.906275	757.995021	758.005221	
27.50092	788.922255	788.906275	757.995021	758.005221	
27.51111	788.922255	788.906275	757.995021	758.005221	
27.52124	788.922255	788.906275	757.995021	758.005221	
27.53144	788.922255	788.906275	757.995021	758.005221	
27.54166	788.922255	788.906275	757.995021	758.005221	
27.55177	788.922255	788.906275	757.995021	758.005221	
27.56191	788.922255	788.906275	757.995021	758.005221	
27.57206	788.922255	788.906275	757.995021	758.005221	
27.58222	788.922255	788.906275	757.995021	758.005221	
27.60027	788.922255	788.906275	757.995021	758.005221	
27.60484	788.922255	788.906275	757.995021	758.005221	
27.61503	788.922255	788.906275	757.995021	758.005221	
27.62515	788.922255	788.906275	757.995021	758.005221	
27.63529	788.922255	788.906275	757.995021	758.005221	
27.64545	788.922255	788.906275	757.995021	758.005221	
27.65565	788.922255	788.906275	757.995021	758.005221	
27.66582	788.922255	788.906275	757.995021	758.005221	
27.67594	788.922255	788.906275	757.995021	758.005221	
27.6861	788.922255	788.906275	757.995021	758.005221	
27.69628	788.922255	788.906275	757.995021	758.005221	
27.70643	788.922255	788.906275	757.995021	758.005221	
27.71658	788.922255	788.906275	757.995021	758.005221	
27.72679	788.922255	788.906275	757.995021	758.005221	
27.73694	788.922255	788.906275	757.995021	758.005221	
27.74709	788.922255	788.906275	757.995021	758.005221	
27.75724	788.922255	788.906275	757.995021	758.005221	
27.76738	788.922255	788.906275	757.995021	758.005221	
27.77758	788.922255	788.906275	757.995021	758.005221	
27.78774	788.922255	788.906275	757.995021	758.005221	
27.79788	788.922255	788.906275	757.995021	758.005221	
27.80806	788.922255	788.906275	757.995021	758.005221	
27.81816	788.922255	788.906275	757.995021	758.005221	
27.82839	788.922255	788.906275	757.995021	758.005221	
27.8387	788.922255	788.906275	757.995021	758.005221	
27.8487	788.922255	788.906275	757.995021	758.005221	
27.85884	788.922255	788.906275	757.995021	758.005221	
27.86896	788.922255	788.906275	757.995021	758.005221	
27.87917	788.922255	788.906275	757.995021	758.005221	
27.88929	788.922255	788.906275	757.995021	758.005221	
27.89944	788.922255	788.906275	757.995021	758.005221	
27.90964	788.922255	788.906275	757.995021	758.005221	
27.91977	788.922255	788.906275	757.995021	758.005221	
27.93002	788.922255	788.906275	757.995021	758.005221	
27.94019	788.922255	788.906275	757.995021	758.005221	
27.95034	788.922255	788.906275	757.995021	758.005221	
27.96057	788.922255	788.906275	757.995021	758.005221	
27.97067	788.922255	788.906275	757.995021	758.005221	
27.98086	788.922255	788.906275	757.995021	758.005221	
27.99109	788.922255	788.906275	757.995021	758.005221	
28.00116	788.922255	788.906275	757.995021	758.005221	
28.01132	788.922255	788.906275	757.995021	758.005221	
28.02149	788.922255	788.906275	757.995021	758.005221	
28.03164	788.922255	788.906275	757.995021	758.005221	
28.04179	788.922255	788.906275	757.995021	758.005221	
28.05195	788.922255	788.906275	757.995021	758.005221	
28.06234	788.922255	788.906275	757.995021	758.005221	
28.07229	788.922255	788.906275	757.995021	758.005221	
28.0824	788.922255	788.906275	757.995021	758.005221	
28.09255	788.922255	788.906275	757.995021	758.005221	
28.1027	788.922255	788.906275	757.995021	758.005221	
28.11285	788.922255	788.906275	757.995021	758.005221	
28.12302	788.922255	788.906275	757.995021	758.005221	
28.13314	788.922255	788.906275	757.995021	758.005221	
28.14336	788.922255	788.906275	757.995021	758.005221	
28.15347	788.922255	788.906275	757.995021	758.005221	
28.16359	788.922255	788.906275	757.995021	758.005221	
28.17377	788.922255	788.906275	757.995021	758.005221	
28.18388	788.922255	788.906275	757.995021	758.005221	
28.19404	788.922255	788.906275	757.995021	758.005221	
28.20425	788.922255	788.906275	757.995021	758.005221	
28.21432	788.922255	788.906275	757.995021	758.005221	
28.22462	788.922255	788.906275	757.995021	758.005221	
28.23464	788.922255	788.906275	757.995021	758.005221	
28.24477	788.922255	788.906275	757.995021	758.005221	
28.25504	788.922255	788.906275	757.995021	758.005221	
28.26509	788.922255	788.906275	757.995021	758.005221	
28.27523	788.922255	788.906275	757.995021	758.005221	
28.28538	788.922255	788.906275	757.995021	758.005221	
28.29554	788.922255	788.906275	757.995021	758.005221	
28.30575	788.922255	788.906275	757.995021	758.005221	
28.3158	788.922255	788.906275	757.995021	758.005221	
28.32627	788.922255	788.906275	757.995021	758.005221	
28.33648	788.922255	788.906275	757.995021	758.005221	
28.34658	788.922255	788.906275	757.995021	758.005221	
28.35676	788.922255	788.906275	757.995021	758.005221	
28.36696	788.922255	788.906275	757.995021	758.005221	
28.37708	788.922255	788.906275	757.995021	758.005221	
28.38722	788.922255	788.906275	757.995021	758.005221	
28.39739	788.922255	788.906275	757.995021	758.005221	
28.40753	788.922255	788.906275	757.995021	758.005221	
28.41768	788.922255	788.906275	757.995021	758.005221	
28.42787	788.922255	788.906275	757.995021	758.005221	
28.44796	788.922255	788.906275	757.995021	758.005221	
28.45255	788.922255	788.906275	757.995021	758.005221	
28.46282	788.922255	788.906275	757.995021	758.005221	
28.47286	788.922255	788.906275	757.995021	758.005221	
28.48301	788.922255	788.906275	757.995021	758.005221	
28.49316	788.922255	788.906275	757.995021	758.005221	
28.5034	788.922255	788.906275	757.995021	758.005221	
28.51347	788.922255	788.906275	757.995021	758.005221	
28.52361	788.922255	788.906275	757.995021	758.005221	
28.53379	788.922255	788.906275	757.995021	758.005221	
28.54388	788.922255	788.906275	757.995021	758.005221	
28.55407	788.922255	788.906275	757.995021	758.005221	
28.56428	788.922255	788.906275	757.995021	758.005221	
28.57439	788.922255	788.906275	757.995021	758.005221	
28.58457	788.922255	788.906275	757.995021	758.005221	
28.59466	788.922255	788.906275	757.995021	758.005221	
28.6048	788.922255	788.906275	757.995021	758.005221	
28.61499	788.922255	788.906275	757.995021	758.005221	
28.62511	788.922255	788.906275	757.995021	758.005221	
28.63524	788.922255	788.906275	757.995021	758.005221	
28.64539	788.922255	788.906275	757.995021	758.005221	
28.65556	788.922255	788.906275	757.995021	758.005221	
28.66576	788.922255	788.906275	757.995021	758.005221	
28.71117	788.922255	788.906275	757.995021	758.005221	
28.72099	788.922255	788.906275	757.995021	758.005221	
28.73114	788.922255	788.906275	757.995021	758.005221	
28.7413	788.922255	788.906275	757.995021	758.005221	
28.75148	788.922255	788.906275	757.995021	758.005221	
28.76165	788.922255	788.906275	757.995021	758.005221	
28.77174	788.922255	788.906275	757.995021	758.005221	
28.78198	788.922255	788.906275	757.995021	758.005221	
28.7921	788.922255	788.906275	757.995021	758.005221	
28.80223	788.922255	788.906275	757.995021	758.005221	
28.81238	788.922255	788.906275	757.995021	758.005221	
28.82251	788.922255	788.906275	757.995021	758.005221	
28.83277	788.922255	788.906275	757.995021	758.005221	
28.84284	788.922255	788.906275	757.995021	758.005221	
28.85299	788.922255	788.906275	757.995021	758.005221	
28.8632	788.922255	788.906275	757.995021	758.005221	
28.87343	788.922255	788.906275	757.995021	758.005221	
28.88345	788.922255	788.906275	757.995021	758.005221	
28.89361	788.922255	788.906275	757.995021	758.005221	
28.90374	788.922255	788.906275	757.995021	758.005221	
28.91386	788.922255	788.906275	757.995021	758.005221	
28.92403	788.922255	788.906275	757.995021	758.005221	
28.93424	788.922255	788.906275	757.995021	758.005221	
28.94434	788.922255	788.906275	757.995021	758.005221	
28.95451	788.922255	788.906275	757.995021	758.005221	
28.96463	788.922255	788.906275	757.995021	758.005221	
28.97477	788.922255	788.906275	757.995021	758.005221	
28.98495	788.922255	788.906275	757.995021	758.005221	
28.99506	788.922255	788.906275	757.995021	758.005221	
29.0052	788.922255	788.906275	757.995021	758.005221	
29.0154	788.922255	788.906275	757.995021	758.005221	
29.0255	788.922255	788.906275	757.995021	758.005221	
29.03571	788.922255	788.906275	757.995021	758.005221	
29.04585	788.922255	788.906275	757.995021	758.005221	
29.05598	788.922255	788.906275	757.995021	758.005221	
29.06613	788.922255	788.906275	757.995021	758.005221	
29.07628	788.922255	788.906275	757.995021	758.005221	
29.08648	788.922255	788.906275	757.995021	758.005221	
29.09674	788.922255	788.906275	757.995021	758.005221	
29.10684	788.922255	788.906275	757.995021	758.005221	
29.11695	788.922255	788.906275	757.995021	758.005221	
29.1272	788.922255	788.906275	757.995021	758.005221	
29.13728	788.922255	788.906275	757.995021	758.005221	
29.14744	788.922255	788.906275	757.995021	758.005221	
29.15765	788.922255	788.906275	757.995021	758.005221	
29.16778	788.922255	788.906275	757.995021	758.005221	
29.17793	788.922255	788.906275	757.995021	758.005221	
29.1881	788.922255	788.906275	757.995021	758.005221	
29.19827	788.922255	788.906275	757.995021	758.005221	
29.20843	788.922255	788.906275	757.995021	758.005221	
29.21858	788.922255	788.906275	757.995021	758.005221	
29.22874	788.922255	788.906275	757.995021	758.005221	
29.23891	788.922255	788.906275	757.995021	758.005221	
29.24904	788.922255	788.906275	757.995021	758.005221	
29.25922	788.922255	788.906275	757.995021	758.005221	
29.26936	788.922255	788.906275	757.995021	758.005221	
29.27956	788.922255	788.906275	757.995021	758.005221	
29.28968	788.922255	788.906275	757.995021	758.005221	
29.29986	788.922255	788.906275	757.995021	758.005221	
29.31004	788.922255	788.906275	757.995021	758.005221	
29.32015	788.922255	788.906275	757.995021	758.005221	
29.33031	788.922255	788.906275	757.995021	758.005221	
29.34045	788.922255	788.906275	757.995021	758.005221	
29.35067	788.922255	788.906275	757.995021	758.005221	
29.36082	788.922255	788.906275	757.995021	758.005221	
29.37093	788.922255	788.906275	757.995021	758.005221	
29.38114	788.922255	788.906275	757.995021	758.005221	
29.39129	788.922255	788.906275	757.995021	758.005221	
29.40141	788.922255	788.906275	757.995021	758.005221	
29.41154	788.922255	788.906275	757.995021	758.005221	
29.4218	788.922255	788.906275	757.995021	758.005221	
29.43188	788.922255	788.906275	757.995021	758.005221	
29.44286	788.922255	788.906275	757.995021	758.005221	
29.45306	788.922255	788.906275	757.995021	758.005221	
29.46333	788.922255	788.906275	757.995021	758.005221	
29.47325	788.922255	788.906275	757.995021	758.005221	
29.4834	788.922255	788.906275	757.995021	758.005221	
29.49367	788.922255	788.906275	757.995021	758.005221	
29.50372	788.922255	788.906275	757.995021	758.005221	
29.51388	788.922255	788.906275	757.995021	758.005221	
29.52401	788.922255	788.906275	757.995021	758.005221	
29.53425	788.922255	788.906275	757.995021	758.005221	
29.54435	788.922255	788.906275	757.995021	758.005221	
29.55453	788.922255	788.906275	757.995021	758.005221	
29.56463	788.922255	788.906275	757.995021	758.005221	
29.5748	788.922255	788.906275	757.995021	758.005221	
29.58494	788.922255	788.906275	757.995021	758.005221	
29.59509	788.922255	788.906275	757.995021	758.005221	
29.60523	788.922255	788.906275	757.995021	758.005221	
29.61541	788.922255	788.906275	757.995021	758.005221	
29.62555	788.922255	788.906275	757.995021	758.005221	
29.64356	788.922255	788.906275	757.995021	758.005221	
29.64817	788.922255	788.906275	757.995021	758.005221	
29.65829	788.922255	788.906275	757.995021	758.005221	
29.66845	788.922255	788.906275	757.995021	758.005221	
29.67863	788.922255	788.906275	757.995021	758.005221	
29.68883	788.922255	788.906275	757.995021	758.005221	
29.69895	788.922255	788.906275	757.995021	758.005221	
29.70909	788.922255	788.906275	757.995021	758.005221	
29.71932	788.922255	788.906275	757.995021	758.005221	
29.72943	788.922255	788.906275	757.995021	758.005221	
29.73958	788.922255	788.906275	757.995021	758.005221	
29.74982	788.922255	788.906275	757.995021	758.005221	
29.7599	788.922255	788.906275	757.995021	758.005221	
29.77007	788.922255	788.906275	757.995021	758.005221	
29.78021	788.922255	788.906275	757.995021	758.005221	
29.79046	788.922255	788.906275	757.995021	758.005221	
29.80853	788.922255	788.906275	757.995021	758.005221	
29.8131	788.922255	788.906275	757.995021	758.005221	
29.8361	788.922255	788.906275	757.995021	758.005221	
