13.61691	
13.62671	
13.63679	
13.64692	
13.65733	
13.66719	
13.67736	
13.68752	
13.6976	
13.70778	
13.71793	
13.72814	
13.73828	
13.7484	
13.75857	
13.76867	
13.77881	
13.78901	
13.7991	
13.80919	
13.81937	
13.82957	
13.8397	
13.84986	
13.86003	
13.87021	
13.88033	
13.89044	
13.9006	
13.91082	
13.92091	
13.93102	
13.94127	
13.95138	
13.96153	
13.97171	
13.98184	
13.99207	
14.00213	
14.01231	
14.02255	
14.03261	
14.04276	
14.0529	
14.06308	
14.07323	
14.08339	
14.09354	
14.10371	
14.11386	
14.12404	
14.13413	
14.14427	
14.15445	
14.16458	
14.1748	
14.18493	
14.19505	
14.20522	
14.21536	
14.22554	
14.23565	
14.2458	
14.25598	
14.26606	
14.2762	
14.28643	
14.29652	
14.30671	
14.31681	
14.32696	
14.33706	
14.34722	
14.3574	
14.36749	
14.37763	
14.38779	
14.40007	
14.40819	
14.41872	
14.42846	
14.43864	
14.44865	
14.45892	
14.46898	
14.47914	
14.48925	
14.49944	
14.51746	
14.52185	
14.53199	
14.54216	
14.55231	
14.56245	
14.5726	
14.58281	
14.59291	
14.60308	
14.61325	
14.62339	
14.63353	
14.64365	
14.65385	
14.66402	
14.68409	
14.68847	
14.69866	
14.70882	
14.719	
14.72905	
14.73924	
14.7494	
14.75959	
14.76969	
14.77984	
14.79	
14.80022	
14.81036	
14.82051	
14.83072	
14.84081	
14.85096	
14.86115	
14.87129	
14.88143	
14.8931	
14.90175	
14.91192	
14.922	
14.93215	
14.94236	
14.95247	
14.9627	
14.97281	
14.98299	
14.9932	
15.00328	
15.01353	
15.02364	
15.03379	
15.04393	
15.05411	
15.06428	
15.08005	899.815468	899.813223	984.237043	984.234798	
15.08471	899.816102	899.813223	984.237677	984.234798	
15.09489	899.818284	899.813223	984.23986	984.234798	
15.10496	899.821046	899.813223	984.242622	984.234798	
15.11511	899.824448	899.813223	984.246023	984.234798	
15.12535	899.828519	899.821949	984.250095	984.234798	
15.13542	899.833121	899.821949	984.254697	984.234798	
15.14557	899.838385	899.821949	984.25996	984.234798	
15.15576	899.844286	899.821949	984.265862	984.234798	
15.166	899.850852	899.821949	984.272428	984.234798	
15.17613	899.857957	899.821949	984.279533	984.234798	
15.18634	899.86575	899.821949	984.287326	984.234798	
15.19639	899.874016	899.821949	984.295592	984.234798	
15.20668	899.883129	899.821949	984.304705	984.234798	
15.2168	899.8927	899.821949	984.314276	984.234798	
15.22717	899.903151	899.821949	984.324727	984.234798	
15.237	899.913627	899.821949	984.335203	984.234798	
15.24715	899.92507	899.821949	984.346646	984.234798	
15.25728	899.937117	899.839402	984.358693	984.234798	
15.26741	899.949769	899.848129	984.371345	984.234798	
15.27777	899.963372	899.856856	984.384948	984.234798	
15.29592	899.989587	899.874309	984.411163	984.234798	
15.30052	899.996168	899.891762	984.417744	984.234798	
15.31074	900.011593	899.909216	984.433169	984.234798	
15.32081	900.027396	899.926669	984.448972	984.234798	
15.33096	900.043946	899.952849	984.465522	984.234798	
15.34119	900.061252	899.979029	984.482828	984.234798	
15.3513	900.078976	899.996482	984.500551	984.234798	
15.36146	900.097394	900.022662	984.51897	984.234798	
15.37156	900.116324	900.048842	984.5379	984.234798	
15.38176	900.136074	900.075022	984.55765	984.234798	
15.39199	900.156512	900.101202	984.578088	984.234798	
15.41181	900.199013	900.144835	984.620589	984.234798	
15.41645	900.208887	900.153562	984.630463	984.234798	
15.42713	900.232481	900.179742	984.654057	984.234798	
15.4368	900.254376	900.197195	984.675952	984.234798	
15.44703	900.278165	900.223375	984.699741	984.234798	
15.45709	900.302181	900.240828	984.723757	984.234798	
15.46723	900.326998	900.258281	984.748574	984.234798	
15.47744	900.352631	900.284461	984.774207	984.234798	
15.49017	900.385661	900.310641	984.807237	984.234798	
15.49773	900.405468	900.328095	984.827044	984.234798	
15.50784	900.432697	900.345548	984.854273	984.234798	
15.51808	900.460891	900.380455	984.882467	984.234798	
15.52824	900.48947	900.397908	984.911046	984.234798	
15.53878	900.519846	900.432814	984.941422	984.234798	
15.54847	900.548261	900.450268	984.969837	984.234798	
15.5587	900.578926	900.485174	985.000502	984.243525	
15.56878	900.609741	900.520081	985.031317	984.243525	
15.5789	900.64129	900.546261	985.062866	984.243525	
15.59139	900.681313	900.581167	985.102889	984.243525	
15.59929	900.706808	900.616074	985.128384	984.243525	
15.6094	900.740192	900.650981	985.161768	984.243525	
15.62745	900.802147	900.712067	985.223723	984.243525	
15.63199	900.81768	900.72952	985.239256	984.243525	
15.64227	900.853666	900.773154	985.275242	984.243525	
15.65229	900.889301	900.816787	985.310877	984.243525	
15.66246	900.926113	900.851693	985.347689	984.243525	
15.67259	900.96339	900.895327	985.384966	984.243525	
15.68271	901.001253	900.93896	985.422829	984.243525	
15.69554	901.050401	900.973866	985.471977	984.243525	
15.70314	901.07966	901.026226	985.501236	984.243525	
15.71325	901.119298	901.061133	985.540874	984.243525	
15.7234	901.159763	901.104766	985.581339	984.252252	
15.73355	901.20084	901.148399	985.622416	984.260978	
15.74384	901.243122	901.192033	985.664698	984.260978	
15.75387	901.284924	901.235666	985.7065	984.269705	
15.76401	901.327805	901.270572	985.749381	984.269705	
15.77419	901.371477	901.314206	985.793053	984.278432	
15.78433	901.415572	901.357839	985.837148	984.287158	
15.79688	901.471287	901.401472	985.892863	984.295885	
15.80472	901.506225	901.445105	985.927801	984.304612	
15.81491	901.55244	901.488739	985.974016	984.313338	
15.82502	901.598908	901.532372	986.020483	984.322065	
15.83514	901.645984	901.576005	986.06756	984.339518	
15.84536	901.694222	901.619638	986.115798	984.348245	
15.85554	901.742903	901.663272	986.164478	984.365698	
15.86566	901.791851	901.706905	986.213427	984.374425	
15.87579	901.841458	901.759265	986.263034	984.391878	
15.88601	901.89219	901.811625	986.313766	984.409331	
15.89608	901.942712	901.863984	986.364288	984.426785	
15.90629	901.994648	901.916344	986.416224	984.452965	
15.91644	902.046849	901.968704	986.468425	984.470418	
15.92666	902.10006	902.021064	986.521636	984.487871	
15.93679	902.153389	902.082151	986.574965	984.514051	
15.94715	902.208591	902.143237	986.630167	984.540231	
15.95705	902.261905	902.195597	986.683481	984.557684	
15.96716	902.316954	902.256683	986.738529	984.592591	
15.9773	902.372827	902.31777	986.794403	984.618771	
15.98742	902.429222	902.37013	986.850798	984.644951	
15.99761	902.486581	902.431216	986.908157	984.671131	
16.01591	902.592117	902.535936	987.013693	984.732217	
16.0205	902.618428	902.562116	987.040004	984.740944	
16.03076	902.678247	902.623203	987.099823	984.77585	
16.04086	902.737746	902.684289	987.159322	984.810757	
16.05106	902.798473	902.736649	987.220049	984.845664	
16.06152	902.861401	902.806462	987.282977	984.88057	
16.07162	902.922741	902.858822	987.344316	984.915477	
16.08181	902.985271	902.928635	987.406847	984.950383	
16.0919	903.047745	902.989722	987.469321	984.994017	
16.10463	903.127764	903.050808	987.54934	985.028923	
16.11238	903.176617	903.120621	987.598193	985.072556	
16.12248	903.241089	903.181708	987.662665	985.107463	
16.1326	903.306213	903.242794	987.727789	985.151096	
16.14281	903.372623	903.312608	987.794199	985.186003	
16.15292	903.438987	903.382421	987.860563	985.229636	
16.16312	903.506522	903.443507	987.928098	985.273269	
16.1733	903.574539	903.513321	987.996115	985.316903	
16.18342	903.642834	903.583134	988.06441	985.360536	
16.19355	903.71178	903.652947	988.133355	985.404169	
16.2037	903.781494	903.72276	988.203069	985.447802	
16.21393	903.852402	903.792573	988.273978	985.491435	
16.2241	903.923457	903.871113	988.345032	985.535069	
16.2342	903.994674	903.940926	988.41625	985.587429	
16.24435	904.066829	904.010739	988.488405	985.631062	
16.25451	904.139666	904.080553	988.561242	985.674695	
16.26469	904.213306	904.159092	988.634882	985.727055	
16.27484	904.28736	904.228906	988.708936	985.770688	
16.28499	904.362041	904.307445	988.783617	985.814321	
16.29519	904.43761	904.377259	988.859186	985.866681	
16.30527	904.513038	904.455798	988.934614	985.919041	
16.31556	904.590618	904.534338	989.012194	985.962674	
16.32568	904.667464	904.604151	989.08904	986.015034	
16.33577	904.744816	904.691418	989.166392	986.067394	
16.34597	904.823529	904.769958	989.245105	986.119754	
16.35606	904.902024	904.848497	989.3236	986.163387	
16.36628	904.98216	904.927037	989.403736	986.224474	
16.37646	905.062675	905.005577	989.484251	986.276834	
16.38657	905.143128	905.092843	989.564704	986.329194	
16.39674	905.22477	905.18011	989.646346	986.381553	
16.40724	905.309724	905.267376	989.7313	986.44264	
16.41735	905.392141	905.345916	989.813717	986.495	
16.42719	905.472857	905.433183	989.894433	986.54736	
16.43742	905.557438	905.520449	989.979014	986.608446	
16.44751	905.641459	905.607716	990.063035	986.660806	
16.45767	905.726795	905.694982	990.148371	986.721893	
16.4678	905.812375	905.782249	990.233951	986.774252	
16.48594	905.968105	905.869515	990.389681	986.826612	
16.49053	906.007448	905.974235	990.429024	986.905152	
16.50063	906.094788	906.061501	990.516364	986.966239	
16.51091	906.184317	906.157494	990.605892	987.027325	
16.52127	906.27525	906.244761	990.696826	987.088412	
16.53116	906.362499	906.332027	990.784075	987.140772	
16.54136	906.45329	906.419294	990.874866	987.210585	
16.55146	906.543674	906.50656	990.96525	987.271671	
16.56164	906.635471	906.593827	991.057047	987.341484	
16.5718	906.727698	906.681093	991.149274	987.402571	
16.58224	906.823176	906.76836	991.244752	987.463658	
16.59213	906.914058	906.855626	991.335634	987.524744	
16.60222	907.007406	906.942893	991.428982	987.594557	
16.61241	907.102474	907.030159	991.52405	987.66437	
16.63088	907.27709	907.195965	991.698666	987.786543	
16.63555	907.321116	907.239598	991.742692	987.812723	
16.64564	907.417244	907.326865	991.83882	987.882537	
16.65581	907.514602	907.422858	991.936178	987.95235	
16.66645	907.622137	907.518851	992.043712	988.022163	
16.67705	907.720177	907.623571	992.141753	988.100703	
16.6874	907.821315	907.728291	992.24289	988.170516	
16.69734	907.918997	907.83301	992.340573	988.240329	
16.70749	908.019309	907.93773	992.440885	988.310142	
16.71766	908.120549	908.04245	992.542125	988.379955	
16.72782	908.222289	908.14717	992.643864	988.449769	
16.73809	908.325695	908.251889	992.747271	988.528308	
16.74816	908.428097	908.356609	992.849673	988.598122	
16.75824	908.530516	908.461329	992.952092	988.676661	
16.76882	908.639118	908.566049	993.060694	988.746475	
16.77857	908.739607	908.670768	993.161183	988.816288	
16.78891	908.846987	908.775488	993.268563	988.894828	
16.79896	908.951881	908.880208	993.373457	988.973367	
16.809	909.057223	908.984928	993.478799	989.051907	
16.81932	909.166321	909.089647	993.587897	989.130447	
16.82949	909.274313	909.203094	993.695889	989.208987	
16.83958	909.382118	909.307814	993.803694	989.287527	
16.84971	909.49088	909.42126	993.912456	989.366066	
16.85986	909.600518	909.52598	994.022094	989.444606	
16.87019	909.712769	909.639426	994.134345	989.531873	
16.88041	909.824492	909.752873	994.246068	989.610413	
16.89046	909.934859	909.866319	994.356434	989.688952	
16.90069	910.047914	909.979765	994.46949	989.776219	
16.91086	910.160948	910.084485	994.582524	989.854759	
16.92098	910.273994	910.197932	994.69557	989.942025	
16.93119	910.388731	910.311378	994.810307	990.029292	
16.94134	910.503274	910.424824	994.92485	990.107831	
16.95147	910.618263	910.538271	995.039839	990.195098	
16.96158	910.733684	910.651717	995.155259	990.282364	
16.9718	910.850978	910.77389	995.272554	990.369631	
16.98192	910.967678	910.887337	995.389254	990.456897	
16.9921	911.085729	911.00951	995.507305	990.544164	
17.00223	911.203861	911.131683	995.625437	990.63143	
17.01239	911.322963	911.245129	995.744539	990.727423	
17.02259	911.443125	911.367302	995.864701	990.81469	
17.03308	911.56736	911.489475	995.988936	990.910683	
17.04295	911.684758	911.620375	996.106333	991.006676	
17.0531	911.80627	911.742548	996.227846	991.102669	
17.06328	911.928632	911.864721	996.350208	991.198662	
17.07338	912.049868	911.986894	996.471444	991.294655	
17.08361	912.172556	912.117794	996.594132	991.390648	
17.09376	912.294344	912.248693	996.71592	991.486641	
17.10418	912.419564	912.370866	996.84114	991.582635	
17.11408	912.538232	912.501766	996.959808	991.678628	
17.12417	912.659744	912.623939	997.08132	991.783347	
17.13571	912.797864	912.754839	997.21944	991.888067	
17.14557	912.916172	912.877012	997.337748	991.992787	
17.15575	913.038272	912.999185	997.459848	992.08878	
17.1659	913.160036	913.121358	997.581612	992.184773	
17.17603	913.281728	913.243531	997.703304	992.289493	
17.1864	913.40606	913.356978	997.827636	992.394213	
17.19637	913.525736	913.470424	997.947312	992.490206	
17.20658	913.648304	913.592597	998.06988	992.586199	
17.21677	913.770536	913.706043	998.192112	992.690919	
17.22715	913.895132	913.81949	998.316708	992.795638	
17.23847	914.031044	913.959116	998.45262	992.900358	
17.24831	914.14898	914.081289	998.570556	993.005078	
17.25843	914.270432	914.194736	998.692008	993.101071	
17.2685	914.391344	914.316909	998.81292	993.197064	
17.27898	914.517104	914.439082	998.93868	993.293057	
17.28883	914.635256	914.552528	999.056832	993.38905	
17.29899	914.757152	914.674701	999.178728	993.49377	
17.30928	914.880656	914.796874	999.302232	993.59849	
17.31946	915.002828	914.919047	999.424404	993.694483	
17.34786	915.3437	915.137213	999.765276	993.877743	
17.35256	915.39998	915.320473	999.821556	994.017369	
17.36274	915.522092	915.442646	999.943668	994.122089	
17.37285	915.64352	915.564819	1000.0651	994.226808	
17.38308	915.766268	915.695719	1000.18784	994.322802	
17.39316	915.887132	915.826618	1000.30871	994.427521	
17.40532	916.033184	915.948791	1000.45476	994.523514	
17.41352	916.131488	916.079691	1000.55306	994.628234	
17.42361	916.252652	916.201864	1000.67423	994.724227	
17.43374	916.374236	916.324037	1000.79581	994.828947	
17.4443	916.500896	916.454937	1000.92247	994.92494	
17.45413	916.618796	916.57711	1001.04037	995.02966	
17.4643	916.740872	916.690556	1001.16245	995.13438	
17.47443	916.862408	916.812729	1001.28398	995.239099	
17.48454	916.983812	916.934902	1001.40539	995.335092	
17.4948	917.106824	917.048349	1001.5284	995.439812	
17.50488	917.22782	917.170522	1001.6494	995.535805	
17.51503	917.349644	917.292695	1001.77122	995.640525	
17.52518	917.471504	917.414868	1001.89308	995.745245	
17.5353	917.592836	917.537041	1002.01441	995.841238	
17.5545	917.823368	917.659214	1002.24494	995.945958	
17.55917	917.879372	917.816294	1002.30095	996.076857	
17.56927	918.0005	917.938467	1002.42208	996.181577	
17.57939	918.121892	918.069366	1002.54347	996.27757	
17.5979	918.344156	918.304986	1002.76573	996.46083	
17.6025	918.399404	918.357346	1002.82098	996.504463	
17.61264	918.520928	918.488246	1002.9425	996.600456	
17.62287	918.643736	918.610419	1003.06531	996.705176	
17.63291	918.764252	918.741318	1003.18583	996.809896	
17.64488	918.907964	918.863491	1003.32954	996.914615	
17.65332	919.0091	918.985664	1003.43068	997.019335	
17.66347	919.130912	919.099111	1003.55249	997.124055	
17.6736	919.252508	919.212557	1003.67408	997.228775	
17.68373	919.373972	919.33473	1003.79555	997.333494	
17.69395	919.49672	919.448177	1003.9183	997.438214	
17.7041	919.618448	919.57035	1004.04002	997.534207	
17.71424	919.740116	919.683796	1004.16169	997.638927	
17.72439	919.862288	919.797242	1004.28386	997.743647	
17.73454	919.983812	919.919415	1004.40539	997.848367	
17.7447	920.105636	920.032862	1004.52721	997.953086	
17.75494	920.228564	920.155035	1004.65014	998.057806	
17.76506	920.350016	920.268481	1004.77159	998.153799	
17.77532	920.473064	920.390654	1004.89464	998.258519	
17.78541	920.594216	920.504101	1005.01579	998.363239	
17.79587	920.720696	920.626274	1005.14227	998.459232	
17.8058	920.838932	920.748447	1005.26051	998.563952	
17.81592	920.960324	920.87062	1005.3819	998.659945	
17.82605	921.081908	920.992793	1005.50348	998.764664	
17.83623	921.204032	921.114966	1005.62561	998.869384	
17.84632	921.325196	921.228412	1005.74677	998.974104	
17.8568	921.450956	921.359312	1005.87253	999.078824	
17.86692	921.572264	921.481485	1005.99384	999.174817	
17.87706	921.694052	921.603658	1006.11563	999.279537	
17.88722	921.815924	921.717105	1006.2375	999.384256	
17.89741	921.9383	921.839278	1006.35988	999.480249	
17.90749	922.059152	921.961451	1006.48073	999.584969	
17.91765	922.18106	922.09235	1006.60264	999.689689	
17.92777	922.302512	922.214523	1006.72409	999.785682	
17.93789	922.424096	922.336697	1006.84567	999.890402	
17.95666	922.649372	922.45887	1007.07095	999.986395	
17.96132	922.7051	922.624676	1007.12668	1000.12602	
17.97148	922.827044	922.755576	1007.24862	1000.23074	
17.98166	922.949168	922.886475	1007.37074	1000.33546	
17.99175	923.070308	923.017375	1007.49188	1000.44018	
18.00191	923.192252	923.139548	1007.61383	1000.53617	
18.0121	923.31452	923.270448	1007.7361	1000.64089	
18.02228	923.436716	923.401347	1007.85829	1000.74561	
18.03248	923.559068	923.52352	1007.98064	1000.85033	
18.04269	923.681612	923.645693	1008.10319	1000.95505	
18.05269	923.801528	923.767866	1008.2231	1001.05105	
18.06301	923.925476	923.89004	1008.34705	1001.15577	
18.07304	924.045788	924.012213	1008.46736	1001.26049	
18.08321	924.167864	924.134386	1008.58944	1001.35648	
18.09337	924.289724	924.256559	1008.7113	1001.4612	
18.10354	924.411836	924.378732	1008.83341	1001.55719	
18.11367	924.53336	924.500905	1008.95494	1001.66191	
18.12381	924.655004	924.623078	1009.07658	1001.76663	
18.13395	924.776672	924.745251	1009.19825	1001.87135	
18.14409	924.898388	924.867424	1009.31996	1001.96734	
18.15427	925.0205	924.98087	1009.44208	1002.07206	
18.1645	925.143308	925.094317	1009.56488	1002.16806	
18.17463	925.264916	925.21649	1009.68649	1002.27278	
18.18476	925.386428	925.329936	1009.808	1002.3775	
18.19493	925.508528	925.443383	1009.9301	1002.47349	
18.20505	925.629932	925.565556	1010.05151	1002.57821	
18.21527	925.752524	925.670275	1010.1741	1002.6742	
18.22541	925.874156	925.792448	1010.29573	1002.77892	
18.23555	925.99592	925.905895	1010.4175	1002.88364	
18.24575	926.118332	926.028068	1010.53991	1002.98836	
18.25599	926.24126	926.141514	1010.66284	1003.08435	
18.26642	926.366336	926.263687	1010.78791	1003.18907	
18.27618	926.48342	926.38586	1010.905	1003.29379	
18.28635	926.605436	926.508033	1011.02701	1003.39851	
18.30436	926.82164	926.7262	1011.24322	1003.58177	
18.30896	926.876852	926.787286	1011.29843	1003.62541	
18.31913	926.998784	926.909459	1011.42036	1003.7214	
18.3292	927.119684	927.031632	1011.54126	1003.82612	
18.33935	927.241496	927.153805	1011.66307	1003.93084	
18.34957	927.36416	927.275978	1011.78574	1004.03556	
18.36013	927.490856	927.398151	1011.91243	1004.14901	
18.37028	927.612716	927.520324	1012.03429	1004.25372	
18.38045	927.735092	927.642497	1012.15667	1004.34972	
18.39057	927.856172	927.76467	1012.27775	1004.45444	
18.40069	927.977504	927.886844	1012.39908	1004.55916	
18.41124	928.10414	928.017743	1012.52572	1004.66388	
18.42134	928.225448	928.139916	1012.64702	1004.7686	
18.43147	928.346924	928.270816	1012.7685	1004.87332	
18.4416	928.468508	928.392989	1012.89008	1004.97804	
18.45173	928.590068	928.515162	1013.01164	1005.08276	
18.46194	928.712624	928.637335	1013.1342	1005.17875	
18.47214	928.834976	928.759508	1013.25655	1005.28347	
18.48228	928.956596	928.881681	1013.37817	1005.38819	
18.49246	929.079188	929.003854	1013.50076	1005.49291	
18.50255	929.199872	929.126027	1013.62145	1005.59763	
18.51275	929.322272	929.2482	1013.74385	1005.70235	
18.52286	929.443652	929.370373	1013.86523	1005.79834	
18.53299	929.565176	929.501273	1013.98675	1005.90306	
18.54323	929.688032	929.623446	1014.10961	1006.00778	
18.55329	929.808716	929.745619	1014.23029	1006.1125	
18.56348	929.93108	929.867792	1014.35266	1006.20849	
18.57374	930.05426	929.989965	1014.47584	1006.31321	
18.58383	930.17528	930.120865	1014.59686	1006.41793	
18.59401	930.2975	930.243038	1014.71908	1006.52265	
18.60414	930.41894	930.365211	1014.84052	1006.62737	
18.61428	930.54068	930.487384	1014.96226	1006.72337	
18.62453	930.663608	930.609557	1015.08518	1006.82809	
18.63464	930.784892	930.740457	1015.20647	1006.93281	
18.64474	930.906224	930.86263	1015.3278	1007.03753	
18.66278	931.122656	930.984803	1015.54423	1007.14224	
18.67746	931.29896	931.133156	1015.72054	1007.26442	
18.68216	931.355264	931.316416	1015.77684	1007.41277	
18.69223	931.476116	931.447315	1015.89769	1007.50876	
18.70241	931.598192	931.578215	1016.01977	1007.61348	
18.71262	931.720688	931.700388	1016.14226	1007.70948	
18.72277	931.842536	931.831288	1016.26411	1007.8142	
18.73286	931.96364	931.953461	1016.38522	1007.91892	
18.74317	932.087288	932.066907	1016.50886	1008.01491	
18.75318	932.207456	932.180353	1016.62903	1008.11963	
18.76331	932.328944	932.302527	1016.75052	1008.22435	
18.77355	932.451884	932.415973	1016.87346	1008.32907	
18.78461	932.584688	932.529419	1017.00626	1008.43379	
18.79445	932.70266	932.651592	1017.12424	1008.52978	
18.80461	932.824592	932.756312	1017.24617	1008.6345	
18.81479	932.946752	932.878485	1017.36833	1008.73049	
18.82486	933.067544	932.983205	1017.48912	1008.83521	
18.83508	933.19028	933.105378	1017.61186	1008.93121	
18.84521	933.311792	933.210098	1017.73337	1009.0272	
18.85541	933.43418	933.332271	1017.85576	1009.13192	
18.86554	933.555704	933.445717	1017.97728	1009.22791	
18.87589	933.6809	933.559164	1018.10248	1009.33263	
18.88729	933.816824	933.69879	1018.2384	1009.44608	
18.89708	933.934268	933.820963	1018.35584	1009.54207	
18.90726	934.056416	933.943136	1018.47799	1009.64679	
18.91739	934.177952	934.065309	1018.59953	1009.74279	
18.92753	934.299704	934.187482	1018.72128	1009.84751	
18.93766	934.421228	934.309655	1018.8428	1009.9435	
18.94784	934.543328	934.440555	1018.9649	1010.04822	
18.95806	934.665992	934.562728	1019.08757	1010.15294	
18.96816	934.787216	934.693628	1019.20879	1010.25766	
18.97863	934.912856	934.815801	1019.33443	1010.36238	
18.99	935.04932	934.964154	1019.4709	1010.47582	
18.99983	935.167304	935.095053	1019.58888	1010.58054	
19.00999	935.289164	935.217226	1019.71074	1010.68526	
19.02013	935.410808	935.348126	1019.83238	1010.78998	
19.03034	935.533376	935.470299	1019.95495	1010.88598	
19.0484	935.750048	935.697192	1020.17162	1011.07796	
19.05296	935.804828	935.758278	1020.2264	1011.1216	
19.0632	935.927636	935.880452	1020.34921	1011.22632	
19.07325	936.0482	936.002625	1020.46978	1011.33104	
19.08343	936.170444	936.124798	1020.59202	1011.42703	
19.09374	936.294212	936.246971	1020.71579	1011.53175	
19.10378	936.414716	936.369144	1020.83629	1011.63647	
19.11393	936.536468	936.491317	1020.95804	1011.74119	
19.12405	936.657908	936.61349	1021.07948	1011.84591	
19.13419	936.779516	936.735663	1021.20109	1011.9419	
19.14437	936.901688	936.857836	1021.32326	1012.04662	
19.15452	937.02356	936.980009	1021.44514	1012.14261	
19.16468	937.145504	937.102182	1021.56708	1012.24733	
19.17482	937.26716	937.224355	1021.68874	1012.34333	
19.18495	937.38866	937.337801	1021.81024	1012.44805	
19.19562	937.516736	937.468701	1021.93831	1012.55277	
19.20545	937.635404	937.582148	1022.05698	1012.65749	
19.21561	937.756568	937.695594	1022.17814	1012.76221	
19.22577	937.877552	937.817767	1022.29913	1012.8582	
19.23601	937.998989	937.93994	1022.42056	1012.96292	
19.24608	938.117588	938.062113	1022.53916	1013.05891	
19.25622	938.236479	938.175559	1022.65805	1013.16363	
19.26634	938.354606	938.297733	1022.77618	1013.25962	
19.27651	938.472639	938.419906	1022.89421	1013.36434	
19.28679	938.591268	938.533352	1023.01284	1013.46034	
19.29853	938.725981	938.672978	1023.14756	1013.58251	
19.30839	938.838549	938.795151	1023.26012	1013.6785	
19.31852	938.953567	938.908598	1023.37514	1013.7745	
19.3287	939.068601	939.022044	1023.49018	1013.87922	
19.33894	939.183694	939.144217	1023.60527	1013.97521	
19.34902	939.2962	939.257664	1023.71778	1014.07993	
19.35925	939.409909	939.37111	1023.83148	1014.17592	
19.36926	939.520483	939.47583	1023.94206	1014.26319	
19.3795	939.633065	939.598003	1024.05464	1014.36791	
19.41003	939.961277	939.798716	1024.38285	1014.54244	
19.41656	940.031645	939.990702	1024.45322	1014.70825	
19.42639	940.136951	940.104148	1024.55853	1014.80424	
19.43655	940.245155	940.208868	1024.66673	1014.90023	
19.44676	940.353217	940.313588	1024.77479	1014.99623	
19.45688	940.459854	940.418308	1024.88143	1015.08349	
19.46702	940.565993	940.523027	1024.98757	1015.17076	
19.47715	940.671448	940.627747	1025.09302	1015.26675	
19.4874	940.777502	940.741193	1025.19908	1015.36275	
19.49954	940.902278	940.845913	1025.32385	1015.45001	
19.5077	940.985677	940.950633	1025.40725	1015.54601	
19.51784	941.088726	941.046626	1025.5103	1015.63327	
19.52791	941.190522	941.151346	1025.6121	1015.72926	
19.53818	941.293724	941.256066	1025.7153	1015.81653	
19.54866	941.398365	941.360785	1025.81994	1015.9038	
19.55842	941.495173	941.456778	1025.91675	1015.99979	
19.57648	941.672134	941.640038	1026.09371	1016.15687	
19.58106	941.716999	941.683671	1026.13857	1016.2005	
19.59126	941.816254	941.779664	1026.23783	1016.28777	
19.60368	941.936155	941.884384	1026.35773	1016.37504	
19.61166	942.012752	941.980377	1026.43433	1016.4623	
19.62182	942.109733	942.07637	1026.53131	1016.5583	
19.63194	942.205771	942.18109	1026.62735	1016.63684	
19.64205	942.301021	942.268357	1026.7226	1016.7241	
19.65227	942.396777	942.373076	1026.81835	1016.81137	
19.66243	942.49132	942.469069	1026.9129	1016.88991	
19.67264	942.585717	942.565063	1027.00729	1016.97718	
19.68271	942.678247	942.652329	1027.09982	1017.05572	
19.69288	942.770995	942.748322	1027.19257	1017.13425	
19.7049	942.879805	942.844315	1027.30138	1017.22152	
19.71327	942.955142	942.931582	1027.37672	1017.30006	
19.72338	943.045573	943.027575	1027.46715	1017.3786	
19.73349	943.135343	943.123568	1027.55692	1017.45714	
19.74365	943.224987	943.210834	1027.64656	1017.53568	
19.75382	943.314137	943.306827	1027.73571	1017.61422	
19.76396	943.402379	943.402821	1027.82395	1017.69276	
19.77413	943.490232	943.490087	1027.91181	1017.7713	
19.78429	943.577377	943.577354	1027.99895	1017.84984	
19.79441	943.663597	943.66462	1028.08517	1017.92838	
19.80461	943.750212	943.751886	1028.17179	1017.99819	
19.81498	943.83701	943.830426	1028.25859	1018.07673	
19.82495	943.92013	943.908966	1028.34171	1018.14655	
19.83509	944.004117	943.996233	1028.42569	1018.22509	
19.84524	944.087493	944.066046	1028.50907	1018.2949	
19.8554	944.170378	944.153312	1028.59195	1018.37344	
19.86556	944.252682	944.223125	1028.67426	1018.44325	
19.87572	944.334286	944.301665	1028.75586	1018.51306	
19.88588	944.415371	944.380205	1028.83695	1018.58288	
19.89595	944.495068	944.458745	1028.91664	1018.65269	
19.9061	944.574863	944.537285	1028.99644	1018.7225	
19.91657	944.656494	944.607098	1029.07807	1018.79232	
19.9267	944.734816	944.694364	1029.15639	1018.86213	
19.93682	944.812505	944.764177	1029.23408	1018.93194	
19.947	944.889948	944.842717	1029.31152	1018.99303	
19.95737	944.968322	944.921257	1029.3899	1019.06284	
19.96732	945.042896	944.99107	1029.46447	1019.13266	
19.97743	945.118006	945.078337	1029.53958	1019.19374	
19.98757	945.192758	945.14815	1029.61433	1019.26356	
19.99773	945.267096	945.22669	1029.68867	1019.32464	
20.00785	945.340513	945.305229	1029.76209	1019.39446	
20.0182	945.414948	945.375043	1029.83652	1019.45554	
20.02825	945.48658	945.453582	1029.90816	1019.51663	
20.03839	945.558305	945.532122	1029.97988	1019.57772	
20.0485	945.629227	945.601935	1030.0508	1019.6388	
20.0589	945.701512	945.671749	1030.12309	1019.70862	
20.0688	945.769735	945.741562	1030.19131	1019.76098	
20.07919	945.840701	945.811375	1030.26228	1019.82206	
20.08909	945.907721	945.881188	1030.3293	1019.88315	
20.09923	945.975757	945.951001	1030.39733	1019.94423	
20.10943	946.043625	946.012088	1030.4652	1020.00532	
20.12009	946.113896	946.073174	1030.53547	1020.05768	
20.1299	946.177894	946.142988	1030.59947	1020.11877	
20.14007	946.243731	946.204074	1030.66531	1020.17985	
20.15021	946.308676	946.265161	1030.73025	1020.23221	
20.1604	946.373402	946.334974	1030.79498	1020.2933	
20.17052	946.437036	946.387334	1030.85861	1020.34566	
20.18071	946.50055	946.457147	1030.92213	1020.40675	
20.19088	946.56326	946.509507	1030.98484	1020.45911	
20.20097	946.624908	946.57932	1031.04648	1020.51147	
20.21119	946.686723	946.63168	1031.1083	1020.5551	
20.22266	946.755374	946.701493	1031.17695	1020.61619	
20.23283	946.815546	946.771306	1031.23712	1020.66855	
20.24297	946.87497	946.823666	1031.29655	1020.72091	
20.25313	946.933895	946.884752	1031.35547	1020.77327	
20.26332	946.992426	946.945839	1031.414	1020.8169	
20.27344	947.049924	947.006925	1031.4715	1020.86926	
20.28358	947.106906	947.068012	1031.52848	1020.91289	
20.29377	947.163545	947.120372	1031.58512	1020.96525	
20.30393	947.219474	947.181458	1031.64105	1021.00889	
20.31399	947.274237	947.242545	1031.69581	1021.05252	
20.32555	947.336335	947.303631	1031.75791	1021.10488	
20.33538	947.388539	947.364718	1031.81012	1021.14851	
20.34556	947.442099	947.417078	1031.86367	1021.20087	
20.35569	947.49474	947.469438	1031.91632	1021.24451	
20.36599	947.54764	947.521798	1031.96922	1021.28814	
20.37596	947.598254	947.574157	1032.01983	1021.33177	
20.38614	947.649289	947.626517	1032.07086	1021.3754	
20.39624	947.699369	947.678877	1032.12094	1021.41904	
20.40645	947.749378	947.731237	1032.17095	1021.45394	
20.41714	947.801088	947.77487	1032.22266	1021.5063	
20.42835	947.854513	947.82723	1032.27609	1021.54994	
20.44592	947.936091	947.87959	1032.35767	1021.59357	
20.4505	947.957389	947.940677	1032.37896	1021.64593	
20.46067	948.003962	947.98431	1032.42554	1021.68956	
20.47084	948.049937	948.027943	1032.47151	1021.72447	
20.48096	948.095082	948.080303	1032.51666	1021.7681	
20.49113	948.139819	948.123936	1032.5614	1021.80301	
20.5013	948.183938	948.167569	1032.60551	1021.84664	
20.51146	948.227477	948.211203	1032.64905	1021.89028	
20.5216	948.270282	948.254836	1032.69186	1021.92518	
20.53199	948.31349	948.298469	1032.73507	1021.96882	
20.54199	948.354503	948.342102	1032.77608	1022.00372	
20.55212	948.395508	948.377009	1032.81708	1022.04736	
20.56222	948.435709	948.411916	1032.85728	1022.08226	
20.5724	948.475663	948.455549	1032.89724	1022.11717	
20.58257	948.514986	948.490455	1032.93656	1022.15208	
20.59285	948.554076	948.534089	1032.97565	1022.18698	
20.60291	948.59177	948.568995	1033.01335	1022.22189	
20.61303	948.62909	948.603902	1033.05067	1022.2568	
20.62331	948.666379	948.638808	1033.08795	1022.2917	
20.63373	948.703545	948.682442	1033.12512	1022.32661	
20.64353	948.737931	948.717348	1033.15951	1022.36152	
20.65377	948.773282	948.752255	1033.19486	1022.39642	
20.66385	948.80747	948.795888	1033.22905	1022.4226	
20.68362	948.871678	948.865701	1033.29325	1022.48369	
20.68821	948.886655	948.883154	1033.30823	1022.50114	
20.69846	948.919355	948.918061	1033.34093	1022.52732	
20.7085	948.9508	948.952968	1033.37238	1022.5535	
20.71864	948.981963	948.987874	1033.40354	1022.58841	
20.72886	949.01278	949.022781	1033.43436	1022.61459	
20.73904	949.042866	949.048961	1033.46444	1022.64077	
20.74916	949.072162	949.075141	1033.49374	1022.66695	
20.75942	949.10128	949.110047	1033.52286	1022.69313	
20.76949	949.129273	949.136227	1033.55085	1022.71058	
20.78788	949.178009	949.188587	1033.59959	1022.76294	
20.79246	949.190172	949.197314	1033.61175	1022.77167	
20.80262	949.216484	949.223494	1033.63806	1022.78912	
20.81279	949.242222	949.249674	1033.6638	1022.8153	
20.8229	949.267202	949.267127	1033.68878	1022.83275	
20.83568	949.297798	949.293307	1033.71937	1022.85021	
20.84326	949.315697	949.319487	1033.73727	1022.87639	
20.85341	949.339014	949.33694	1033.76059	1022.88511	
20.86366	949.361974	949.354393	1033.78355	1022.91129	
20.87368	949.383834	949.371847	1033.80541	1022.92002	
20.88389	949.405527	949.3893	1033.8271	1022.93747	
20.89404	949.4265	949.41548	1033.84808	1022.95493	
20.90419	949.446894	949.432933	1033.86847	1022.96365	
20.91433	949.466677	949.450386	1033.88825	1022.97238	
20.92442	949.485805	949.46784	1033.90738	1022.98983	
20.9372	949.509004	949.485293	1033.93058	1022.98983	
20.94492	949.522783	949.502746	1033.94436	1023.00729	
20.95499	949.540138	949.5202	1033.96171	1023.00729	
20.96513	949.557017	949.537653	1033.97859	1023.01601	
20.97538	949.573498	949.555106	1033.99507	1023.02474	
20.98539	949.589042	949.563833	1034.01062	1023.02474	
20.99562	949.604331	949.581286	1034.02591	1023.03347	
21.00571	949.61887	949.598739	1034.04045	1023.03347	
21.01592	949.632982	949.607466	1034.05456	1023.03347	
21.02604	949.646411	949.616193	1034.06799	1023.04219	
21.03614	949.659267	949.633646	1034.08084	1023.04219	
21.0464	949.671725	949.633646	1034.0933	1023.04219	
21.05651	949.683458	949.651099	1034.10503	1023.04219	
21.06671	949.694724	949.651099	1034.1163	1023.04219	
21.07688	949.705415	949.668553	1034.12699	1023.04219	
21.08733	949.715785	949.668553	1034.13736	1023.04219	
21.09711	949.725005	949.677279	1034.14658	1023.04219	
21.10727	949.734021	949.686006	1034.1556	1023.04219	
21.11741	949.742486	949.694733	1034.16406	1023.04219	
21.12763	949.750467	949.703459	1034.17204	1023.04219	
21.13775	949.75784	949.703459	1034.17942	1023.04219	
21.14804	949.764797	949.703459	1034.18637	1023.04219	
21.15821	949.771145	949.712186	1034.19272	1023.04219	
21.16825	949.776917	949.720912	1034.19849	1023.04219	
21.17839	949.782235	949.720912	1034.20381	1023.04219	
21.18888	949.787196	949.729639	1034.20877	1023.04219	
21.19872	949.791405	949.729639	1034.21298	1023.04219	
21.2089	949.795277	949.738366	1034.21685	1023.04219	
21.21914	949.798698	949.738366	1034.22027	1023.04219	
21.22913	949.801611	949.738366	1034.22319	1023.04219	
21.23938	949.804157	949.738366	1034.22573	1023.04219	
21.25748	949.807069	949.747092	1034.22864	1023.04219	
21.26232	949.807911	949.755819	1034.22949	1023.04219	
21.27225	949.813223	949.755819	1034.2348	1023.04219	
21.28256	949.813223	949.755819	1034.2348	1023.04219	
21.29257	949.813223	949.755819	1034.2348	1023.04219	
21.30274	949.813223	949.755819	1034.2348	1023.04219	
21.31297	949.813223	949.755819	1034.2348	1023.04219	
21.32308	949.813223	949.755819	1034.2348	1023.04219	
21.33322	949.813223	949.755819	1034.2348	1023.04219	
21.34347	949.813223	949.755819	1034.2348	1023.04219	
21.35365	949.813223	949.755819	1034.2348	1023.04219	
21.36376	949.813223	949.755819	1034.2348	1023.04219	
21.3739	949.813223	949.755819	1034.2348	1023.04219	
21.38412	949.813223	949.755819	1034.2348	1023.04219	
21.39418	949.813223	949.755819	1034.2348	1023.04219	
21.40434	949.813223	949.755819	1034.2348	1023.04219	
21.41675	949.813223	949.755819	1034.2348	1023.04219	
21.42476	949.813223	949.755819	1034.2348	1023.04219	
21.43482	949.813223	949.755819	1034.2348	1023.04219	
21.44499	949.813223	949.755819	1034.2348	1023.04219	
21.45557	949.813223	949.755819	1034.2348	1023.04219	
21.46538	949.813223	949.755819	1034.2348	1023.04219	
21.47554	949.813223	949.755819	1034.2348	1023.04219	
21.48566	949.813223	949.755819	1034.2348	1023.04219	
21.49601	949.813223	949.755819	1034.2348	1023.04219	
21.50597	949.813223	949.755819	1034.2348	1023.04219	
21.51612	949.813223	949.755819	1034.2348	1023.04219	
21.52628	949.813223	949.755819	1034.2348	1023.04219	
21.53637	949.813223	949.755819	1034.2348	1023.04219	
21.54652	949.813223	949.755819	1034.2348	1023.04219	
21.55766	949.813223	949.755819	1034.2348	1023.04219	
21.56754	949.813223	949.755819	1034.2348	1023.04219	
21.57765	949.813223	949.755819	1034.2348	1023.04219	
21.58778	949.813223	949.755819	1034.2348	1023.04219	
21.59836	949.813223	949.755819	1034.2348	1023.04219	
21.60818	949.813223	949.755819	1034.2348	1023.04219	
21.61827	949.813223	949.755819	1034.2348	1023.04219	
21.62843	949.813223	949.755819	1034.2348	1023.04219	
21.63852	949.813223	949.755819	1034.2348	1023.04219	
21.64886	949.813223	949.755819	1034.2348	1023.04219	
21.66824	949.813223	949.755819	1034.2348	1023.04219	
21.67294	949.813223	949.755819	1034.2348	1023.04219	
21.68299	949.813223	949.755819	1034.2348	1023.04219	
21.69332	949.813223	949.755819	1034.2348	1023.04219	
21.70341	949.813223	949.755819	1034.2348	1023.04219	
21.71346	949.813223	949.755819	1034.2348	1023.04219	
21.72361	949.813223	949.755819	1034.2348	1023.04219	
21.73373	949.813223	949.755819	1034.2348	1023.04219	
21.74389	949.813223	949.755819	1034.2348	1023.04219	
21.75404	949.813223	949.755819	1034.2348	1023.04219	
21.76429	949.813223	949.755819	1034.2348	1023.04219	
21.77441	949.813223	949.755819	1034.2348	1023.04219	
21.78459	949.813223	949.755819	1034.2348	1023.04219	
21.79474	949.813223	949.755819	1034.2348	1023.04219	
21.80486	949.813223	949.755819	1034.2348	1023.04219	
21.81504	949.813223	949.755819	1034.2348	1023.04219	
21.82517	949.813223	949.755819	1034.2348	1023.04219	
21.8353	949.813223	949.755819	1034.2348	1023.04219	
21.84546	949.813223	949.755819	1034.2348	1023.04219	
21.85589	949.813223	949.755819	1034.2348	1023.04219	
21.86609	949.813223	949.755819	1034.2348	1023.04219	
21.87596	949.813223	949.755819	1034.2348	1023.04219	
21.88615	949.813223	949.755819	1034.2348	1023.04219	
21.89622	949.813223	949.755819	1034.2348	1023.04219	
21.90639	949.813223	949.755819	1034.2348	1023.04219	
21.91655	949.813223	949.755819	1034.2348	1023.04219	
21.92671	949.813223	949.755819	1034.2348	1023.04219	
21.93699	949.813223	949.755819	1034.2348	1023.04219	
21.947	949.813223	949.755819	1034.2348	1023.04219	
21.95737	949.813223	949.755819	1034.2348	1023.04219	
21.96852	949.813223	949.755819	1034.2348	1023.04219	
21.97831	949.813223	949.755819	1034.2348	1023.04219	
21.98844	949.813223	949.755819	1034.2348	1023.04219	
21.99859	949.813223	949.755819	1034.2348	1023.04219	
22.00898	949.813223	949.755819	1034.2348	1023.04219	
22.01893	949.813223	949.755819	1034.2348	1023.04219	
22.02907	949.813223	949.755819	1034.2348	1023.04219	
22.03922	949.813223	949.755819	1034.2348	1023.04219	
22.04934	949.813223	949.755819	1034.2348	1023.04219	
22.06995	949.813223	949.755819	1034.2348	1023.04219	
22.07456	949.813223	949.755819	1034.2348	1023.04219	
22.08471	949.813223	949.755819	1034.2348	1023.04219	
22.09488	949.813223	949.755819	1034.2348	1023.04219	
22.10503	949.813223	949.755819	1034.2348	1023.04219	
22.1153	949.813223	949.755819	1034.2348	1023.04219	
22.12538	949.813223	949.755819	1034.2348	1023.04219	
22.13585	949.813223	949.755819	1034.2348	1023.04219	
22.14599	949.813223	949.755819	1034.2348	1023.04219	
22.1561	949.813223	949.755819	1034.2348	1023.04219	
22.16633	949.813223	949.755819	1034.2348	1023.04219	
22.1765	949.813223	949.755819	1034.2348	1023.04219	
22.18669	949.813223	949.755819	1034.2348	1023.04219	
22.19685	949.813223	949.755819	1034.2348	1023.04219	
22.20694	949.813223	949.755819	1034.2348	1023.04219	
22.21729	949.813223	949.755819	1034.2348	1023.04219	
22.22729	949.813223	949.755819	1034.2348	1023.04219	
22.23742	949.813223	949.755819	1034.2348	1023.04219	
22.24761	949.813223	949.755819	1034.2348	1023.04219	
22.2577	949.813223	949.755819	1034.2348	1023.04219	
22.26786	949.813223	949.755819	1034.2348	1023.04219	
22.27815	949.813223	949.755819	1034.2348	1023.04219	
22.28825	949.813223	949.755819	1034.2348	1023.04219	
22.29868	949.813223	949.755819	1034.2348	1023.04219	
22.30898	949.813223	949.755819	1034.2348	1023.04219	
22.31899	949.813223	949.755819	1034.2348	1023.04219	
22.32912	949.813223	949.755819	1034.2348	1023.04219	
22.33928	949.813223	949.755819	1034.2348	1023.04219	
22.34948	949.813223	949.755819	1034.2348	1023.04219	
22.35964	949.813223	949.755819	1034.2348	1023.04219	
22.37006	949.813223	949.755819	1034.2348	1023.04219	
22.38828	949.813223	949.755819	1034.2348	1023.04219	
22.40076	949.813223	949.755819	1034.2348	1023.04219	
22.40533	949.813223	949.755819	1034.2348	1023.04219	
22.41787	949.813223	949.755819	1034.2348	1023.04219	
22.42561	949.813223	949.755819	1034.2348	1023.04219	
22.43574	949.813223	949.755819	1034.2348	1023.04219	
22.44588	949.813223	949.755819	1034.2348	1023.04219	
22.45603	949.813223	949.755819	1034.2348	1023.04219	
22.46618	949.813223	949.755819	1034.2348	1023.04219	
22.47892	949.813223	949.755819	1034.2348	1023.04219	
22.48654	949.813223	949.755819	1034.2348	1023.04219	
22.49671	949.813223	949.755819	1034.2348	1023.04219	
22.50689	949.813223	949.755819	1034.2348	1023.04219	
22.517	949.813223	949.755819	1034.2348	1023.04219	
22.52734	949.813223	949.755819	1034.2348	1023.04219	
22.53727	949.813223	949.755819	1034.2348	1023.04219	
22.54743	949.813223	949.755819	1034.2348	1023.04219	
22.55757	949.813223	949.755819	1034.2348	1023.04219	
22.56775	949.813223	949.755819	1034.2348	1023.04219	
22.58016	949.813223	949.755819	1034.2348	1023.04219	
22.58815	949.813223	949.755819	1034.2348	1023.04219	
22.59826	949.813223	949.755819	1034.2348	1023.04219	
22.60841	949.813223	949.755819	1034.2348	1023.04219	
22.61847	949.813223	949.755819	1034.2348	1023.04219	
22.62894	949.813223	949.755819	1034.2348	1023.04219	
22.63883	949.813223	949.755819	1034.2348	1023.04219	
22.64904	949.813223	949.755819	1034.2348	1023.04219	
22.65906	949.813223	949.755819	1034.2348	1023.04219	
22.68271	949.813223	949.755819	1034.2348	1023.04219	
22.69578	949.813223	949.755819	1034.2348	1023.04219	
22.70039	949.813223	949.755819	1034.2348	1023.04219	
22.71055	949.813223	949.755819	1034.2348	1023.04219	
22.72068	949.813223	949.755819	1034.2348	1023.04219	
22.73082	949.813223	949.755819	1034.2348	1023.04219	
22.74105	949.813223	949.755819	1034.2348	1023.04219	
22.75122	949.813223	949.755819	1034.2348	1023.04219	
22.76135	949.813223	949.755819	1034.2348	1023.04219	
22.77147	949.813223	949.755819	1034.2348	1023.04219	
22.78164	949.813223	949.755819	1034.2348	1023.04219	
22.79191	949.813223	949.755819	1034.2348	1023.04219	
22.80199	949.813223	949.755819	1034.2348	1023.04219	
22.81215	949.813223	949.755819	1034.2348	1023.04219	
22.82229	949.813223	949.755819	1034.2348	1023.04219	
22.83248	949.813223	949.755819	1034.2348	1023.04219	
22.84262	949.813223	949.755819	1034.2348	1023.04219	
22.85278	949.813223	949.755819	1034.2348	1023.04219	
22.86294	949.813223	949.755819	1034.2348	1023.04219	
22.87311	949.813223	949.755819	1034.2348	1023.04219	
22.88326	949.813223	949.755819	1034.2348	1023.04219	
22.89347	949.813223	949.755819	1034.2348	1023.04219	
22.90366	949.813223	949.755819	1034.2348	1023.04219	
22.91375	949.813223	949.755819	1034.2348	1023.04219	
22.92389	949.813223	949.755819	1034.2348	1023.04219	
22.93403	949.813223	949.755819	1034.2348	1023.04219	
22.94423	949.813223	949.755819	1034.2348	1023.04219	
22.95438	949.813223	949.755819	1034.2348	1023.04219	
22.96452	949.813223	949.755819	1034.2348	1023.04219	
22.97467	949.813223	949.755819	1034.2348	1023.04219	
22.98482	949.813223	949.755819	1034.2348	1023.04219	
22.99527	949.813223	949.755819	1034.2348	1023.04219	
23.00514	949.813223	949.755819	1034.2348	1023.04219	
23.01559	949.813223	949.755819	1034.2348	1023.04219	
23.02568	949.813223	949.755819	1034.2348	1023.04219	
23.03593	949.813223	949.755819	1034.2348	1023.04219	
23.04596	949.813223	949.755819	1034.2348	1023.04219	
23.05612	949.813223	949.755819	1034.2348	1023.04219	
23.06627	949.813223	949.755819	1034.2348	1023.04219	
23.0764	949.813223	949.755819	1034.2348	1023.04219	
23.0867	949.813223	949.755819	1034.2348	1023.04219	
23.1057	949.813223	949.755819	1034.2348	1023.04219	
23.11034	949.813223	949.755819	1034.2348	1023.04219	
23.12047	949.813223	949.755819	1034.2348	1023.04219	
23.13059	949.813223	949.755819	1034.2348	1023.04219	
23.14075	949.813223	949.755819	1034.2348	1023.04219	
23.1509	949.813223	949.755819	1034.2348	1023.04219	
23.16118	949.813223	949.755819	1034.2348	1023.04219	
23.17127	949.813223	949.755819	1034.2348	1023.04219	
23.18138	949.813223	949.755819	1034.2348	1023.04219	
23.19162	949.813223	949.755819	1034.2348	1023.04219	
23.20182	949.813223	949.755819	1034.2348	1023.04219	
23.21191	949.813223	949.755819	1034.2348	1023.04219	
23.22223	949.813223	949.755819	1034.2348	1023.04219	
23.23221	949.813223	949.755819	1034.2348	1023.04219	
23.24239	949.813223	949.755819	1034.2348	1023.04219	
23.25254	949.813223	949.755819	1034.2348	1023.04219	
23.26284	949.813223	949.755819	1034.2348	1023.04219	
23.27291	949.813223	949.755819	1034.2348	1023.04219	
23.28299	949.813223	949.755819	1034.2348	1023.04219	
23.29319	949.813223	949.755819	1034.2348	1023.04219	
23.30374	949.813223	949.755819	1034.2348	1023.04219	
23.31352	949.813223	949.755819	1034.2348	1023.04219	
23.32366	949.813223	949.755819	1034.2348	1023.04219	
23.33379	949.813223	949.755819	1034.2348	1023.04219	
23.34396	949.813223	949.755819	1034.2348	1023.04219	
23.35413	949.813223	949.755819	1034.2348	1023.04219	
23.36426	949.813223	949.755819	1034.2348	1023.04219	
23.37444	949.813223	949.755819	1034.2348	1023.04219	
23.38459	949.813223	949.755819	1034.2348	1023.04219	
23.3947	949.813223	949.755819	1034.2348	1023.04219	
23.4058	949.813223	949.755819	1034.2348	1023.04219	
23.41572	949.813223	949.755819	1034.2348	1023.04219	
23.42579	949.813223	949.755819	1034.2348	1023.04219	
23.4359	949.813223	949.755819	1034.2348	1023.04219	
23.44604	949.813223	949.755819	1034.2348	1023.04219	
23.4562	949.813223	949.755819	1034.2348	1023.04219	
23.46639	949.813223	949.755819	1034.2348	1023.04219	
23.47653	949.813223	949.755819	1034.2348	1023.04219	
23.48672	949.813223	949.755819	1034.2348	1023.04219	
23.49715	949.813223	949.755819	1034.2348	1023.04219	
23.50824	949.813223	949.755819	1034.2348	1023.04219	
23.51835	949.813223	949.755819	1034.2348	1023.04219	
23.52843	949.813223	949.755819	1034.2348	1023.04219	
23.53857	949.813223	949.755819	1034.2348	1023.04219	
23.54892	949.813223	949.755819	1034.2348	1023.04219	
23.55889	949.813223	949.755819	1034.2348	1023.04219	
23.56911	949.813223	949.755819	1034.2348	1023.04219	
23.5792	949.813223	949.755819	1034.2348	1023.04219	
23.58929	949.813223	949.755819	1034.2348	1023.04219	
23.60997	949.813223	949.755819	1034.2348	1023.04219	
23.61459	949.813223	949.755819	1034.2348	1023.04219	
23.62474	949.813223	949.755819	1034.2348	1023.04219	
23.63488	949.813223	949.755819	1034.2348	1023.04219	
23.64505	949.813223	949.755819	1034.2348	1023.04219	
23.65528	949.813223	949.755819	1034.2348	1023.04219	
23.66542	949.813223	949.755819	1034.2348	1023.04219	
23.6756	949.813223	949.755819	1034.2348	1023.04219	
23.686	949.813223	949.755819	1034.2348	1023.04219	
23.69604	949.813223	949.755819	1034.2348	1023.04219	
23.70602	949.813223	949.755819	1034.2348	1023.04219	
23.71625	949.813223	949.755819	1034.2348	1023.04219	
23.72641	949.813223	949.755819	1034.2348	1023.04219	
23.73647	949.813223	949.755819	1034.2348	1023.04219	
23.7467	949.813223	949.755819	1034.2348	1023.04219	
23.75717	949.813223	949.755819	1034.2348	1023.04219	
23.76697	949.813223	949.764546	1034.2348	1023.04219	
23.77714	949.813223	949.764546	1034.2348	1023.04219	
23.78724	949.813223	949.773272	1034.2348	1023.04219	
23.79738	949.813223	949.773272	1034.2348	1023.04219	
23.80756	949.813223	949.781999	1034.2348	1023.04219	
23.82587	949.813223	949.799452	1034.2348	1023.04219	
23.83053	949.813223	949.799452	1034.2348	1023.04219	
23.84066	949.813223	949.808179	1034.2348	1023.04219	
23.85078	949.813223	949.816906	1034.2348	1023.04219	
23.86102	949.813223	949.825632	1034.2348	1023.04219	
23.87115	949.813223	949.834359	1034.2348	1023.04219	
23.88131	949.813223	949.834359	1034.2348	1023.04219	
23.89146	949.813223	949.843086	1034.2348	1023.04219	
23.90159	949.813223	949.843086	1034.2348	1023.04219	
23.91179	949.813223	949.843086	1034.2348	1023.04219	
23.92452	949.813223	949.843086	1034.2348	1023.04219	
23.93464	949.813223	949.843086	1034.2348	1023.04219	
23.94482	949.813223	949.834359	1034.2348	1023.04219	
23.95495	949.813223	949.825632	1034.2348	1023.04219	
23.96515	949.813223	949.825632	1034.2348	1023.04219	
23.97533	949.813223	949.825632	1034.2348	1023.04219	
23.98554	949.813223	949.816906	1034.2348	1023.04219	
23.99568	949.813223	949.808179	1034.2348	1023.04219	
24.00605	949.813223	949.808179	1034.2348	1023.04219	
24.01862	949.813223	949.808179	1034.2348	1023.04219	
24.02639	949.813223	949.808179	1034.2348	1023.04219	
24.03649	949.813223	949.808179	1034.2348	1023.04219	
24.04671	949.813223	949.808179	1034.2348	1023.04219	
24.0568	949.813223	949.808179	1034.2348	1023.04219	
24.06725	949.813223	949.808179	1034.2348	1023.04219	
24.07711	949.813223	949.808179	1034.2348	1023.04219	
24.08724	949.813223	949.816906	1034.2348	1023.04219	
24.09738	949.813223	949.816906	1034.2348	1023.04219	
24.10752	949.813223	949.816906	1034.2348	1023.04219	
24.12004	949.813223	949.816906	1034.2348	1023.04219	
24.12791	949.813223	949.816906	1034.2348	1023.04219	
24.14587	949.813223	949.816906	1034.2348	1023.04219	
24.15045	949.813223	949.816906	1034.2348	1023.04219	
24.1606	949.813223	949.816906	1034.2348	1023.04219	
24.17076	949.813223	949.816906	1034.2348	1023.04219	
24.18091	949.813223	949.816906	1034.2348	1023.04219	
24.19107	949.813223	949.816906	1034.2348	1023.04219	
24.20133	949.813223	949.816906	1034.2348	1023.04219	
24.21148	949.813223	949.816906	1034.2348	1023.04219	
24.22431	949.813223	949.816906	1034.2348	1023.04219	
24.23189	949.813223	949.816906	1034.2348	1023.04219	
24.24198	949.813223	949.816906	1034.2348	1023.04219	
24.25215	949.813223	949.816906	1034.2348	1023.04219	
24.26231	949.813223	949.816906	1034.2348	1023.04219	
24.27246	949.813223	949.816906	1034.2348	1023.04219	
24.28259	949.813223	949.816906	1034.2348	1023.04219	
24.29276	949.813223	949.816906	1034.2348	1023.04219	
24.30297	949.813223	949.816906	1034.2348	1023.04219	
24.31314	949.813223	949.816906	1034.2348	1023.04219	
24.32569	949.813223	949.816906	1034.2348	1023.04219	
24.33346	949.813223	949.816906	1034.2348	1023.04219	
24.3437	949.813223	949.816906	1034.2348	1023.04219	
24.35375	949.813223	949.816906	1034.2348	1023.04219	
24.36387	949.813223	949.816906	1034.2348	1023.04219	
24.37402	949.813223	949.816906	1034.2348	1023.04219	
24.38422	949.813223	949.816906	1034.2348	1023.04219	
24.39433	949.813223	949.816906	1034.2348	1023.04219	
24.40451	949.813223	949.816906	1034.2348	1023.04219	
24.4147	949.813223	949.816906	1034.2348	1023.04219	
24.42833	949.813223	949.816906	1034.2348	1023.04219	
24.43524	949.813223	949.816906	1034.2348	1023.04219	
24.44536	949.813223	949.816906	1034.2348	1023.04219	
24.45558	949.813223	949.816906	1034.2348	1023.04219	
24.46571	949.813223	949.816906	1034.2348	1023.04219	
24.47594	949.813223	949.816906	1034.2348	1023.04219	
24.486	949.813223	949.816906	1034.2348	1023.04219	
24.49615	949.813223	949.816906	1034.2348	1023.04219	
24.5063	949.813223	949.816906	1034.2348	1023.04219	
24.51644	949.813223	949.816906	1034.2348	1023.04219	
24.52681	949.813223	949.816906	1034.2348	1023.04219	
24.53682	949.813223	949.816906	1034.2348	1023.04219	
24.54695	949.813223	949.816906	1034.2348	1023.04219	
24.55711	949.813223	949.816906	1034.2348	1023.04219	
24.5672	949.813223	949.816906	1034.2348	1023.04219	
24.57742	949.813223	949.816906	1034.2348	1023.04219	
24.58753	949.813223	949.816906	1034.2348	1023.04219	
24.59767	949.813223	949.816906	1034.2348	1023.04219	
24.60787	949.813223	949.816906	1034.2348	1023.04219	
24.61801	949.813223	949.816906	1034.2348	1023.04219	
24.62859	949.813223	949.816906	1034.2348	1023.04219	
24.63863	949.813223	949.816906	1034.2348	1023.04219	
24.64848	949.813223	949.816906	1034.2348	1023.04219	
24.65857	949.813223	949.816906	1034.2348	1023.04219	
24.67992	949.813223	949.816906	1034.2348	1023.04219	
24.6845	949.813223	949.816906	1034.2348	1023.04219	
24.69467	949.813223	949.816906	1034.2348	1023.04219	
24.70489	949.813223	949.816906	1034.2348	1023.04219	
24.71498	949.813223	949.816906	1034.2348	1023.04219	
24.72514	949.813223	949.816906	1034.2348	1023.04219	
24.73861	949.813223	949.816906	1034.2348	1023.04219	
24.75386	949.813223	949.816906	1034.2348	1023.04219	
24.75852	949.813223	949.816906	1034.2348	1023.04219	
24.76857	949.813223	949.816906	1034.2348	1023.04219	
24.77892	949.813223	949.816906	1034.2348	1023.04219	
24.7889	949.813223	949.816906	1034.2348	1023.04219	
24.79905	949.813223	949.816906	1034.2348	1023.04219	
24.80925	949.813223	949.816906	1034.2348	1023.04219	
24.81931	949.813223	949.816906	1034.2348	1023.04219	
24.83964	949.813223	949.816906	1034.2348	1023.04219	
24.84459	949.813223	949.816906	1034.2348	1023.04219	
24.85452	949.813223	949.816906	1034.2348	1023.04219	
24.86463	949.813223	949.816906	1034.2348	1023.04219	
24.87477	949.813223	949.816906	1034.2348	1023.04219	
24.88492	949.813223	949.816906	1034.2348	1023.04219	
24.89507	949.813223	949.816906	1034.2348	1023.04219	
24.90533	949.813223	949.816906	1034.2348	1023.04219	
24.9154	949.813223	949.816906	1034.2348	1023.04219	
24.92557	949.813223	949.816906	1034.2348	1023.04219	
24.93593	949.813223	949.816906	1034.2348	1023.04219	
24.94707	949.813223	949.816906	1034.2348	1023.04219	
24.95672	949.813223	949.816906	1034.2348	1023.04219	
24.96683	949.813223	949.816906	1034.2348	1023.04219	
24.97724	949.813223	949.816906	1034.2348	1023.04219	
24.98738	949.813223	949.816906	1034.2348	1023.04219	
24.99728	949.813223	949.816906	1034.2348	1023.04219	
25.0074	949.813223	949.816906	1034.2348	1023.04219	
25.01757	949.813223	949.816906	1034.2348	1023.04219	
25.02767	949.813223	949.816906	1034.2348	1023.04219	
25.03782	949.813223	949.816906	1034.2348	1023.04219	
25.05717	949.813223	949.816906	1034.2348	1023.04219	
25.06178	949.813223	949.816906	1034.2348	1023.04219	
25.072	949.813223	949.816906	1034.2348	1023.04219	
25.08208	949.813223	949.816906	1034.2348	1023.04219	
25.09226	949.813223	949.816906	1034.2348	1023.04219	
25.10245	949.813223	949.816906	1034.2348	1023.04219	
25.11257	949.813223	949.816906	1034.2348	1023.04219	
25.12271	949.813223	949.816906	1034.2348	1023.04219	
25.13284	949.813223	949.816906	1034.2348	1023.04219	
25.143	949.813223	949.816906	1034.2348	1023.04219	
25.15331	949.813223	949.816906	1034.2348	1023.04219	
25.16335	949.813223	949.816906	1034.2348	1023.04219	
25.17351	949.813223	949.816906	1034.2348	1023.04219	
25.18373	949.813223	949.816906	1034.2348	1023.04219	
25.19378	949.813223	949.816906	1034.2348	1023.04219	
25.20401	949.813223	949.816906	1034.2348	1023.04219	
25.21417	949.813223	949.816906	1034.2348	1023.04219	
25.22443	949.813223	949.816906	1034.2348	1023.05092	
25.23445	949.813223	949.816906	1034.2348	1023.05092	
25.24457	949.813223	949.816906	1034.2348	1023.05092	
25.25509	949.813223	949.816906	1034.2348	1023.05092	
25.26495	949.813223	949.816906	1034.2348	1023.05092	
25.2751	949.813223	949.816906	1034.2348	1023.05092	
25.28525	949.813223	949.816906	1034.2348	1023.05092	
25.29537	949.813223	949.816906	1034.2348	1023.05092	
25.30557	949.813223	949.816906	1034.2348	1023.05965	
25.31572	949.813223	949.816906	1034.2348	1023.05965	
25.32586	949.813223	949.816906	1034.2348	1023.05965	
25.336	949.813223	949.816906	1034.2348	1023.06837	
25.3461	949.813223	949.816906	1034.2348	1023.0771	
25.35779	949.813223	949.816906	1034.2348	1023.08583	
25.36763	949.813223	949.816906	1034.2348	1023.09455	
25.37773	949.813223	949.816906	1034.2348	1023.10328	
25.38787	949.813223	949.816906	1034.2348	1023.12073	
25.4064	949.813223	949.816906	1034.2348	1023.12946	
25.41101	949.813223	949.816906	1034.2348	1023.15564	
25.42115	949.813223	949.816906	1034.2348	1023.16437	
25.43131	949.813223	949.816906	1034.2348	1023.19055	
25.44144	949.813223	949.816906	1034.2348	1023.21673	
25.45159	949.813223	949.816906	1034.2348	1023.23418	
25.46208	949.813223	949.816906	1034.2348	1023.26909	
25.47226	949.813223	949.816906	1034.2348	1023.28654	
25.48236	949.813223	949.816906	1034.2348	1023.32145	
25.4925	949.813223	949.816906	1034.2348	1023.34763	
25.50272	949.813223	949.816906	1034.2348	1023.37381	
25.51284	949.813223	949.816906	1034.2348	1023.40871	
25.52298	949.813223	949.816906	1034.2348	1023.43489	
25.53312	949.813223	949.816906	1034.2348	1023.4698	
25.54327	949.813223	949.816906	1034.2348	1023.49598	
25.55346	949.813223	949.816906	1034.2348	1023.53089	
25.56414	949.813223	949.816906	1034.2348	1023.55707	
25.57409	949.813223	949.816906	1034.2348	1023.59197	
25.58426	949.813223	949.816906	1034.2348	1023.61815	
25.5944	949.813223	949.816906	1034.2348	1023.65306	
25.6045	949.813223	949.816906	1034.2348	1023.68797	
25.61475	949.813223	949.816906	1034.2348	1023.71415	
25.62487	949.813223	949.816906	1034.2348	1023.74905	
25.63506	949.813223	949.816906	1034.2348	1023.78396	
25.64522	949.813223	949.816906	1034.2348	1023.81014	
25.65535	949.813223	949.816906	1034.2348	1023.84505	
25.66597	949.813223	949.816906	1034.2348	1023.87123	
25.67579	949.813223	949.816906	1034.2348	1023.90613	
25.68591	949.813223	949.816906	1034.2348	1023.93231	
25.69611	949.813223	949.816906	1034.2348	1023.96722	
25.70619	949.813223	949.816906	1034.2348	1024.00213	
25.7164	949.813223	949.816906	1034.2348	1024.02831	
25.72653	949.813223	949.816906	1034.2348	1024.06321	
25.73678	949.813223	949.816906	1034.2348	1024.09812	
25.74681	949.813223	949.816906	1034.2348	1024.1243	
25.75725	949.813223	949.816906	1034.2348	1024.15921	
25.77644	949.813223	949.816906	1034.2348	1024.19411	
25.78107	949.813223	949.816906	1034.2348	1024.22902	
25.79123	949.813223	949.816906	1034.2348	1024.26392	
25.80144	949.813223	949.816906	1034.2348	1024.29883	
25.81159	949.813223	949.816906	1034.2348	1024.32501	
25.82175	949.813223	949.816906	1034.2348	1024.35992	
25.832	949.813223	949.816906	1034.2348	1024.39482	
25.84206	949.813223	949.816906	1034.2348	1024.42973	
25.85218	949.813223	949.816906	1034.2348	1024.46464	
25.8624	949.813223	949.816906	1034.2348	1024.49954	
25.87296	949.813223	949.816906	1034.2348	1024.54318	
25.88295	949.813223	949.816906	1034.2348	1024.57808	
25.89308	949.813223	949.816906	1034.2348	1024.62172	
25.90319	949.813223	949.816906	1034.2348	1024.66535	
25.91348	949.813223	949.816906	1034.2348	1024.70898	
25.92356	949.813223	949.816906	1034.2348	1024.75262	
25.9337	949.813223	949.816906	1034.2348	1024.80498	
25.94397	949.813223	949.816906	1034.2348	1024.84861	
25.954	949.813223	949.816906	1034.2348	1024.90097	
25.96417	949.813223	949.816906	1034.2348	1024.9446	
25.97466	949.813223	949.816906	1034.2348	1024.99696	
25.9848	949.813223	949.816906	1034.2348	1025.04932	
25.99489	949.813223	949.816906	1034.2348	1025.09296	
26.005	949.813223	949.816906	1034.2348	1025.13659	
26.01515	949.813223	949.816906	1034.2348	1025.1715	
26.02573	949.813223	949.816906	1034.2348	1025.21513	
26.03589	949.813223	949.816906	1034.2348	1025.25004	
26.0461	949.813223	949.816906	1034.2348	1025.28494	
26.05629	949.813223	949.816906	1034.2348	1025.31112	
26.06634	949.813223	949.816906	1034.2348	1025.3373	
26.0768	949.813223	949.816906	1034.2348	1025.36348	
26.08694	949.813223	949.816906	1034.2348	1025.38966	
26.09691	949.813223	949.816906	1034.2348	1025.41584	
26.107	949.813223	949.816906	1034.2348	1025.44202	
26.1174	949.813223	949.816906	1034.2348	1025.4682	
26.12726	949.813223	949.816906	1034.2348	1025.48566	
26.13746	949.813223	949.816906	1034.2348	1025.50311	
26.1476	949.813223	949.816906	1034.2348	1025.52929	
26.15773	949.813223	949.816906	1034.2348	1025.54674	
26.16833	949.813223	949.816906	1034.2348	1025.5642	
26.18696	949.813223	949.816906	1034.2348	1025.58165	
26.19174	949.813223	949.816906	1034.2348	1025.60783	
26.20175	949.813223	949.816906	1034.2348	1025.61655	
26.21185	949.813223	949.816906	1034.2348	1025.63401	
26.22214	949.813223	949.816906	1034.2348	1025.65146	
26.23225	949.813223	949.816906	1034.2348	1025.66891	
26.24239	949.813223	949.816906	1034.2348	1025.67764	
26.2525	949.813223	949.816906	1034.2348	1025.70382	
26.26268	949.813223	949.816906	1034.2348	1025.72127	
26.27282	949.813223	949.816906	1034.2348	1025.74745	
26.28307	949.813223	949.816906	1034.2348	1025.77363	
26.29332	949.813223	949.816906	1034.2348	1025.79981	
26.30335	949.813223	949.816906	1034.2348	1025.82599	
26.31358	949.813223	949.816906	1034.2348	1025.8609	
26.32368	949.813223	949.816906	1034.2348	1025.89581	
26.33384	949.813223	949.816906	1034.2348	1025.93944	
26.34406	949.813223	949.816906	1034.2348	1025.98307	
26.35417	949.813223	949.816906	1034.2348	1026.02671	
26.36432	949.813223	949.816906	1034.2348	1026.07034	
26.37447	949.813223	949.816906	1034.2348	1026.1227	
26.38469	949.813223	949.816906	1034.2348	1026.16633	
26.39477	949.813223	949.816906	1034.2348	1026.20997	
26.40501	949.813223	949.816906	1034.2348	1026.2536	
26.41515	949.813223	949.816906	1034.2348	1026.29723	
26.42801	949.813223	949.816906	1034.2348	1026.33214	
26.43539	949.813223	949.816906	1034.2348	1026.36705	
26.44561	949.813223	949.816906	1034.2348	1026.40195	
26.45565	949.813223	949.816906	1034.2348	1026.42813	
26.4658	949.813223	949.816906	1034.2348	1026.45431	
26.47601	949.813223	949.816906	1034.2348	1026.48049	
26.48731	949.813223	949.816906	1034.2348	1026.50667	
26.49705	949.813223	949.816906	1034.2348	1026.52413	
26.50716	949.813223	949.816906	1034.2348	1026.55031	
26.51727	949.813223	949.816906	1034.2348	1026.56776	
26.52743	949.813223	949.816906	1034.2348	1026.58521	
26.53759	949.813223	949.816906	1034.2348	1026.60267	
26.54775	949.813223	949.816906	1034.2348	1026.62012	
26.55791	949.813223	949.816906	1034.2348	1026.62885	
26.56814	949.813223	949.816906	1034.2348	1026.6463	
26.57864	949.813223	949.816906	1034.2348	1026.65503	
26.58958	949.813223	949.816906	1034.2348	1026.67248	
26.59971	949.813223	949.816906	1034.2348	1026.68121	
26.60988	949.813223	949.816906	1034.2348	1026.68993	
26.61999	949.813223	949.816906	1034.2348	1026.69866	
26.63019	949.813223	949.816906	1034.2348	1026.70739	
26.64034	949.813223	949.816906	1034.2348	1026.70739	
26.65048	949.813223	949.816906	1034.2348	1026.71611	
26.66061	949.813223	949.816906	1034.2348	1026.71611	
26.68014	949.813223	949.816906	1034.2348	1026.72484	
26.68473	949.813223	949.816906	1034.2348	1026.72484	
26.69492	949.813223	949.816906	1034.2348	1026.73357	
26.70512	949.813223	949.816906	1034.2348	1026.74229	
26.71535	949.813223	949.816906	1034.2348	1026.75102	
26.72555	949.813223	949.816906	1034.2348	1026.76847	
26.73593	949.813223	949.816906	1034.2348	1026.78593	
26.74578	949.813223	949.816906	1034.2348	1026.81211	
26.75594	949.813223	949.816906	1034.2348	1026.83829	
26.76609	949.813223	949.816906	1034.2348	1026.88192	
26.77627	949.813223	949.816906	1034.2348	1026.91683	
26.78632	949.813223	949.816906	1034.2348	1026.96046	
26.79667	949.813223	949.816906	1034.2348	1027.01282	
26.80675	949.813223	949.816906	1034.2348	1027.05645	
26.8171	949.813223	949.816906	1034.2348	1027.10881	
26.827	949.813223	949.816906	1034.2348	1027.15244	
26.83731	949.813223	949.816906	1034.2348	1027.2048	
26.84728	949.813223	949.816906	1034.2348	1027.24844	
26.85749	949.813223	949.816906	1034.2348	1027.28334	
26.86758	949.813223	949.816906	1034.2348	1027.32698	
26.87771	949.813223	949.816906	1034.2348	1027.36188	
26.88788	949.813223	949.816906	1034.2348	1027.39679	
26.89853	949.813223	949.816906	1034.2348	1027.4317	
26.90821	949.813223	949.816906	1034.2348	1027.45788	
26.91838	949.813223	949.816906	1034.2348	1027.48406	
26.92848	949.813223	949.816906	1034.2348	1027.51024	
26.93893	949.813223	949.816906	1034.2348	1027.52769	
26.94878	949.813223	949.816906	1034.2348	1027.55387	
26.95893	949.813223	949.816906	1034.2348	1027.5626	
26.96908	949.813223	949.816906	1034.2348	1027.58005	
26.97918	949.813223	949.816906	1034.2348	1027.5975	
26.98938	949.813223	949.816906	1034.2348	1027.5975	
27.00029	949.813223	949.816906	1034.2348	1027.60623	
27.01038	949.813223	949.816906	1034.2348	1027.61496	
27.02053	949.813223	949.816906	1034.2348	1027.61496	
27.03072	949.813223	949.816906	1034.2348	1027.62368	
27.04086	949.813223	949.816906	1034.2348	1027.62368	
27.051	949.813223	949.816906	1034.2348	1027.63241	
27.06115	949.813223	949.816906	1034.2348	1027.63241	
27.07133	949.813223	949.816906	1034.2348	1027.64114	
27.08149	949.813223	949.816906	1034.2348	1027.65859	
27.09164	949.813223	949.816906	1034.2348	1027.66732	
27.10318	949.813223	949.816906	1034.2348	1027.6935	
27.11304	949.813223	949.816906	1034.2348	1027.71095	
27.12319	949.813223	949.816906	1034.2348	1027.73713	
27.13332	949.813223	949.816906	1034.2348	1027.77204	
27.14351	949.813223	949.816906	1034.2348	1027.80694	
27.15371	949.813223	949.816906	1034.2348	1027.84185	
27.16387	949.813223	949.816906	1034.2348	1027.88548	
27.174	949.813223	949.816906	1034.2348	1027.92912	
27.18419	949.813223	949.816906	1034.2348	1027.98148	
27.19428	949.813223	949.816906	1034.2348	1028.02511	
27.20582	949.813223	949.816906	1034.2348	1028.07747	
27.2157	949.813223	949.816906	1034.2348	1028.1211	
27.22598	949.813223	949.816906	1034.2348	1028.16474	
27.2362	949.813223	949.816906	1034.2348	1028.2171	
27.2461	949.813223	949.816906	1034.2348	1028.26073	
27.25635	949.813223	949.816906	1034.2348	1028.29564	
27.26647	949.813223	949.816906	1034.2348	1028.33054	
27.27656	949.813223	949.816906	1034.2348	1028.36545	
27.28676	949.813223	949.816906	1034.2348	1028.40036	
27.2972	949.813223	949.816906	1034.2348	1028.43526	
27.31658	949.813223	949.816906	1034.2348	1028.47017	
27.3212	949.813223	949.816906	1034.2348	1028.49635	
27.33132	949.813223	949.816906	1034.2348	1028.5138	
27.34178	949.813223	949.816906	1034.2348	1028.53125	
27.35188	949.813223	949.816906	1034.2348	1028.54871	
27.362	949.813223	949.816906	1034.2348	1028.56616	
27.37213	949.813223	949.816906	1034.2348	1028.57489	
27.3823	949.813223	949.816906	1034.2348	1028.58361	
27.39242	949.813223	949.816906	1034.2348	1028.59234	
27.40261	949.813223	949.816906	1034.2348	1028.59234	
27.41293	949.813223	949.816906	1034.2348	1028.60107	
27.42306	949.813223	949.816906	1034.2348	1028.59234	
27.43324	949.813223	949.816906	1034.2348	1028.59234	
27.44354	949.813223	949.816906	1034.2348	1028.59234	
27.45351	949.813223	949.816906	1034.2348	1028.59234	
27.46364	949.813223	949.816906	1034.2348	1028.58361	
27.47381	949.813223	949.816906	1034.2348	1028.58361	
27.48395	949.813223	949.816906	1034.2348	1028.57489	
27.49408	949.813223	949.816906	1034.2348	1028.57489	
27.50433	949.813223	949.816906	1034.2348	1028.58361	
27.51477	949.813223	949.816906	1034.2348	1028.59234	
27.5249	949.813223	949.816906	1034.2348	1028.60107	
27.53499	949.813223	949.816906	1034.2348	1028.60979	
27.54519	949.813223	949.816906	1034.2348	1028.62725	
27.5553	949.813223	949.816906	1034.2348	1028.6447	
27.56558	949.813223	949.816906	1034.2348	1028.67088	
27.57567	949.813223	949.816906	1034.2348	1028.69706	
27.58581	949.813223	949.816906	1034.2348	1028.73197	
27.59596	949.813223	949.816906	1034.2348	1028.7756	
27.60605	949.813223	949.816906	1034.2348	1028.81923	
27.61646	949.813223	949.816906	1034.2348	1028.86287	
27.62647	949.813223	949.816906	1034.2348	1028.9065	
27.6367	949.813223	949.816906	1034.2348	1028.95013	
27.64676	949.813223	949.816906	1034.2348	1028.99377	
27.65722	949.813223	949.816906	1034.2348	1029.0374	
27.66709	949.813223	949.816906	1034.2348	1029.08103	
27.67723	949.813223	949.816906	1034.2348	1029.12467	
27.68739	949.813223	949.816906	1034.2348	1029.15957	
27.7059	949.813223	949.816906	1034.2348	1029.22066	
27.71065	949.813223	949.816906	1034.2348	1029.23811	
27.72086	949.813223	949.816906	1034.2348	1029.26429	
27.73094	949.813223	949.816906	1034.2348	1029.29047	
27.74112	949.813223	949.816906	1034.2348	1029.30793	
27.75123	949.813223	949.816906	1034.2348	1029.33411	
27.76147	949.813223	949.816906	1034.2348	1029.34283	
27.77158	949.813223	949.816906	1034.2348	1029.36029	
27.78174	949.813223	949.816906	1034.2348	1029.37774	
27.79195	949.813223	949.816906	1034.2348	1029.38647	
27.80201	949.813223	949.816906	1034.2348	1029.40392	
27.81222	949.813223	949.816906	1034.2348	1029.41265	
27.82277	949.813223	949.816906	1034.2348	1029.4301	
27.83284	949.813223	949.816906	1034.2348	1029.43883	
27.84298	949.813223	949.816906	1034.2348	1029.44755	
27.85314	949.813223	949.816906	1034.2348	1029.44755	
27.86328	949.813223	949.816906	1034.2348	1029.45628	
27.87346	949.813223	949.816906	1034.2348	1029.46501	
27.88359	949.813223	949.816906	1034.2348	1029.46501	
27.8937	949.813223	949.816906	1034.2348	1029.47373	
27.90388	949.813223	949.816906	1034.2348	1029.47373	
27.91399	949.813223	949.816906	1034.2348	1029.48246	
27.9246	949.813223	949.816906	1034.2348	1029.49119	
27.9344	949.813223	949.816906	1034.2348	1029.49991	
27.94461	949.813223	949.816906	1034.2348	1029.51737	
27.95474	949.813223	949.816906	1034.2348	1029.53482	
27.96486	949.813223	949.816906	1034.2348	1029.561	
27.97507	949.813223	949.816906	1034.2348	1029.58718	
27.9852	949.813223	949.816906	1034.2348	1029.62209	
27.99535	949.813223	949.816906	1034.2348	1029.65699	
28.00544	949.813223	949.816906	1034.2348	1029.70063	
28.01589	949.813223	949.816906	1034.2348	1029.74426	
28.02731	949.813223	949.816906	1034.2348	1029.79662	
28.03721	949.813223	949.816906	1034.2348	1029.84898	
28.04737	949.813223	949.816906	1034.2348	1029.90134	
28.05753	949.813223	949.816906	1034.2348	1029.94497	
28.06765	949.813223	949.816906	1034.2348	1029.99733	
28.07785	949.813223	949.816906	1034.2348	1030.04096	
28.09593	949.813223	949.816906	1034.2348	1030.09332	
28.10053	949.813223	949.816906	1034.2348	1030.15441	
28.11069	949.813223	949.816906	1034.2348	1030.19804	
28.12083	949.813223	949.816906	1034.2348	1030.24168	
28.13906	949.813223	949.816906	1034.2348	1030.32022	
28.14365	949.813223	949.816906	1034.2348	1030.33767	
28.15385	949.813223	949.816906	1034.2348	1030.37258	
28.16396	949.813223	949.816906	1034.2348	1030.40748	
28.17414	949.813223	949.816906	1034.2348	1030.44239	
28.18437	949.813223	949.816906	1034.2348	1030.46857	
28.19446	949.813223	949.816906	1034.2348	1030.49475	
28.20463	949.813223	949.816906	1034.2348	1030.52966	
28.21477	949.813223	949.816906	1034.2348	1030.55584	
28.22505	949.813223	949.816906	1034.2348	1030.58202	
28.23794	949.813223	949.816906	1034.2348	1030.61692	
28.24787	949.813223	949.816906	1034.2348	1030.63438	
28.2659	949.813223	949.816906	1034.2348	1030.66056	
28.27045	949.813223	949.816906	1034.2348	1030.68674	
28.28067	949.813223	949.816906	1034.2348	1030.71292	
28.2908	949.813223	949.816906	1034.2348	1030.73037	
28.30096	949.813223	949.816906	1034.2348	1030.74782	
28.31115	949.813223	949.816906	1034.2348	1030.76528	
28.32124	949.813223	949.816906	1034.2348	1030.78273	
28.33404	949.813223	949.816906	1034.2348	1030.80018	
28.3416	949.813223	949.816906	1034.2348	1030.81764	
28.35176	949.813223	949.816906	1034.2348	1030.83509	
28.36191	949.813223	949.816906	1034.2348	1030.84382	
28.372	949.813223	949.816906	1034.2348	1030.86127	
28.38222	949.813223	949.816906	1034.2348	1030.87872	
28.39238	949.813223	949.816906	1034.2348	1030.89618	
28.40252	949.813223	949.816906	1034.2348	1030.91363	
28.41263	949.813223	949.816906	1034.2348	1030.93108	
28.42312	949.813223	949.816906	1034.2348	1030.94854	
28.44572	949.813223	949.816906	1034.2348	1031.0009	
28.45032	949.813223	949.816906	1034.2348	1031.00962	
28.46045	949.813223	949.816906	1034.2348	1031.0358	
28.47059	949.813223	949.816906	1034.2348	1031.06198	
28.4808	949.813223	949.816906	1034.2348	1031.08816	
28.49095	949.813223	949.816906	1034.2348	1031.12307	
28.50112	949.813223	949.816906	1034.2348	1031.15798	
28.5113	949.813223	949.816906	1034.2348	1031.20161	
28.52141	949.813223	949.816906	1034.2348	1031.24524	
28.53154	949.813223	949.816906	1034.2348	1031.28888	
28.54193	949.813223	949.816906	1034.2348	1031.33251	
28.55194	949.813223	949.816906	1034.2348	1031.38487	
28.5621	949.813223	949.816906	1034.2348	1031.4285	
28.57219	949.813223	949.816906	1034.2348	1031.47213	
28.58242	949.813223	949.816906	1034.2348	1031.52449	
28.59261	949.813223	949.816906	1034.2348	1031.57685	
28.60272	949.813223	949.816906	1034.2348	1031.62921	
28.61288	949.813223	949.816906	1034.2348	1031.68157	
28.62304	949.813223	949.816906	1034.2348	1031.72521	
28.63318	949.813223	949.816906	1034.2348	1031.77757	
28.64373	949.813223	949.816906	1034.2348	1031.8212	
28.65363	949.813223	949.816906	1034.2348	1031.87356	
28.66376	949.813223	949.816906	1034.2348	1031.91719	
28.68355	949.813223	949.816906	1034.2348	1031.99573	
28.68863	949.813223	949.816906	1034.2348	1032.01319	
28.69859	949.813223	949.816906	1034.2348	1032.04809	
28.70848	949.813223	949.816906	1034.2348	1032.07427	
28.71859	949.813223	949.816906	1034.2348	1032.10045	
28.72871	949.813223	949.816906	1034.2348	1032.13536	
28.73896	949.813223	949.816906	1034.2348	1032.16154	
28.74911	949.813223	949.816906	1034.2348	1032.17899	
28.75922	949.813223	949.816906	1034.2348	1032.20517	
28.76937	949.813223	949.816906	1034.2348	1032.22263	
28.77954	949.813223	949.816906	1034.2348	1032.24008	
28.7901	949.813223	949.816906	1034.2348	1032.25753	
28.80026	949.813223	949.816906	1034.2348	1032.27499	
28.81034	949.813223	949.816906	1034.2348	1032.28371	
28.82048	949.813223	949.816906	1034.2348	1032.30117	
28.83059	949.813223	949.816906	1034.2348	1032.30989	
28.8408	949.813223	949.816906	1034.2348	1032.31862	
28.85099	949.813223	949.816906	1034.2348	1032.33607	
28.86113	949.813223	949.816906	1034.2348	1032.3448	
28.87131	949.813223	949.816906	1034.2348	1032.36225	
28.88143	949.813223	949.816906	1034.2348	1032.37971	
28.89158	949.813223	949.816906	1034.2348	1032.38843	
28.90178	949.813223	949.816906	1034.2348	1032.41461	
28.91197	949.813223	949.816906	1034.2348	1032.43207	
28.92207	949.813223	949.816906	1034.2348	1032.46697	
28.93219	949.813223	949.816906	1034.2348	1032.50188	
28.94238	949.813223	949.816906	1034.2348	1032.54551	
28.95267	949.813223	949.816906	1034.2348	1032.58915	
28.96273	949.813223	949.816906	1034.2348	1032.64151	
28.97287	949.813223	949.816906	1034.2348	1032.69387	
28.98308	949.813223	949.816906	1034.2348	1032.74622	
28.99319	949.813223	949.816906	1034.2348	1032.80731	
29.00331	949.813223	949.816906	1034.2348	1032.8684	
29.01351	949.813223	949.816906	1034.2348	1032.92076	
29.02368	949.813223	949.816906	1034.2348	1032.97312	
29.03388	949.813223	949.816906	1034.2348	1033.0342	
29.04397	949.813223	949.816906	1034.2348	1033.08656	
29.05451	949.813223	949.816906	1034.2348	1033.13892	
29.0644	949.813223	949.816906	1034.2348	1033.18256	
29.0745	949.813223	949.816906	1034.2348	1033.21746	
29.08469	949.813223	949.816906	1034.2348	1033.2611	
29.09481	949.813223	949.816906	1034.2348	1033.296	
29.105	949.813223	949.816906	1034.2348	1033.33091	
29.11515	949.813223	949.816906	1034.2348	1033.35709	
29.12534	949.813223	949.816906	1034.2348	1033.392	
29.13548	949.813223	949.816906	1034.2348	1033.41818	
29.14591	949.813223	949.816906	1034.2348	1033.44436	
29.15706	949.813223	949.816906	1034.2348	1033.46181	
29.16761	949.813223	949.816906	1034.2348	1033.48799	
29.1771	949.813223	949.816906	1034.2348	1033.50544	
29.1872	949.813223	949.816906	1034.2348	1033.5229	
29.1974	949.813223	949.816906	1034.2348	1033.54035	
29.20752	949.813223	949.816906	1034.2348	1033.5578	
29.21784	949.813223	949.816906	1034.2348	1033.56653	
29.22783	949.813223	949.816906	1034.2348	1033.58398	
29.23799	949.813223	949.816906	1034.2348	1033.60144	
29.24857	949.813223	949.816906	1034.2348	1033.61016	
29.25962	949.813223	949.816906	1034.2348	1033.62762	
29.2697	949.813223	949.816906	1034.2348	1033.63634	
29.27979	949.813223	949.816906	1034.2348	1033.6538	
29.28993	949.813223	949.816906	1034.2348	1033.67125	
29.30019	949.813223	949.816906	1034.2348	1033.70616	
29.31036	949.813223	949.816906	1034.2348	1033.73234	
29.32061	949.813223	949.816906	1034.2348	1033.75852	
29.33066	949.813223	949.816906	1034.2348	1033.80215	
29.3408	949.813223	949.816906	1034.2348	1033.83706	
29.35103	949.813223	949.816906	1034.2348	1033.88069	
29.36237	949.813223	949.816906	1034.2348	1033.93305	
29.37239	949.813223	949.816906	1034.2348	1033.97668	
29.38258	949.813223	949.816906	1034.2348	1034.02032	
29.39271	949.813223	949.816906	1034.2348	1034.07268	
29.40284	949.813223	949.816906	1034.2348	1034.11631	
29.41303	949.813223	949.816906	1034.2348	1034.15994	
29.4232	949.813223	949.816906	1034.2348	1034.20357	
29.43558	949.813223	949.816906	1034.2348	1034.24721	
29.44346	949.813223	949.816906	1034.2348	1034.29084	
29.45359	949.813223	949.816906	1034.2348	1034.32575	
29.46464	949.813223	949.816906	1034.2348	1034.36065	
29.47433	949.813223	949.816906	1034.2348	1034.39556	
29.48448	949.813223	949.816906	1034.2348	1034.42174	
29.49463	949.813223	949.816906	1034.2348	1034.44792	
29.50477	949.813223	949.816906	1034.2348	1034.4741	
29.51494	949.813223	949.816906	1034.2348	1034.50028	
29.52508	949.813223	949.816906	1034.2348	1034.52646	
29.53527	949.813223	949.816906	1034.2348	1034.54391	
29.54544	949.813223	949.816906	1034.2348	1034.56137	
29.55588	949.813223	949.816906	1034.2348	1034.57882	
29.56575	949.813223	949.816906	1034.2348	1034.59627	
29.57591	949.813223	949.816906	1034.2348	1034.61373	
29.58606	949.813223	949.816906	1034.2348	1034.62245	
29.5962	949.813223	949.816906	1034.2348	1034.63118	
29.60635	949.813223	949.816906	1034.2348	1034.63991	
29.61672	949.813223	949.816906	1034.2348	1034.64863	
29.62691	949.813223	949.816906	1034.2348	1034.65736	
29.63699	949.813223	949.816906	1034.2348	1034.66609	
29.64696	949.813223	949.816906	1034.2348	1034.67481	
29.65708	949.813223	949.816906	1034.2348	1034.68354	
29.6672	949.813223	949.816906	1034.2348	1034.69227	
29.67736	949.813223	949.816906	1034.2348	1034.70972	
29.68751	949.813223	949.816906	1034.2348	1034.71845	
29.69769	949.813223	949.816906	1034.2348	1034.7359	
29.70784	949.813223	949.816906	1034.2348	1034.75335	
29.71803	949.813223	949.816906	1034.2348	1034.77953	
29.72821	949.813223	949.816906	1034.2348	1034.80571	
29.7383	949.813223	949.816906	1034.2348	1034.84062	
29.74845	949.813223	949.816906	1034.2348	1034.87553	
29.75856	949.813223	949.816906	1034.2348	1034.91043	
29.76874	949.813223	949.816906	1034.2348	1034.95407	
29.77884	949.813223	949.816906	1034.2348	1034.9977	
29.78899	949.813223	949.816906	1034.2348	1035.04133	
29.79917	949.813223	949.816906	1034.2348	1035.08497	
29.80931	949.813223	949.816906	1034.2348	1035.1286	
29.81944	949.813223	949.816906	1034.2348	1035.17223	
29.82964	949.813223	949.816906	1034.2348	1035.21587	
29.83975	949.813223	949.816906	1034.2348	1035.2595	
29.84998	949.813223	949.816906	1034.2348	1035.29441	
29.86011	949.813223	949.816906	1034.2348	1035.33804	
29.87027	949.813223	949.816906	1034.2348	1035.37295	
29.88048	949.813223	949.816906	1034.2348	1035.40785	
29.89055	949.813223	949.816906	1034.2348	1035.43403	
29.90072	949.813223	949.816906	1034.2348	1035.46894	
29.91096	949.813223	949.816906	1034.2348	1035.49512	
29.92104	949.813223	949.816906	1034.2348	1035.5213	
29.93115	949.813223	949.816906	1034.2348	1035.55621	
29.94135	949.813223	949.816906	1034.2348	1035.57366	
29.95159	949.813223	949.816906	1034.2348	1035.59984	
29.96178	949.813223	949.816906	1034.2348	1035.62602	
29.97187	949.813223	949.816906	1034.2348	1035.6522	
29.98204	949.813223	949.816906	1034.2348	1035.66965	
29.99225	949.813223	949.816906	1034.2348	1035.69583	
30.00231	949.813223	949.816906	1034.2348	1035.71328	
30.01252	949.813223	949.816906	1034.2348	1035.73074	
30.02266	949.813223	949.816906	1034.2348	1035.75692	
30.03286	949.813223	949.816906	1034.2348	1035.77437	
30.04298	949.813223	949.816906	1034.2348	1035.80055	
30.05312	949.813223	949.816906	1034.2348	1035.818	
30.06331	949.813223	949.816906	1034.2348	1035.83546	
30.07345	949.813223	949.816906	1034.2348	1035.84418	
30.08364	949.813223	949.816906	1034.2348	1035.87036	
30.0938	949.813223	949.816906	1034.2348	1035.87909	
30.10394	949.813223	949.816906	1034.2348	1035.89654	
30.11409	949.813223	949.816906	1034.2348	1035.90527	
30.1242	949.813223	949.816906	1034.2348	1035.92272	
30.13435	949.813223	949.816906	1034.2348	1035.94018	
30.14452	949.813223	949.816906	1034.2348	1035.9489	
30.15467	949.813223	949.816906	1034.2348	1035.96636	
30.16486	949.813223	949.816906	1034.2348	1035.97508	
30.17502	949.813223	949.816906	1034.2348	1035.98381	
30.18513	949.813223	949.816906	1034.2348	1035.99254	
30.19526	949.813223	949.816906	1034.2348	1036.00999	
30.20561	949.813223	949.816906	1034.2348	1036.00999	
30.21576	949.813223	949.816906	1034.2348	1036.02744	
30.2261	949.813223	949.816906	1034.2348	1036.03617	
30.2361	949.813223	949.816906	1034.2348	1036.0449	
30.24623	949.813223	949.816906	1034.2348	1036.0449	
30.25646	949.813223	949.816906	1034.2348	1036.05362	
30.26654	949.813223	949.816906	1034.2348	1036.06235	
30.27671	949.813223	949.816906	1034.2348	1036.06235	
30.28692	949.813223	949.816906	1034.2348	1036.07108	
30.297	949.813223	949.816906	1034.2348	1036.07108	
30.30713	949.813223	949.816906	1034.2348	1036.0798	
30.31726	949.813223	949.816906	1034.2348	1036.0798	
30.32742	949.813223	949.816906	1034.2348	1036.0798	
30.33758	949.813223	949.816906	1034.2348	1036.0798	
30.34769	949.813223	949.816906	1034.2348	1036.0798	
30.35785	949.813223	949.816906	1034.2348	1036.0798	
30.3681	949.813223	949.816906	1034.2348	1036.0798	
30.3782	949.813223	949.816906	1034.2348	1036.0798	
30.38828	949.813223	949.816906	1034.2348	1036.0798	
30.39844	949.813223	949.816906	1034.2348	1036.0798	
30.40862	949.813223	949.816906	1034.2348	1036.0798	
30.41871	949.813223	949.816906	1034.2348	1036.0798	
30.42886	949.813223	949.816906	1034.2348	1036.0798	
30.43969	949.813223	949.816906	1034.2348	1036.0798	
30.44978	949.813223	949.816906	1034.2348	1036.0798	
30.45986	949.813223	949.816906	1034.2348	1036.0798	
30.47006	949.813223	949.816906	1034.2348	1036.0798	
30.4803	949.813223	949.816906	1034.2348	1036.0798	
30.49039	949.813223	949.816906	1034.2348	1036.0798	
30.50053	949.813223	949.816906	1034.2348	1036.0798	
30.51069	949.813223	949.816906	1034.2348	1036.0798	
30.52087	949.813223	949.816906	1034.2348	1036.0798	
30.53096	949.813223	949.816906	1034.2348	1036.0798	
30.54116	949.813223	949.816906	1034.2348	1036.0798	
30.55131	949.813223	949.816906	1034.2348	1036.0798	
30.56147	949.813223	949.816906	1034.2348	1036.0798	
30.57163	949.813223	949.816906	1034.2348	1036.0798	
30.58183	949.813223	949.816906	1034.2348	1036.0798	
30.59199	949.813223	949.816906	1034.2348	1036.0798	
30.60213	949.813223	949.816906	1034.2348	1036.0798	
30.61228	949.813223	949.816906	1034.2348	1036.0798	
30.62239	949.813223	949.816906	1034.2348	1036.0798	
30.63263	949.813223	949.816906	1034.2348	1036.0798	
30.6427	949.813223	949.816906	1034.2348	1036.0798	
30.65288	949.813223	949.816906	1034.2348	1036.0798	
30.66305	949.813223	949.816906	1034.2348	1036.0798	
30.68311	949.813223	949.816906	1034.2348	1036.0798	
30.68771	949.813223	949.816906	1034.2348	1036.0798	
30.70597	949.813223	949.816906	1034.2348	1036.0798	
30.71058	949.813223	949.816906	1034.2348	1036.0798	
30.72078	949.813223	949.816906	1034.2348	1036.0798	
30.73088	949.813223	949.816906	1034.2348	1036.0798	
30.74106	949.813223	949.816906	1034.2348	1036.0798	
30.75122	949.813223	949.816906	1034.2348	1036.0798	
30.76139	949.813223	949.816906	1034.2348	1036.0798	
30.77153	949.813223	949.816906	1034.2348	1036.0798	
30.78168	949.813223	949.816906	1034.2348	1036.0798	
30.79189	949.813223	949.816906	1034.2348	1036.0798	
30.80208	949.813223	949.816906	1034.2348	1036.0798	
30.81223	949.813223	949.816906	1034.2348	1036.0798	
30.82235	949.813223	949.816906	1034.2348	1036.0798	
30.8326	949.813223	949.816906	1034.2348	1036.0798	
30.84269	949.813223	949.816906	1034.2348	1036.0798	
30.85283	949.813223	949.816906	1034.2348	1036.0798	
30.86303	949.813223	949.816906	1034.2348	1036.0798	
30.87314	949.813223	949.816906	1034.2348	1036.0798	
30.88333	949.813223	949.816906	1034.2348	1036.0798	
30.89346	949.813223	949.816906	1034.2348	1036.0798	
30.9037	949.813223	949.816906	1034.2348	1036.0798	
30.91391	949.813223	949.816906	1034.2348	1036.0798	
30.92399	949.813223	949.816906	1034.2348	1036.0798	
30.93411	949.813223	949.816906	1034.2348	1036.0798	
30.94435	949.813223	949.816906	1034.2348	1036.0798	
30.95445	949.813223	949.816906	1034.2348	1036.0798	
30.96459	949.813223	949.816906	1034.2348	1036.0798	
30.97473	949.813223	949.816906	1034.2348	1036.0798	
30.98487	949.813223	949.816906	1034.2348	1036.0798	
30.99508	949.813223	949.816906	1034.2348	1036.0798	
31.00517	949.813223	949.816906	1034.2348	1036.0798	
31.01555	949.813223	949.816906	1034.2348	1036.0798	
31.02569	949.813223	949.816906	1034.2348	1036.0798	
31.03582	949.813223	949.816906	1034.2348	1036.0798	
31.04606	949.813223	949.816906	1034.2348	1036.0798	
31.05614	949.813223	949.816906	1034.2348	1036.0798	
31.06629	949.813223	949.816906	1034.2348	1036.0798	
31.07645	949.813223	949.816906	1034.2348	1036.0798	
31.08658	949.813223	949.816906	1034.2348	1036.0798	
31.09679	949.813223	949.816906	1034.2348	1036.0798	
31.10697	949.813223	949.816906	1034.2348	1036.0798	
31.11703	949.813223	949.816906	1034.2348	1036.0798	
31.12718	949.813223	949.816906	1034.2348	1036.0798	
31.13728	949.813223	949.816906	1034.2348	1036.0798	
31.14745	949.813223	949.816906	1034.2348	1036.0798	
31.15762	949.813223	949.816906	1034.2348	1036.0798	
31.16776	949.813223	949.816906	1034.2348	1036.0798	
31.18584	949.813223	949.816906	1034.2348	1036.0798	
31.19038	949.813223	949.816906	1034.2348	1036.0798	
31.20061	949.813223	949.816906	1034.2348	1036.0798	
31.21076	949.813223	949.816906	1034.2348	1036.0798	
31.2209	949.813223	949.816906	1034.2348	1036.0798	
31.23111	949.813223	949.816906	1034.2348	1036.0798	
31.24118	949.813223	949.816906	1034.2348	1036.0798	
31.25137	949.813223	949.816906	1034.2348	1036.0798	
31.26151	949.813223	949.816906	1034.2348	1036.0798	
31.27173	949.813223	949.816906	1034.2348	1036.0798	
31.28193	949.813223	949.816906	1034.2348	1036.0798	
31.29205	949.813223	949.816906	1034.2348	1036.0798	
31.30219	949.813223	949.816906	1034.2348	1036.0798	
31.31242	949.813223	949.816906	1034.2348	1036.0798	
31.32251	949.813223	949.816906	1034.2348	1036.0798	
31.33262	949.813223	949.816906	1034.2348	1036.0798	
31.34281	949.813223	949.816906	1034.2348	1036.0798	
31.35297	949.813223	949.816906	1034.2348	1036.0798	
31.36314	949.813223	949.816906	1034.2348	1036.0798	
31.37322	949.813223	949.816906	1034.2348	1036.0798	
31.38342	949.813223	949.816906	1034.2348	1036.0798	
31.39354	949.813223	949.816906	1034.2348	1036.0798	
31.40371	949.813223	949.816906	1034.2348	1036.0798	
31.41405	949.813223	949.816906	1034.2348	1036.0798	
31.42402	949.813223	949.816906	1034.2348	1036.0798	
31.4342	949.813223	949.816906	1034.2348	1036.0798	
31.44437	949.813223	949.816906	1034.2348	1036.0798	
31.45448	949.813223	949.816906	1034.2348	1036.0798	
31.46467	949.813223	949.816906	1034.2348	1036.0798	
31.47477	949.813223	949.816906	1034.2348	1036.0798	
31.48495	949.813223	949.816906	1034.2348	1036.0798	
31.49515	949.813223	949.816906	1034.2348	1036.0798	
31.50527	949.813223	949.816906	1034.2348	1036.0798	
31.51575	949.813223	949.816906	1034.2348	1036.0798	
31.52567	949.813223	949.816906	1034.2348	1036.0798	
31.53575	949.813223	949.816906	1034.2348	1036.0798	
31.55384	949.813223	949.816906	1034.2348	1036.0798	
31.55842	949.813223	949.816906	1034.2348	1036.0798	
31.56866	949.813223	949.816906	1034.2348	1036.0798	
31.57872	949.813223	949.816906	1034.2348	1036.0798	
31.58887	949.813223	949.816906	1034.2348	1036.0798	
31.59906	949.813223	949.816906	1034.2348	1036.0798	
31.60917	949.813223	949.816906	1034.2348	1036.0798	
31.61932	949.813223	949.816906	1034.2348	1036.0798	
31.62955	949.813223	949.816906	1034.2348	1036.0798	
31.63965	949.813223	949.816906	1034.2348	1036.0798	
31.64982	949.813223	949.816906	1034.2348	1036.0798	
31.65995	949.813223	949.816906	1034.2348	1036.0798	
31.67018	949.813223	949.816906	1034.2348	1036.0798	
31.68037	949.813223	949.816906	1034.2348	1036.0798	
31.69047	949.813223	949.816906	1034.2348	1036.0798	
31.70062	949.813223	949.816906	1034.2348	1036.0798	
31.71078	949.813223	949.816906	1034.2348	1036.0798	
31.72097	949.813223	949.816906	1034.2348	1036.0798	
31.73108	949.813223	949.816906	1034.2348	1036.0798	
31.7413	949.813223	949.816906	1034.2348	1036.0798	
31.75145	949.813223	949.816906	1034.2348	1036.0798	
31.7616	949.813223	949.816906	1034.2348	1036.0798	
31.77174	949.813223	949.816906	1034.2348	1036.0798	
31.78193	949.813223	949.816906	1034.2348	1036.0798	
31.79208	949.813223	949.816906	1034.2348	1036.0798	
31.80223	949.813223	949.816906	1034.2348	1036.0798	
31.8124	949.813223	949.816906	1034.2348	1036.0798	
31.82254	949.813223	949.816906	1034.2348	1036.0798	
31.83277	949.813223	949.816906	1034.2348	1036.0798	
31.84288	949.813223	949.816906	1034.2348	1036.0798	
31.85299	949.813223	949.816906	1034.2348	1036.0798	
31.86321	949.813223	949.816906	1034.2348	1036.0798	
31.87331	949.813223	949.816906	1034.2348	1036.0798	
31.8835	949.813223	949.816906	1034.2348	1036.0798	
31.8936	949.813223	949.816906	1034.2348	1036.0798	
31.90378	949.813223	949.816906	1034.2348	1036.0798	
31.91396	949.813223	949.816906	1034.2348	1036.0798	
31.92405	949.813223	949.816906	1034.2348	1036.0798	
31.93422	949.813223	949.816906	1034.2348	1036.0798	
31.94443	949.813223	949.816906	1034.2348	1036.0798	
31.95453	949.813223	949.816906	1034.2348	1036.0798	
31.96469	949.813223	949.816906	1034.2348	1036.0798	
31.97484	949.813223	949.816906	1034.2348	1036.0798	
31.98501	949.813223	949.816906	1034.2348	1036.0798	
31.99515	949.813223	949.816906	1034.2348	1036.0798	
32.00531	949.813223	949.816906	1034.2348	1036.0798	
32.01554	949.813223	949.816906	1034.2348	1036.0798	
32.02569	949.813223	949.816906	1034.2348	1036.0798	
32.03584	949.813223	949.816906	1034.2348	1036.0798	
32.04604	949.813223	949.816906	1034.2348	1036.0798	
32.05614	949.813223	949.816906	1034.2348	1036.0798	
32.06632	949.813223	949.816906	1034.2348	1036.0798	
32.07644	949.813223	949.816906	1034.2348	1036.0798	
32.08657	949.813223	949.816906	1034.2348	1036.0798	
32.09681	949.813223	949.816906	1034.2348	1036.0798	
32.1069	949.813223	949.816906	1034.2348	1036.0798	
32.11704	949.813223	949.816906	1034.2348	1036.0798	
32.12721	949.813223	949.816906	1034.2348	1036.0798	
32.13779	949.813223	949.816906	1034.2348	1036.0798	
32.14747	949.813223	949.816906	1034.2348	1036.0798	
32.15762	949.813223	949.816906	1034.2348	1036.0798	
32.16782	949.813223	949.816906	1034.2348	1036.0798	
32.17804	949.813223	949.816906	1034.2348	1036.0798	
32.18817	949.813223	949.816906	1034.2348	1036.0798	
32.19826	949.813223	949.816906	1034.2348	1036.0798	
32.20849	949.813223	949.816906	1034.2348	1036.0798	
32.21855	949.813223	949.816906	1034.2348	1036.0798	
32.22882	949.813223	949.816906	1034.2348	1036.0798	
32.23885	949.813223	949.816906	1034.2348	1036.0798	
32.24906	949.813223	949.816906	1034.2348	1036.0798	
32.25916	949.813223	949.816906	1034.2348	1036.0798	
32.26929	949.813223	949.816906	1034.2348	1036.0798	
32.27949	949.813223	949.816906	1034.2348	1036.0798	
32.28964	949.813223	949.816906	1034.2348	1036.0798	
32.29974	949.813223	949.816906	1034.2348	1036.0798	
32.31007	949.813223	949.816906	1034.2348	1036.0798	
32.32007	949.813223	949.816906	1034.2348	1036.0798	
32.33024	949.813223	949.816906	1034.2348	1036.0798	
32.3404	949.813223	949.816906	1034.2348	1036.0798	
32.35054	949.813223	949.816906	1034.2348	1036.0798	
32.36079	949.813223	949.816906	1034.2348	1036.0798	
32.37083	949.813223	949.816906	1034.2348	1036.0798	
32.38103	949.813223	949.816906	1034.2348	1036.0798	
32.39117	949.813223	949.816906	1034.2348	1036.0798	
32.40132	949.813223	949.816906	1034.2348	1036.0798	
32.41147	949.813223	949.816906	1034.2348	1036.0798	
32.42161	949.813223	949.816906	1034.2348	1036.0798	
32.43178	949.813223	949.816906	1034.2348	1036.0798	
32.45193	949.813223	949.816906	1034.2348	1036.0798	
32.45659	949.813223	949.816906	1034.2348	1036.0798	
32.46677	949.813223	949.816906	1034.2348	1036.0798	
32.47683	949.813223	949.816906	1034.2348	1036.0798	
32.487	949.813223	949.816906	1034.2348	1036.0798	
32.49733	949.813223	949.816906	1034.2348	1036.0798	
32.50728	949.813223	949.816906	1034.2348	1036.0798	
32.51744	949.813223	949.816906	1034.2348	1036.0798	
32.52757	949.813223	949.816906	1034.2348	1036.0798	
32.53772	949.813223	949.816906	1034.2348	1036.0798	
32.54788	949.813223	949.816906	1034.2348	1036.0798	
32.5661	949.813223	949.816906	1034.2348	1036.0798	
32.57075	949.813223	949.816906	1034.2348	1036.0798	
32.58109	949.813223	949.816906	1034.2348	1036.0798	
32.59105	949.813223	949.816906	1034.2348	1036.0798	
32.60122	949.813223	949.816906	1034.2348	1036.0798	
32.61137	949.813223	949.816906	1034.2348	1036.0798	
32.62153	949.813223	949.816906	1034.2348	1036.0798	
32.63165	949.813223	949.816906	1034.2348	1036.0798	
32.64184	949.813223	949.816906	1034.2348	1036.0798	
32.65197	949.813223	949.816906	1034.2348	1036.0798	
32.6621	949.813223	949.816906	1034.2348	1036.0798	
32.68173	949.813223	949.816906	1034.2348	1036.0798	
32.68634	949.813223	949.816906	1034.2348	1036.0798	
32.69648	949.813223	949.816906	1034.2348	1036.0798	
32.70689	949.813223	949.816906	1034.2348	1036.0798	
32.7168	949.813223	949.816906	1034.2348	1036.0798	
32.72692	949.813223	949.816906	1034.2348	1036.0798	
32.73708	949.813223	949.816906	1034.2348	1036.0798	
32.74722	949.813223	949.816906	1034.2348	1036.0798	
32.75738	949.813223	949.816906	1034.2348	1036.0798	
32.76755	949.813223	949.816906	1034.2348	1036.0798	
32.77769	949.813223	949.816906	1034.2348	1036.0798	
32.78783	949.813223	949.816906	1034.2348	1036.0798	
32.79806	949.813223	949.816906	1034.2348	1036.0798	
32.8082	949.813223	949.816906	1034.2348	1036.0798	
32.81831	949.813223	949.816906	1034.2348	1036.0798	
32.82843	949.813223	949.816906	1034.2348	1036.0798	
32.83857	949.813223	949.816906	1034.2348	1036.0798	
32.84881	949.813223	949.816906	1034.2348	1036.0798	
32.85888	949.813223	949.816906	1034.2348	1036.0798	
32.86902	949.813223	949.816906	1034.2348	1036.0798	
32.89003	949.813223	949.816906	1034.2348	1036.0798	
