8.843194	
8.849923	
8.860082	
8.870235	
8.880372	
8.890542	
8.900666	
8.910825	
8.920991	
8.93118	
8.941316	
8.951483	
8.96171	
8.971753	
8.981934	
8.992092	
9.002259	
9.012402	
9.022543	
9.032709	
9.042852	
9.053035	
9.063182	
9.073346	
9.083485	
9.093626	
9.103782	
9.113989	
9.124094	
9.134247	
9.144417	
9.154586	
9.164818	
9.17492	
9.185006	
9.195293	
9.205349	
9.215474	
9.225718	
9.235784	
9.246364	
9.25617	
9.266253	
9.276376	
9.286515	
9.296661	
9.306815	
9.316941	
9.327089	
9.337324	
9.347442	
9.357598	
9.36773	
9.37792	
9.388025	
9.398155	
9.408332	
9.41845	
9.42856	
9.438791	
9.448934	
9.459116	
9.46926	
9.479407	
9.489563	
9.499711	
9.509858	
9.520019	
9.530203	
9.540321	
9.550474	
9.560674	
9.570823	
9.581933	
9.591136	
9.6013	
9.611466	
9.621621	
9.631761	
9.641968	
9.652082	
9.662222	
9.672457	
9.682506	
9.692688	
9.702844	
9.713004	
9.723215	
9.73332	
9.74345	
9.753673	
9.763762	
9.773928	
9.784067	
9.794237	
9.804358	
9.814503	
9.824713	
9.834977	
9.844952	
9.85509	
9.865285	
9.875473	
9.88572	
9.895761	
9.905977	
9.916058	
9.926202	
9.936356	
9.946493	
9.956622	
9.966757	
9.976898	
9.9872	
9.997353	
10.00748	
10.01758	
10.02771	
10.03786	
10.04801	
10.05824	
10.06833	
10.07845	
10.08865	
10.09884	
10.10894	
10.11911	
10.12926	
10.13946	
10.14958	
10.15975	
10.16999	
10.18001	
10.19018	
10.2004	
10.21052	
10.22131	
10.23168	
10.24162	
10.25172	
10.26186	
10.27204	
10.28224	
10.29236	
10.30253	
10.31265	
10.32284	
10.33296	
10.3432	
10.35337	
10.36352	
10.37362	
10.38377	
10.39402	
10.40437	
10.41451	
10.42468	
10.43511	
10.44497	
10.45512	
10.46525	
10.4755	
10.48558	
10.49571	
10.50605	
10.51602	
10.52617	
10.5363	
10.54643	
10.55658	
10.56672	
10.57687	
10.58779	
10.59748	
10.60767	
10.61786	
10.63878	
10.64315	
10.65327	
10.66345	
10.67361	
10.6837	
10.69384	
10.70403	
10.71424	
10.72435	
10.7345	
10.74469	
10.75482	
10.76496	
10.77509	
10.78519	
10.79545	
10.80551	
10.81564	
10.82629	
10.83633	
10.84647	
10.85667	
10.86678	
10.87694	
10.88708	
10.91088	478.975806	478.970707	448.214378	448.209279	
10.91556	478.97667	478.970707	448.215242	448.209279	
10.9257	478.97933	478.970707	448.217902	448.209279	
10.93575	478.982569	478.970707	448.221141	448.209279	
10.94641	478.986702	478.979433	448.225274	448.209279	
10.95616	478.991028	478.979433	448.2296	448.209279	
10.96625	478.996127	478.979433	448.234698	448.218005	
10.97636	479.001853	478.98816	448.240425	448.218005	
10.98665	479.008319	478.98816	448.246891	448.218005	
10.99668	479.015216	478.98816	448.253788	448.226732	
11.00689	479.022861	478.98816	448.261433	448.235458	
11.0175	479.031505	478.98816	448.270077	448.235458	
11.02758	479.040314	478.98816	448.278886	448.244185	
11.03766	479.049723	478.98816	448.288295	448.261638	
11.04812	479.060154	478.98816	448.298726	448.270365	
11.0582	479.070807	478.98816	448.309379	448.279092	
11.06812	479.081882	478.98816	448.320454	448.296545	
11.07827	479.093825	478.996887	448.332397	448.305272	
11.08839	479.106354	479.005613	448.344926	448.313998	
11.09857	479.119596	479.023067	448.358168	448.331452	
11.11055	479.136098	479.04052	448.37467	448.340178	
11.12028	479.149974	479.057973	448.388546	448.348905	
11.13047	479.165172	479.084153	448.403744	448.357632	
11.1409	479.181389	479.110333	448.419961	448.375085	
11.15083	479.197394	479.14524	448.435966	448.383811	
11.16097	479.214371	479.180146	448.452943	448.401265	
11.17112	479.231969	479.215053	448.470541	448.409991	
11.18124	479.250136	479.249959	448.488708	448.436171	
11.19141	479.269026	479.284866	448.507598	448.453625	
11.20157	479.288513	479.328499	448.527085	448.479805	
11.21286	479.310949	479.372132	448.549521	448.505985	
11.22301	479.331729	479.407039	448.570301	448.532164	
11.23323	479.353271	479.441946	448.591843	448.558344	
11.24344	479.375412	479.476852	448.613984	448.584524	
11.25349	479.397789	479.503032	448.636361	448.619431	
11.26368	479.42114	479.529212	448.659712	448.654338	
11.27389	479.445156	479.555392	448.683728	448.680517	
11.28399	479.469512	479.581572	448.708084	448.715424	
11.29415	479.494614	479.607752	448.733186	448.741604	
11.30426	479.520231	479.633932	448.758803	448.767784	
11.31559	479.549763	479.651385	448.788335	448.802691	
11.32571	479.576698	479.668838	448.81527	448.82887	
11.33581	479.604203	479.686292	448.842775	448.85505	
11.34608	479.632806	479.703745	448.871377	448.88123	
11.35647	479.662406	479.721198	448.900978	448.898684	
11.36628	479.690892	479.738651	448.929464	448.924864	
11.37641	479.720929	479.756105	448.959501	448.951043	
11.38657	479.751682	479.764831	448.990253	448.968497	
11.3967	479.782958	479.773558	449.02153	448.994677	
11.40685	479.814953	479.791011	449.053525	449.01213	
11.41815	479.851323	479.808465	449.089895	449.03831	
11.42825	479.88441	479.817191	449.122982	449.06449	
11.4384	479.918322	479.825918	449.156894	449.09067	
11.44878	479.953628	479.843371	449.1922	449.11685	
11.46716	480.018595	479.887004	449.257167	449.177936	
11.47171	480.034628	479.895731	449.2732	449.186663	
11.48191	480.07134	479.930638	449.309912	449.230296	
11.49202	480.108343	479.956818	449.346914	449.265203	
11.50213	480.145939	480.000451	449.384511	449.308836	
11.51232	480.184478	480.035357	449.423049	449.352469	
11.52287	480.2251	480.087717	449.463672	449.396102	
11.5327	480.263421	480.140077	449.501993	449.448462	
11.54282	480.303569	480.192437	449.542141	449.492096	
11.55319	480.345312	480.26225	449.583884	449.553182	
11.56331	480.386709	480.31461	449.625281	449.605542	
11.57348	480.428882	480.384423	449.667454	449.657902	
11.5836	480.471499	480.454236	449.710071	449.710262	
11.59381	480.515115	480.515323	449.753687	449.762622	
11.60393	480.558954	480.57641	449.797526	449.806255	
11.61404	480.603341	480.646223	449.841912	449.867341	
11.6243	480.649044	480.716036	449.887616	449.910975	
11.63455	480.695338	480.777122	449.93391	449.963334	
11.64466	480.7416	480.838209	449.980172	450.006968	
11.65506	480.789851	480.899295	450.028423	450.050601	
11.66527	480.837845	480.960382	450.076417	450.094234	
11.67519	480.885035	481.012742	450.123607	450.137867	
11.68528	480.933654	481.065102	450.172226	450.181501	
11.6955	480.983698	481.108735	450.22227	450.225134	
11.70563	481.033624	481.152368	450.272196	450.26004	
11.71572	481.084096	481.187275	450.322668	450.303674	
11.72616	481.136978	481.222181	450.37555	450.347307	
11.7363	481.188937	481.257088	450.427509	450.399667	
11.74643	481.241456	481.291995	450.480027	450.434573	
11.75654	481.294514	481.326901	450.533086	450.486933	
11.76672	481.34858	481.361808	450.587152	450.539293	
11.77687	481.403029	481.396714	450.641601	450.591653	
11.78707	481.458442	481.422894	450.697014	450.644013	
11.79716	481.513805	481.457801	450.752377	450.705099	
11.81519	481.615697	481.492707	450.854269	450.757459	
11.81993	481.641839	481.536341	450.880411	450.835999	
11.83012	481.69986	481.588701	450.938432	450.897086	
11.84022	481.757886	481.632334	450.996458	450.958172	
11.8504	481.816996	481.684694	451.055568	451.027985	
11.8605	481.876315	481.74578	451.114887	451.097798	
11.87072	481.936939	481.806867	451.175511	451.158885	
11.88087	481.997757	481.867953	451.236329	451.228698	
11.89101	482.0592	481.946493	451.297772	451.289785	
11.90115	482.121193	482.016306	451.359764	451.350871	
11.91128	482.183758	482.094846	451.42233	451.411958	
11.92149	482.247375	482.173386	451.485947	451.473044	
11.93231	482.315595	482.269379	451.554167	451.542857	
11.94251	482.380493	482.347919	451.619065	451.595217	
11.95271	482.446054	482.435185	451.684626	451.656304	
11.96281	482.511517	482.513725	451.750089	451.726117	
11.97295	482.577876	482.600991	451.816448	451.787204	
11.98312	482.645086	482.688258	451.883658	451.84829	
11.99328	482.71285	482.775524	451.951422	451.918103	
12.00346	482.781363	482.862791	452.019935	451.97919	
12.01357	482.849975	482.941331	452.088547	452.049003	
12.02369	482.919339	483.01987	452.157911	452.118816	
12.03501	482.997656	483.107137	452.236228	452.197356	
12.04515	483.068457	483.17695	452.307029	452.267169	
12.05527	483.139682	483.25549	452.378254	452.345709	
12.06544	483.211918	483.325303	452.45049	452.424249	
12.07568	483.28526	483.38639	452.523832	452.494062	
12.08578	483.358135	483.456203	452.596707	452.572602	
12.09601	483.432675	483.526016	452.671247	452.651142	
12.1062	483.507531	483.587102	452.746102	452.729681	
12.11626	483.582027	483.648189	452.820599	452.808221	
12.12655	483.658885	483.709276	452.897457	452.878034	
12.13775	483.743345	483.770362	452.981917	452.965301	
12.14781	483.819715	483.840175	453.058287	453.043841	
12.15792	483.897065	483.892535	453.135637	453.113654	
12.16802	483.975011	483.962348	453.213583	453.192194	
12.17838	484.055616	484.023435	453.294188	453.262007	
12.18871	484.136603	484.084521	453.375175	453.340547	
12.19852	484.214115	484.154335	453.452687	453.419086	
12.20869	484.29503	484.224148	453.533602	453.4889	
12.22666	484.44049	484.363774	453.679062	453.637253	
12.23137	484.478546	484.389954	453.717118	453.672159	
12.24147	484.560953	484.468494	453.799525	453.750699	
12.25954	484.710711	484.625573	453.949283	453.890325	
12.2641	484.748382	484.66048	453.986954	453.933959	
12.27425	484.833195	484.747746	454.071767	454.021225	
12.28445	484.919026	484.835013	454.157598	454.108491	
12.29458	485.004882	484.931006	454.243454	454.195758	
12.30481	485.092259	485.026999	454.330831	454.291751	
12.31489	485.178892	485.122992	454.417464	454.379017	
12.32525	485.268619	485.227712	454.507191	454.475011	
12.3352	485.355361	485.323705	454.593933	454.571004	
12.34548	485.44565	485.428425	454.684222	454.65827	
12.35569	485.535903	485.533145	454.774475	454.754263	
12.36571	485.625099	485.637864	454.863671	454.850256	
12.37586	485.716039	485.751311	454.954611	454.937523	
12.38641	485.811381	485.856031	455.049953	455.042243	
12.39618	485.900067	485.96075	455.138639	455.129509	
12.40632	485.99276	486.06547	455.231332	455.216776	
12.41647	486.086264	486.17019	455.324836	455.312769	
12.4266	486.180079	486.266183	455.41865	455.400035	
12.43675	486.274809	486.362176	455.513381	455.496028	
12.44695	486.370595	486.458169	455.609167	455.583295	
12.45714	486.46691	486.545436	455.705481	455.679288	
12.46733	486.563838	486.641429	455.80241	455.775281	
12.47744	486.660635	486.728695	455.899207	455.862547	
12.4879	486.761441	486.815962	456.000013	455.95854	
12.49775	486.856913	486.903228	456.095485	456.054534	
12.5079	486.955832	486.990495	456.194404	456.150527	
12.51801	487.05506	487.077761	456.293632	456.24652	
12.52812	487.154992	487.156301	456.393564	456.342513	
12.53833	487.25644	487.243567	456.495012	456.447233	
12.54849	487.35808	487.330834	456.596651	456.551952	
12.55874	487.461202	487.4181	456.699774	456.656672	
12.57672	487.644399	487.57518	456.882971	456.839932	
12.58122	487.690232	487.62754	456.928804	456.892292	
12.60071	487.891816	487.802073	457.130388	457.093004	
12.60529	487.939054	487.845706	457.177626	457.145364	
12.61544	488.044568	487.941699	457.28314	457.250084	
12.62567	488.154922	488.046419	457.393494	457.354804	
12.63661	488.266815	488.168592	457.505387	457.476977	
12.64818	488.389558	488.273312	457.628129	457.581697	
12.65664	488.479542	488.378031	457.718114	457.686416	
12.66676	488.587836	488.500204	457.826408	457.791136	
12.67685	488.69657	488.613651	457.935142	457.904583	
12.68698	488.806265	488.727097	458.044837	458.009302	
12.69717	488.91719	488.84927	458.155762	458.114022	
12.70739	489.029147	488.971443	458.267719	458.227468	
12.71749	489.140398	489.102343	458.37897	458.340915	
12.72762	489.252942	489.224516	458.491514	458.454361	
12.73775	489.365354	489.355416	458.603926	458.567808	
12.75073	489.511058	489.477589	458.74963	458.672527	
12.75841	489.597488	489.608488	458.83606	458.7947	
12.76819	489.708125	489.739388	458.946697	458.916874	
12.77836	489.823761	489.861561	459.062333	459.03032	
12.78848	489.939533	489.992461	459.178105	459.152493	
12.79865	490.056533	490.123361	459.295105	459.265939	
12.81675	490.267043	490.350253	459.505615	459.475379	
12.82131	490.320084	490.402613	459.558656	459.536465	
12.8315	490.439726	490.533513	459.678298	459.649912	
12.84162	490.558206	490.664413	459.796778	459.780811	
12.85442	490.709885	490.786586	459.948457	459.894258	
12.86197	490.799471	490.908759	460.038043	460.016431	
12.87211	490.920525	491.030932	460.159097	460.138604	
12.88233	491.04315	491.144378	460.281722	460.260777	
12.89238	491.163738	491.257825	460.40231	460.38295	
12.90258	491.286162	491.379998	460.524734	460.505123	
12.91283	491.40915	491.493444	460.647722	460.627296	
12.92294	491.530422	491.60689	460.768994	460.749469	
12.93303	491.651574	491.720337	460.890146	460.871642	
12.94316	491.77317	491.833783	461.011742	460.993815	
12.95595	491.926734	491.938503	461.165306	461.115988	
12.96354	492.017754	492.051949	461.256326	461.238161	
12.97364	492.138918	492.165396	461.37749	461.360334	
12.9838	492.26085	492.270116	461.499422	461.482508	
12.99394	492.382458	492.383562	461.62103	461.604681	
13.00411	492.504558	492.497008	461.74313	461.726854	
13.01435	492.627474	492.601728	461.866046	461.849027	
13.02443	492.74835	492.715174	461.986922	461.962473	
13.03463	492.870714	492.828621	462.109286	462.084646	
13.04474	492.99639	492.942067	462.234962	462.206819	
13.05746	493.14483	493.055514	462.383402	462.328992	
13.06517	493.23735	493.16896	462.475922	462.442439	
13.07531	493.358946	493.291133	462.597518	462.564612	
13.08542	493.480266	493.40458	462.718838	462.686785	
13.09562	493.602606	493.526753	462.841178	462.817684	
13.10568	493.72341	493.657652	462.961982	462.939857	
13.11598	493.847034	493.779825	463.085606	463.06203	
13.12607	493.968102	493.901998	463.206674	463.184204	
13.13628	494.090586	494.032898	463.329158	463.315103	
13.14635	494.211414	494.155071	463.449986	463.437276	
13.15663	494.334822	494.285971	463.573394	463.559449	
13.16695	494.458638	494.416871	463.69721	463.681622	
13.17686	494.577534	494.54777	463.816106	463.803795	
13.18696	494.69871	494.67867	463.937282	463.925968	
13.19709	494.820234	494.800843	464.058806	464.048142	
13.21555	495.04221	494.940469	464.280782	464.170315	
13.22034	495.09933	495.106276	464.337902	464.327394	
13.23036	495.21951	495.237175	464.458082	464.449567	
13.24056	495.341934	495.368075	464.580506	464.57174	
13.25066	495.463074	495.498975	464.701646	464.693913	
13.26273	495.608022	495.638601	464.846594	464.816086	
13.27108	495.708234	495.760774	464.946806	464.938259	
13.2812	495.829626	495.9004	465.068198	465.060432	
13.29135	495.951462	496.022573	465.190034	465.182606	
13.30146	496.072722	496.153473	465.311294	465.304779	
13.31168	496.195746	496.284373	465.434318	465.426952	
13.32186	496.317558	496.406546	465.55613	465.549125	
13.332	496.439226	496.528719	465.677798	465.662571	
13.34215	496.560954	496.650892	465.799526	465.784744	
13.35229	496.682646	496.773065	465.921218	465.906917	
13.36252	496.805394	496.886511	466.043966	466.02909	
13.37265	496.92705	497.008684	466.165622	466.142537	
13.38282	497.049018	497.122131	466.28759	466.26471	
13.39301	497.171274	497.235577	466.409846	466.386883	
13.40309	497.292282	497.349024	466.530854	466.509056	
13.41328	497.414586	497.46247	466.653158	466.631229	
13.42345	497.536614	497.575916	466.775186	466.744675	
13.43359	497.658282	497.689363	466.896854	466.866848	
13.44382	497.78103	497.802809	467.019602	466.989021	
13.4539	497.902026	497.907529	467.140598	467.111194	
13.46411	498.024534	498.020975	467.263106	467.224641	
13.47439	498.147966	498.134422	467.386538	467.35554	
13.48448	498.268998	498.256595	467.50757	467.468987	
13.4946	498.39045	498.361315	467.629022	467.599887	
13.50484	498.513294	498.483488	467.751866	467.713333	
13.51513	498.63807	498.588207	467.876642	467.844233	
13.52509	498.756342	498.71038	467.994914	467.957679	
13.53528	498.878598	498.823827	468.11717	468.088579	
13.54543	499.000386	498.937273	468.238958	468.202025	
13.55561	499.122522	499.059446	468.361094	468.332925	
13.56568	499.24341	499.181619	468.481982	468.455098	
13.57598	499.36701	499.303792	468.605582	468.577271	
13.58615	499.489014	499.425965	468.727586	468.699444	
13.59625	499.610226	499.548139	468.848798	468.830344	
13.60635	499.731426	499.670312	468.969998	468.952517	
13.61665	499.855014	499.801211	469.093586	469.07469	
13.62685	499.977414	499.932111	469.215986	469.196863	
13.63697	500.098854	500.054284	469.337426	469.319036	
13.64715	500.220978	500.185184	469.45955	469.441209	
13.65733	500.343126	500.316083	469.581698	469.563382	
13.66787	500.46969	500.438256	469.708262	469.694282	
13.67765	500.587062	500.569156	469.825634	469.807728	
13.68784	500.70927	500.700056	469.947842	469.938628	
13.69794	500.830458	500.830956	470.06903	470.060801	
13.70806	500.951886	500.953129	470.190458	470.182974	
13.71824	501.074166	501.084028	470.312738	470.29642	
13.72836	501.195522	501.214928	470.434094	470.418593	
13.73857	501.31803	501.337101	470.556602	470.540766	
13.74876	501.44037	501.468001	470.678942	470.654213	
13.75886	501.56157	501.590174	470.800142	470.776386	
13.76935	501.687378	501.721073	470.92595	470.898559	
13.78019	501.817578	501.851973	471.05615	471.029459	
13.79036	501.939534	501.974146	471.178106	471.151632	
13.80049	502.061142	502.096319	471.299714	471.273805	
13.81064	502.182882	502.218492	471.421454	471.395978	
13.82081	502.304922	502.340665	471.543494	471.518151	
13.83154	502.433682	502.462838	471.672254	471.640324	
13.84164	502.554894	502.585011	471.793466	471.762497	
13.85186	502.677606	502.707184	471.916178	471.88467	
13.86195	502.798626	502.829357	472.037198	472.006843	
13.87215	502.921026	502.951531	472.159598	472.137743	
13.88284	503.049342	503.073704	472.287914	472.259916	
13.893	503.171214	503.195877	472.409786	472.390815	
13.90312	503.292714	503.31805	472.531286	472.512988	
13.91329	503.414634	503.431496	472.653206	472.635161	
13.92343	503.536338	503.553669	472.77491	472.757334	
13.93357	503.658018	503.675842	472.89659	472.879508	
13.94375	503.780658	503.789289	473.01923	473.001681	
13.95418	503.905422	503.911462	473.143994	473.123854	
13.96407	504.024066	504.033635	473.262638	473.2373	
13.97419	504.145398	504.155808	473.38397	473.359473	
13.98549	504.28107	504.295434	473.519642	473.499099	
13.996	504.407178	504.417607	473.64575	473.621272	
14.00616	504.529146	504.53978	473.767718	473.743446	
14.01625	504.650226	504.661953	473.888798	473.856892	
14.02657	504.774066	504.784126	474.012638	473.987792	
14.03653	504.893634	504.906299	474.132206	474.101238	
14.04667	505.015218	505.028472	474.25379	474.223411	
14.05705	505.139874	505.141919	474.378446	474.345584	
14.06699	505.259118	505.255365	474.49769	474.467757	
14.07712	505.380726	505.377538	474.619298	474.58993	
14.08809	505.512294	505.499711	474.750866	474.729557	
14.09835	505.635414	505.613158	474.873986	474.843003	
14.10843	505.756362	505.726604	474.994934	474.973903	
14.11851	505.877346	505.848777	475.115918	475.087349	
14.12908	506.004174	505.97095	475.242746	475.218249	
14.13901	506.12331	506.093123	475.361882	475.340422	
14.149	506.243166	506.20657	475.481738	475.462595	
14.15917	506.365254	506.328743	475.603826	475.584768	
14.16933	506.487114	506.450916	475.725686	475.706941	
14.17947	506.608878	506.573089	475.84745	475.820387	
14.19082	506.745078	506.703988	475.98365	475.960014	
14.20103	506.867622	506.834888	476.106194	476.082187	
14.21115	506.988066	506.957061	476.226638	476.20436	
14.22129	507.108301	507.087961	476.346873	476.326533	
14.23141	507.227619	507.210134	476.466191	476.439979	
14.24167	507.34798	507.332307	476.586552	476.570879	
14.25189	507.467113	507.45448	476.705685	476.684325	
14.262	507.584417	507.576653	476.822989	476.815225	
14.27221	507.702317	507.707553	476.940889	476.928671	
14.28239	507.819243	507.838452	477.057815	477.050844	
14.2935	507.946188	507.969352	477.18476	477.173017	
14.30366	508.062073	508.091525	477.300645	477.295191	
14.3138	508.176128	508.213698	477.4147	477.417364	
14.32397	508.290425	508.335871	477.528997	477.53081	
14.33408	508.403398	508.449318	477.64197	477.644256	
14.34431	508.517252	508.571491	477.755824	477.766429	
14.35448	508.629616	508.684937	477.868188	477.871149	
14.36459	508.740843	508.798384	477.979415	477.984596	
14.37482	508.852645	508.91183	478.091217	478.098042	
14.385	508.965949	509.025276	478.204521	478.202762	
14.39621	509.084533	509.147449	478.323105	478.324935	
14.40637	509.193753	509.252169	478.432325	478.429655	
14.4165	509.302009	509.356889	478.540581	478.534374	
14.42668	509.410257	509.470335	478.648829	478.639094	
14.4368	509.517239	509.583782	478.755811	478.743814	
14.44694	509.623706	509.679775	478.862278	478.848534	
14.45712	509.730092	509.784495	478.968663	478.953253	
14.46732	509.836015	509.880488	479.074587	479.049246	
14.47755	509.941629	509.985207	479.1802	479.162693	
14.48791	510.048014	510.081201	479.286586	479.267413	
14.49888	510.159895	510.194647	479.398467	479.380859	
14.50902	510.262677	510.281913	479.501249	479.476852	
14.51914	510.364618	510.386633	479.60319	479.581572	
14.52928	510.46626	510.4739	479.704832	479.686292	
14.5396	510.569038	510.578619	479.80761	479.791011	
14.54963	510.668319	510.674612	479.906891	479.895731	
14.55982	510.768885	510.770606	480.007457	480.000451	
14.56997	510.867736	510.857872	480.106308	480.105171	
14.58008	510.966038	510.962592	480.20461	480.201164	
14.59026	511.064345	511.049858	480.302917	480.297157	
14.60154	511.172511	511.154578	480.411083	480.410603	
14.61175	511.269747	511.250571	480.508319	480.506596	
14.6218	511.364941	511.346564	480.603513	480.593863	
14.64163	511.549788	511.521097	480.78836	480.785849	
14.64649	511.595232	511.56473	480.833804	480.820756	
14.65634	511.686528	511.651997	480.9251	480.916749	
14.66653	511.780274	511.74799	481.018846	481.004015	
14.67662	511.872519	511.835256	481.111091	481.091282	
14.68678	511.964861	511.93125	481.203433	481.187275	
14.69696	512.056752	512.027243	481.295324	481.274541	
14.70714	512.147948	512.114509	481.38652	481.361808	
14.71739	512.239183	512.210502	481.477755	481.457801	
14.72746	512.328211	512.306495	481.566783	481.545067	
14.73768	512.418012	512.393762	481.656584	481.64106	
14.74813	512.50917	512.489755	481.747742	481.728327	
14.75791	512.593852	512.577021	481.832424	481.815593	
14.76805	512.681127	512.673014	481.919699	481.911586	
14.77817	512.767538	512.760281	482.00611	481.998853	
14.78837	512.854116	512.847547	482.092688	482.094846	
14.79851	512.939518	512.934814	482.17809	482.182112	
14.80873	513.024965	513.02208	482.263537	482.269379	
14.81892	513.109523	513.109347	482.348095	482.365372	
14.82971	513.198443	513.196613	482.437015	482.443912	
14.83913	513.275454	513.28388	482.514026	482.531178	
14.8494	513.35891	513.371146	482.597482	482.618445	
14.85955	513.44068	513.449686	482.679252	482.688258	
14.86969	513.521841	513.536952	482.760413	482.766798	
14.87986	513.602833	513.615492	482.841405	482.845338	
14.89008	513.683116	513.702759	482.921688	482.923877	
14.90028	513.762901	513.781299	483.001473	483.002417	
14.91047	513.841985	513.859838	483.080557	483.07223	
14.92065	513.920356	513.929652	483.158928	483.142044	
14.93077	513.997654	514.008191	483.236226	483.211857	
14.94088	514.074286	514.086731	483.312858	483.28167	
14.95109	514.151057	514.156544	483.389629	483.36021	
14.96124	514.226755	514.226358	483.465327	483.43875	
14.97138	514.301822	514.304897	483.540394	483.517289	
14.98156	514.376455	514.365984	483.615027	483.587102	
14.99184	514.451303	514.444524	483.689875	483.665642	
15.00199	514.524607	514.514337	483.763179	483.744182	
15.01219	514.59762	514.58415	483.836192	483.822722	
15.02237	514.669892	514.653963	483.908464	483.901262	
15.0325	514.741155	514.732503	483.979727	483.971075	
15.04271	514.812385	514.802316	484.050957	484.049615	
15.05279	514.882126	514.872129	484.120697	484.119428	
15.06301	514.952221	514.941943	484.190792	484.189241	
15.07321	515.021551	515.011756	484.260123	484.259054	
15.08332	515.08969	515.081569	484.328262	484.328867	
15.09348	515.157508	515.151382	484.39608	484.398681	
15.10362	515.224659	515.221195	484.463231	484.468494	
15.11481	515.297927	515.308462	484.536499	484.538307	
15.12504	515.364372	515.378275	484.602944	484.60812	
15.13498	515.428314	515.448088	484.666886	484.669207	
15.14521	515.493472	515.517901	484.732044	484.730293	
15.15529	515.557173	515.587714	484.795745	484.79138	
15.16548	515.620854	515.657528	484.859426	484.852466	
15.17565	515.68385	515.727341	484.922422	484.913553	
15.18575	515.745844	515.788427	484.984416	484.974639	
15.19601	515.808146	515.849514	485.046718	485.035726	
15.20672	515.872515	515.919327	485.111087	485.096812	
15.2174	515.936051	515.98914	485.174623	485.166625	
15.22755	515.995786	516.050227	485.234358	485.236439	
15.23787	516.055919	516.102586	485.294491	485.297525	
15.24778	516.113245	516.163673	485.351817	485.349885	
15.2582	516.172541	516.216033	485.411113	485.410972	
15.26814	516.228724	516.277119	485.467296	485.472058	
15.27829	516.285453	516.338206	485.524025	485.533145	
15.28844	516.341565	516.390566	485.580137	485.585504	
15.29859	516.397104	516.442926	485.635676	485.646591	
15.31887	516.505057	516.530192	485.743628	485.742584	
15.32348	516.529638	516.565099	485.76821	485.777491	
15.33366	516.583222	516.617459	485.821794	485.829851	
15.34378	516.635897	516.661092	485.874469	485.88221	
15.35393	516.688127	516.704725	485.926699	485.93457	
15.36414	516.740017	516.757085	485.978589	485.978204	
15.37429	516.79108	516.800718	486.029652	486.021837	
15.38444	516.84145	516.844351	486.080022	486.074197	
15.39464	516.89152	516.887985	486.130092	486.11783	
15.40469	516.940248	516.931618	486.17882	486.161463	
15.41512	516.990164	516.975251	486.228736	486.213823	
15.42517	517.037695	517.018884	486.276267	486.24873	
15.43525	517.084754	517.062518	486.323326	486.301089	
15.44542	517.131598	517.106151	486.37017	486.344723	
15.45557	517.177771	517.141057	486.416343	486.388356	
15.46572	517.223372	517.184691	486.461944	486.440716	
15.47599	517.268853	517.219597	486.507425	486.484349	
15.48606	517.312865	517.26323	486.551437	486.527982	
15.49622	517.35667	517.306864	486.595242	486.580342	
15.50638	517.39991	517.350497	486.638482	486.623975	
15.51665	517.442961	517.385403	486.681533	486.667609	
15.5267	517.484531	517.429037	486.723103	486.711242	
15.53688	517.526018	517.47267	486.76459	486.754875	
15.54701	517.566705	517.516303	486.805277	486.798508	
15.55715	517.606797	517.559936	486.845369	486.842142	
15.57564	517.677538	517.612296	486.91611	486.885775	
15.58032	517.695484	517.664656	486.934056	486.938135	
15.59048	517.733705	517.717016	486.972277	486.973041	
15.60064	517.771372	517.760649	487.009944	487.016674	
15.61077	517.808286	517.804282	487.046858	487.051581	
15.62095	517.844786	517.847916	487.083358	487.086488	
15.63167	517.88256	517.891549	487.121132	487.121394	
15.64133	517.916054	517.926456	487.154626	487.156301	
15.65146	517.950591	517.970089	487.189163	487.191207	
15.66158	517.984485	518.013722	487.223056	487.226114	
15.67175	518.017955	518.048629	487.256527	487.261021	
15.68188	518.050717	518.083535	487.289289	487.295927	
15.69212	518.083197	518.118442	487.321769	487.322107	
15.70221	518.114658	518.144622	487.35323	487.357014	
15.71235	518.145642	518.179528	487.384214	487.383194	
15.7226	518.176371	518.205708	487.414943	487.409374	
15.73274	518.206186	518.231888	487.444758	487.435553	
15.74293	518.235517	518.258068	487.474089	487.47046	
15.7531	518.264225	518.284248	487.502796	487.49664	
15.76323	518.292211	518.310428	487.530783	487.531547	
15.77335	518.319587	518.327881	487.558159	487.557727	
15.78356	518.346611	518.345335	487.585183	487.57518	
15.79371	518.372907	518.371514	487.611479	487.610086	
15.80391	518.398695	518.388968	487.637267	487.636266	
15.81403	518.423728	518.406421	487.6623	487.65372	
15.82414	518.448132	518.423874	487.686704	487.6799	
15.83466	518.472915	518.432601	487.711487	487.70608	
15.8445	518.495531	518.450054	487.734103	487.723533	
15.85464	518.518239	518.467508	487.756811	487.740986	
15.86483	518.540494	518.484961	487.779066	487.767166	
15.87518	518.562608	518.502414	487.80118	487.784619	
15.88516	518.583096	518.519867	487.821668	487.802073	
15.8953	518.603482	518.537321	487.842054	487.819526	
15.90546	518.623318	518.563501	487.86189	487.836979	
15.91561	518.642539	518.580954	487.881111	487.854433	
15.92571	518.661124	518.607134	487.899696	487.871886	
15.93629	518.679937	518.624587	487.918509	487.889339	
15.94625	518.697092	518.650767	487.935664	487.906792	
15.95636	518.713924	518.676947	487.952496	487.924246	
15.96648	518.730219	518.703127	487.968791	487.941699	
15.97669	518.746077	518.729307	487.984649	487.959152	
15.98684	518.76126	518.74676	487.999832	487.985332	
15.99697	518.775854	518.77294	488.014426	487.994059	
16.0071	518.789873	518.79912	488.028445	488.020239	
16.01732	518.803445	518.816573	488.042017	488.037692	
16.02786	518.816827	518.842753	488.055399	488.055145	
16.03879	518.830036	518.860207	488.068608	488.072599	
16.04896	518.841779	518.87766	488.080351	488.098779	
16.06711	518.860569	518.895113	488.099141	488.107505	
16.07164	518.865316	518.912567	488.103888	488.133685	
16.08188	518.875333	518.921293	488.113905	488.142412	
16.09211	518.884788	518.938746	488.12336	488.151138	
16.10222	518.893597	518.938746	488.132169	488.159865	
16.1124	518.901926	518.947473	488.140498	488.159865	
16.1226	518.90973	518.9562	488.148302	488.159865	
16.13268	518.916933	518.9562	488.155505	488.159865	
16.14292	518.92371	518.9562	488.162282	488.159865	
16.15316	518.929965	518.9562	488.168537	488.159865	
16.16326	518.935627	518.9562	488.174199	488.159865	
16.17339	518.940812	518.9562	488.179384	488.159865	
16.18351	518.945503	518.9562	488.184075	488.159865	
16.19371	518.949744	518.9562	488.188316	488.159865	
16.20391	518.953509	518.9562	488.19208	488.159865	
16.21402	518.956788	518.9562	488.19536	488.159865	
16.22417	518.959646	518.9562	488.198217	488.159865	
16.23431	518.962079	518.9562	488.200651	488.159865	
16.24455	518.964134	518.9562	488.202706	488.159865	
16.25473	518.96581	518.9562	488.204382	488.159865	
16.26487	518.970707	518.9562	488.209279	488.159865	
16.27503	518.970707	518.9562	488.209279	488.159865	
16.2852	518.970707	518.9562	488.209279	488.159865	
16.29533	518.970707	518.9562	488.209279	488.159865	
16.3055	518.970707	518.947473	488.209279	488.159865	
16.31561	518.970707	518.947473	488.209279	488.159865	
16.32574	518.970707	518.947473	488.209279	488.159865	
16.33609	518.970707	518.947473	488.209279	488.168592	
16.34691	518.970707	518.947473	488.209279	488.168592	
16.35705	518.970707	518.947473	488.209279	488.168592	
16.36718	518.970707	518.947473	488.209279	488.168592	
16.37737	518.970707	518.947473	488.209279	488.168592	
16.3879	518.970707	518.947473	488.209279	488.168592	
16.39764	518.970707	518.947473	488.209279	488.168592	
16.40778	518.970707	518.947473	488.209279	488.168592	
16.41795	518.970707	518.947473	488.209279	488.177318	
16.42813	518.970707	518.947473	488.209279	488.177318	
16.43828	518.970707	518.947473	488.209279	488.177318	
16.44962	518.970707	518.947473	488.209279	488.177318	
16.4598	518.970707	518.947473	488.209279	488.177318	
16.46993	518.970707	518.947473	488.209279	488.177318	
16.48004	518.970707	518.947473	488.209279	488.177318	
16.49027	518.970707	518.947473	488.209279	488.177318	
16.5004	518.970707	518.947473	488.209279	488.177318	
16.51056	518.970707	518.947473	488.209279	488.177318	
16.52072	518.970707	518.947473	488.209279	488.177318	
16.53086	518.970707	518.947473	488.209279	488.177318	
16.54105	518.970707	518.947473	488.209279	488.177318	
16.55264	518.970707	518.947473	488.209279	488.177318	
16.56291	518.970707	518.947473	488.209279	488.177318	
16.57289	518.970707	518.947473	488.209279	488.177318	
16.58304	518.970707	518.947473	488.209279	488.177318	
16.59328	518.970707	518.947473	488.209279	488.177318	
16.6034	518.970707	518.947473	488.209279	488.177318	
16.61352	518.970707	518.947473	488.209279	488.177318	
16.62365	518.970707	518.947473	488.209279	488.177318	
16.64369	518.970707	518.947473	488.209279	488.177318	
16.64824	518.970707	518.947473	488.209279	488.177318	
16.65851	518.970707	518.947473	488.209279	488.177318	
16.66867	518.970707	518.947473	488.209279	488.177318	
16.67881	518.970707	518.947473	488.209279	488.177318	
16.68893	518.970707	518.947473	488.209279	488.177318	
16.69938	518.970707	518.947473	488.209279	488.177318	
16.70953	518.970707	518.947473	488.209279	488.177318	
16.71968	518.970707	518.947473	488.209279	488.177318	
16.72985	518.970707	518.947473	488.209279	488.177318	
16.74813	518.970707	518.947473	488.209279	488.177318	
16.75526	518.970707	518.947473	488.209279	488.177318	
16.76287	518.970707	518.947473	488.209279	488.177318	
16.77305	518.970707	518.947473	488.209279	488.177318	
16.78314	518.970707	518.947473	488.209279	488.177318	
16.79333	518.970707	518.947473	488.209279	488.177318	
16.8035	518.970707	518.9562	488.209279	488.177318	
16.81363	518.970707	518.9562	488.209279	488.177318	
16.82378	518.970707	518.947473	488.209279	488.177318	
16.83466	518.970707	518.947473	488.209279	488.177318	
16.84414	518.970707	518.947473	488.209279	488.177318	
16.85666	518.970707	518.947473	488.209279	488.177318	
16.86485	518.970707	518.947473	488.209279	488.177318	
16.87466	518.970707	518.947473	488.209279	488.177318	
16.8848	518.970707	518.947473	488.209279	488.177318	
16.8949	518.970707	518.947473	488.209279	488.177318	
16.90527	518.970707	518.947473	488.209279	488.177318	
16.91521	518.970707	518.947473	488.209279	488.177318	
16.92535	518.970707	518.947473	488.209279	488.177318	
16.93545	518.970707	518.947473	488.209279	488.177318	
16.94567	518.970707	518.947473	488.209279	488.177318	
16.95576	518.970707	518.947473	488.209279	488.177318	
16.96606	518.970707	518.947473	488.209279	488.177318	
16.97611	518.970707	518.947473	488.209279	488.177318	
16.9863	518.970707	518.947473	488.209279	488.177318	
16.99642	518.970707	518.947473	488.209279	488.177318	
17.00671	518.970707	518.947473	488.209279	488.177318	
17.01673	518.970707	518.947473	488.209279	488.177318	
17.02692	518.970707	518.947473	488.209279	488.177318	
17.03704	518.970707	518.947473	488.209279	488.177318	
17.04717	518.970707	518.947473	488.209279	488.177318	
17.06569	518.970707	518.947473	488.209279	488.177318	
17.07032	518.970707	518.947473	488.209279	488.177318	
17.08047	518.970707	518.947473	488.209279	488.177318	
17.09073	518.970707	518.947473	488.209279	488.177318	
17.10076	518.970707	518.947473	488.209279	488.177318	
17.11096	518.970707	518.947473	488.209279	488.177318	
17.1211	518.970707	518.947473	488.209279	488.177318	
17.13124	518.970707	518.947473	488.209279	488.177318	
17.14143	518.970707	518.947473	488.209279	488.177318	
17.15155	518.970707	518.947473	488.209279	488.177318	
17.16173	518.970707	518.947473	488.209279	488.177318	
17.172	518.970707	518.947473	488.209279	488.177318	
17.18202	518.970707	518.947473	488.209279	488.177318	
17.19269	518.970707	518.947473	488.209279	488.177318	
17.20234	518.970707	518.947473	488.209279	488.177318	
17.21252	518.970707	518.947473	488.209279	488.177318	
17.22267	518.970707	518.947473	488.209279	488.177318	
17.23283	518.970707	518.947473	488.209279	488.177318	
17.24306	518.970707	518.947473	488.209279	488.177318	
17.2531	518.970707	518.947473	488.209279	488.177318	
17.26329	518.970707	518.947473	488.209279	488.177318	
17.28172	518.970707	518.947473	488.209279	488.177318	
17.28632	518.970707	518.947473	488.209279	488.177318	
17.29674	518.970707	518.947473	488.209279	488.177318	
17.30667	518.970707	518.9562	488.209279	488.177318	
17.31677	518.970707	518.9562	488.209279	488.177318	
17.32691	518.970707	518.947473	488.209279	488.177318	
17.33706	518.970707	518.947473	488.209279	488.177318	
17.34726	518.970707	518.947473	488.209279	488.177318	
17.35741	518.970707	518.947473	488.209279	488.177318	
17.36986	518.970707	518.947473	488.209279	488.177318	
17.37773	518.970707	518.947473	488.209279	488.177318	
17.38784	518.970707	518.947473	488.209279	488.177318	
17.39798	518.970707	518.947473	488.209279	488.177318	
17.40815	518.970707	518.947473	488.209279	488.177318	
17.41835	518.970707	518.947473	488.209279	488.177318	
17.42842	518.970707	518.947473	488.209279	488.177318	
17.43859	518.970707	518.947473	488.209279	488.177318	
17.4488	518.970707	518.947473	488.209279	488.177318	
17.45895	518.970707	518.947473	488.209279	488.177318	
17.46935	518.970707	518.947473	488.209279	488.177318	
17.4796	518.970707	518.947473	488.209279	488.177318	
17.48973	518.970707	518.947473	488.209279	488.177318	
17.50921	518.970707	518.947473	488.209279	488.177318	
