5.66376	
5.670158	
5.680326	
5.690462	
5.700582	
5.710883	
5.720972	
5.731129	
5.741295	
5.751417	
5.761625	
5.771754	
5.781961	
5.79213	
5.802261	
5.812417	
5.822659	
5.83272	
5.842885	
5.853077	
5.863193	
5.87334	
5.883487	
5.893666	
5.903763	
5.91395	
5.924146	
5.934299	
5.944422	
5.954575	
5.964682	
5.97492	
5.985026	
5.995157	
6.005338	
6.015447	
6.025607	
6.03576	
6.045956	
6.056193	
6.066294	
6.076431	
6.086843	
6.09672	
6.10686	
6.118998	
6.127114	
6.137381	
6.147406	
6.157564	
6.167727	
6.177855	
6.188018	
6.198148	
6.208302	
6.218456	
6.228631	
6.238836	
6.248897	
6.259028	
6.269221	
6.279325	
6.289422	
6.299603	
6.30975	
6.319896	
6.330028	
6.348105	
6.352482	
6.362638	
6.372805	
6.383003	
6.393129	
6.403262	
6.41346	
6.42359	
6.43372	
6.444053	
6.45405	
6.464236	
6.47434	
6.48446	
6.504648	
6.509011	
6.519428	
6.529302	
6.539425	
6.549738	
6.55975	
6.569874	
6.580045	
6.59038	
6.60049	
6.610663	
6.62077	
6.631001	
6.641069	
6.65147	
6.66141	
6.671566	
6.681723	
6.691882	
6.702034	
6.712259	
6.722373	
6.732518	
6.742753	
6.752833	
6.763023	
6.773187	
6.783305	
6.79343	
6.803598	
6.813771	
6.823922	
6.834025	
6.844209	
6.854344	
6.864527	
6.874654	
6.884789	
6.894983	
6.90509	
6.915235	
6.925441	
6.935558	
6.945687	
6.955817	
6.96621	
6.976183	
6.986278	
6.996395	
7.006636	
7.016661	
7.026813	
7.036995	
7.0471	
7.057324	
7.067417	
7.077572	
7.087869	
7.097827	
7.107962	
7.118542	
7.128309	
7.138426	
7.14867	
7.15886	
7.168893	
7.179064	
7.189203	
7.199326	
7.209464	
7.219601	
7.229769	
7.239895	
7.250081	
7.260261	
7.270357	
7.280484	
7.290733	
7.300896	
7.311088	
7.321203	
7.331332	
7.341516	
7.351659	
7.361795	
7.371958	
7.382144	
7.392365	
7.402461	
7.412611	
7.42284	
7.432924	
7.44307	
7.453249	
7.463376	
7.473524	
7.483678	
7.493865	
7.504004	
7.514142	
7.524292	
7.534445	
7.544572	
7.554724	
7.564869	
7.575069	
7.585182	
7.595366	
7.605505	
7.615629	
7.625762	
7.635905	
7.646042	
7.656261	
7.66634	
7.676482	
7.686708	
7.69681	
7.707091	
7.717072	
7.72722	
7.737373	
7.747509	
7.757792	
7.767787	
7.77792	
7.788053	
7.798246	
7.80845	
7.818642	
7.828765	
7.838894	
7.849331	
7.85915	
7.869324	
7.879431	
7.889531	
7.899711	
7.909867	
7.920038	
7.930228	
7.940335	
7.95048	
7.96062	
7.970772	
7.980932	
7.991135	
8.00123	
8.011418	
8.021549	
8.031699	
8.041822	
8.051977	
8.062152	
8.072371	
8.082498	
8.092661	
8.102857	
8.112971	
8.12513	
8.133212	
8.143367	
8.15347	
8.163639	
8.173795	
8.183959	
8.194095	
8.204358	
8.214498	
8.224653	
8.234785	
8.24494	
8.255148	
8.265229	
8.275382	
8.28556	
8.295653	
8.305826	
8.315989	
8.326248	
8.33645	
8.346557	
8.356706	
8.366907	
8.376977	
8.387104	
8.397709	
8.407437	
8.417567	
8.427727	
8.437833	
8.447992	
8.45812	
8.468287	
8.478396	
8.490108	
8.498778	
8.508868	
8.519052	
8.529156	
8.539281	
8.549482	
8.559586	
8.569724	
8.579865	
8.590046	
8.600291	
8.610315	
8.620485	
8.630647	
8.640771	
8.650952	
8.661078	
8.671276	
8.681394	
8.691556	
8.701745	
8.711864	
8.722001	
8.732158	
8.742359	
8.752504	
8.762661	
8.772821	
8.783014	
8.79309	
8.803273	
8.813455	
8.823593	
8.833704	
8.843897	
8.85405	
8.864232	
8.874354	
8.884494	
8.89464	
8.904809	
8.914955	
8.925116	
8.935288	
8.945404	
8.955565	
8.965715	
8.975867	
8.985999	
8.996165	
9.006307	
9.016514	
9.026592	
9.036762	
9.04695	
9.057071	
9.067198	
9.077354	
9.087501	
9.097673	
9.107772	
9.117922	
9.129197	
9.138395	
9.148508	
9.158803	
9.168847	
9.179033	
9.189123	
9.199303	
9.209398	
9.219544	
9.229708	
9.239836	
9.24998	
9.26018	
9.270338	
9.280556	
9.290658	
9.300829	
9.311066	
9.321136	
9.331293	
9.34148	
9.351617	
9.361747	
9.37194	
9.382119	
9.392235	
9.402399	
9.412564	
9.422718	
9.432858	
9.442998	
9.453164	
9.463363	
9.473492	
9.483611	
9.493769	
9.503928	
9.514088	
9.524231	
9.534394	
9.544565	
9.554746	
9.564888	
9.575096	
9.5852	
9.595347	
9.60553	
9.615649	
9.625798	
9.635929	
9.646083	
9.656245	
9.666375	
9.676531	
9.687117	
9.697175	
9.707522	
9.717661	
9.72776	
9.737895	
9.748022	
9.758276	
9.768352	
9.778473	
9.788687	
9.798871	
9.808921	
9.81918	
9.829191	
9.839394	
9.849488	
9.859631	
9.869787	
9.879931	
9.890083	
9.908526	
9.912911	
9.923075	
9.933239	
9.943416	
9.953527	
9.963669	
9.973877	
9.983992	
9.994172	
10.00429	
10.0145	
10.02463	
10.0348	
10.04493	
10.05515	
10.06522	
10.07537	
10.08554	
10.09568	
10.10585	
10.11597	
10.12824	
10.13628	
10.14642	
10.15659	
10.16672	
10.1769	
10.18703	
10.19717	
10.2074	
10.21755	
10.22763	
10.23781	
10.24791	
10.25804	
10.2682	
10.27833	
10.2963	
10.30067	
10.31091	
10.32101	
10.33117	
10.34134	
10.3515	
10.36164	
10.3718	
10.38196	
10.3921	
10.40228	
10.4125	
10.4226	
10.43277	
10.44293	
10.45304	
10.46326	
10.47336	
10.48348	
10.49372	
10.50379	
10.51396	
10.52415	
10.53429	
10.54445	
10.55455	
10.56473	
10.57493	
10.58502	
10.59538	
10.60547	
10.61567	
10.62583	
10.63596	
10.64624	
10.65633	
10.66647	
10.67662	
10.68675	
10.6969	
10.70702	
10.71718	
10.72739	
10.73752	
10.74762	
10.75777	
10.76804	
10.77803	
10.78816	
10.7983	
10.80847	
10.82687	
10.83127	
10.84139	
10.85155	
10.86175	
10.87187	
10.882	
10.89219	
10.90235	
10.91258	
10.92267	
10.93285	
10.94304	
10.95313	
10.96328	
10.97342	
10.98361	
10.99374	
11.00388	
11.01405	
11.02418	
11.03437	
11.04454	
11.05466	
11.06485	
11.07499	
11.08511	
11.09534	
11.10543	
11.11556	
11.12578	
11.13589	
11.14602	
11.15622	
11.1663	
11.17652	
11.18664	
11.19677	
11.20692	
11.21706	
11.2272	
11.23736	
11.24757	
11.25765	
11.26779	
11.27795	
11.28805	
11.29819	
11.30834	
11.31849	
11.32873	
11.33882	
11.34892	
11.35915	
11.36921	
11.37934	
11.3895	
11.39967	
11.40978	
11.41993	
11.4301	
11.44028	
11.45038	
11.46061	
11.47073	
11.4809	
11.49106	
11.5012	
11.51142	
11.52151	
11.53168	
11.54185	
11.55198	
11.56211	
11.57237	
11.5825	
11.59272	
11.6028	
11.61295	
11.62316	
11.63324	
11.64342	
11.65356	
11.66386	
11.67388	
11.68403	
11.69418	
11.70433	
11.71449	
11.72465	
11.7348	
11.74493	
11.75507	
11.76525	
11.77545	
11.78556	
11.79567	
11.80588	
11.81606	
11.82621	
11.83631	
11.8465	
11.85671	
11.86678	
11.87694	
11.88712	
11.89728	
11.90739	
11.91752	
11.92768	
11.93781	
11.94796	
11.95814	
11.96824	
11.97855	
11.98871	
11.99881	
12.00889	
12.01902	
12.02959	
12.03935	
12.04949	
12.05964	
12.06976	
12.07992	
12.09009	
12.10098	
12.11041	
12.12057	
12.13273	
12.14085	
12.15097	
12.16109	
12.1713	
12.18145	
12.19164	
12.20178	
12.21193	
12.22209	
12.23223	
12.24239	
12.25254	
12.26268	
12.2729	
12.28301	
12.29337	
12.3034	
12.31347	
12.32361	
12.3338	
12.3439	
12.35406	
12.36422	
12.37439	
12.38454	
12.39468	
12.40486	
12.41527	
12.42516	
12.43529	
12.44544	
12.45565	
12.46575	
12.4759	
12.48605	
12.49641	
12.50668	
12.528	848.923406	848.919422	817.891452	817.887467	
12.53259	848.924174	848.919422	817.89222	817.887467	
12.54274	848.92666	848.919422	817.894706	817.887467	
12.55291	848.929776	848.919422	817.897822	817.887467	
12.56306	848.933502	848.928148	817.901548	817.887467	
12.57324	848.93786	848.928148	817.905906	817.887467	
12.58345	848.942857	848.928148	817.910902	817.887467	
12.59372	848.948523	848.928148	817.916569	817.887467	
12.60389	848.954751	848.928148	817.922797	817.887467	
12.61396	848.961518	848.936875	817.929564	817.887467	
12.62653	848.971014	848.936875	817.93906	817.887467	
12.63419	848.977029	848.945601	817.945075	817.887467	
12.64431	848.985672	848.945601	817.953718	817.887467	
12.65449	848.994996	848.954328	817.963042	817.896194	
12.6648	849.005083	848.963055	817.973129	817.896194	
12.6748	849.015453	848.963055	817.983499	817.896194	
12.68495	849.026596	848.971781	817.994642	817.896194	
12.6951	849.038362	848.980508	818.006408	817.896194	
12.70526	849.050752	848.980508	818.018798	817.896194	
12.71539	849.063743	848.989235	818.031789	817.896194	
12.72557	849.077408	848.997961	818.045454	817.896194	
12.73579	849.091751	849.006688	818.059797	817.904921	
12.74591	849.106555	849.015415	818.074601	817.922374	
12.75643	849.122648	849.032868	818.090693	817.931101	
12.76627	849.138229	849.050321	818.106275	817.957281	
12.77654	849.155315	849.067775	818.123361	817.974734	
12.78652	849.172199	849.085228	818.140244	818.000914	
12.79663	849.190082	849.111408	818.158127	818.027094	
12.80683	849.208753	849.137588	818.176799	818.053274	
12.81721	849.228396	849.172494	818.196442	818.08818	
12.82712	849.247725	849.207401	818.215771	818.11436	
12.83738	849.268392	849.242307	818.236438	818.149267	
12.84763	849.289648	849.277214	818.257694	818.184173	
12.85769	849.31113	849.312121	818.279176	818.21908	
12.86781	849.333334	849.355754	818.30138	818.253987	
12.87806	849.356497	849.399387	818.324543	818.288893	
12.88812	849.379774	849.434294	818.34782	818.3238	
12.89828	849.403943	849.477927	818.371989	818.34998	
12.90841	849.428658	849.512833	818.396704	818.384886	
12.91858	849.454101	849.556467	818.422147	818.419793	
12.92925	849.48147	849.591373	818.449516	818.454699	
12.93895	849.507663	849.62628	818.475709	818.489606	
12.9491	849.534134	849.661186	818.50218	818.515786	
12.95927	849.56203	849.696093	818.530076	818.541966	
12.96934	849.590274	849.722273	818.55832	818.568146	
12.97953	849.61949	849.748453	818.587536	818.594326	
12.98968	849.649178	849.774633	818.617224	818.620506	
12.99981	849.679438	849.800813	818.647484	818.646686	
13.00998	849.710427	849.826993	818.678473	818.672866	
13.02013	849.74199	849.844446	818.710036	818.699046	
13.03083	849.775985	849.870626	818.744031	818.716499	
13.04134	849.810021	849.888079	818.778067	818.742679	
13.05147	849.84342	849.905533	818.811466	818.768859	
13.06165	849.87758	849.922986	818.845626	818.795039	
13.07181	849.912354	849.940439	818.8804	818.821219	
13.08199	849.947773	849.949166	818.915819	818.847399	
13.09212	849.983632	849.957892	818.951678	818.873578	
13.10232	850.020409	849.975346	818.988455	818.908485	
13.11248	850.057627	849.992799	819.025673	818.934665	
13.12258	850.095236	850.001526	819.063282	818.969572	
13.13478	850.141642	850.018979	819.109688	819.004478	
13.144	850.177122	850.045159	819.145168	819.039385	
13.15412	850.216737	850.062612	819.184783	819.074291	
13.16424	850.256954	850.097519	819.224999	819.117925	
13.17444	850.298099	850.123699	819.266144	819.152831	
13.18456	850.339574	850.167332	819.30762	819.196464	
13.19476	850.381958	850.210965	819.350004	819.240098	
13.20499	850.425134	850.254598	819.39318	819.283731	
13.21516	850.468645	850.315685	819.436691	819.327364	
13.22529	850.512635	850.368045	819.480681	819.379724	
13.23542	850.5572	850.429131	819.525246	819.432084	
13.2467	850.607633	850.507671	819.575679	819.49317	
13.25686	850.653679	850.577484	819.621725	819.536804	
13.2673	850.701662	850.647297	819.669708	819.59789	
13.27711	850.747249	850.717111	819.715294	819.65025	
13.28775	850.797448	850.786924	819.765494	819.70261	
13.29738	850.843372	850.865464	819.811418	819.763696	
13.30754	850.892495	850.935277	819.86054	819.816056	
13.31768	850.942112	851.00509	819.910158	819.868416	
13.32782	850.992361	851.074903	819.960407	819.920776	
13.338	851.043498	851.144716	820.011543	819.981863	
13.34927	851.10081	851.214529	820.068856	820.042949	
13.35946	851.153207	851.284343	820.121252	820.095309	
13.36951	851.205531	851.336703	820.173577	820.147669	
13.37973	851.259373	851.397789	820.227419	820.200029	
13.39031	851.315811	851.450149	820.283857	820.261115	
13.40026	851.369394	851.502509	820.33744	820.313475	
13.41036	851.424418	851.546142	820.392464	820.374562	
13.42054	851.480536	851.589775	820.448581	820.426921	
13.43065	851.53689	851.633409	820.504935	820.479281	
13.44093	851.594819	851.668315	820.562865	820.531641	
13.45262	851.661575	851.711948	820.629621	820.601454	
13.46311	851.722073	851.746855	820.690119	820.653814	
13.473	851.77972	851.790488	820.747766	820.706174	
13.48309	851.839055	851.825395	820.807101	820.758534	
13.49322	851.899319	851.860301	820.867365	820.819621	
13.50349	851.961035	851.895208	820.929081	820.87198	
13.51359	852.022385	851.930114	820.990431	820.933067	
13.52372	852.084442	851.982474	821.052487	820.994153	
13.53387	852.147345	852.026108	821.115391	821.05524	
13.54403	852.210906	852.078467	821.178952	821.1076	
13.55531	852.282202	852.139554	821.250248	821.177413	
13.56546	852.346993	852.200641	821.315039	821.2385	
13.57566	852.412709	852.270454	821.380755	821.308313	
13.58573	852.478127	852.340267	821.446173	821.369399	
13.59605	852.545929	852.41008	821.513975	821.439212	
13.60618	852.61302	852.48862	821.581066	821.500299	
13.61627	852.680523	852.56716	821.648569	821.570112	
13.6264	852.748864	852.645699	821.71691	821.639925	
13.63654	852.817861	852.732966	821.785907	821.709738	
13.64669	852.887579	852.820232	821.855625	821.788278	
13.65807	852.966551	852.924952	821.934597	821.866818	
13.66816	853.037155	853.012219	822.005201	821.945358	
13.67833	853.108934	853.108212	822.07698	822.015171	
13.68845	853.181075	853.195478	822.149121	822.093711	
13.70678	853.314039	853.361284	822.282085	822.224611	
13.71143	853.347643	853.404918	822.315689	822.268244	
13.72149	853.421226	853.500911	822.389272	822.346784	
13.73167	853.496386	853.588177	822.464432	822.416597	
13.74179	853.571695	853.675444	822.53974	822.495137	
13.75198	853.648111	853.76271	822.616157	822.573676	
13.7623	853.726184	853.849977	822.69423	822.652216	
13.77234	853.802705	853.928516	822.770751	822.730756	
13.7825	853.88071	854.007056	822.848755	822.809296	
13.79294	853.96166	854.085596	822.929706	822.887836	
13.80282	854.038756	854.155409	823.006802	822.957649	
13.813	854.118808	854.233949	823.086854	823.036189	
13.82315	854.199272	854.303762	823.167318	823.123455	
13.83324	854.279886	854.373575	823.247932	823.201995	
13.8434	854.361681	854.434662	823.329727	823.280535	
13.85359	854.444309	854.504475	823.412355	823.359075	
13.86384	854.528039	854.565562	823.496085	823.437614	
13.87393	854.611109	854.635375	823.579155	823.516154	
13.88407	854.695217	854.696461	823.663263	823.603421	
13.89424	854.780153	854.757548	823.748199	823.681961	
13.90437	854.865438	854.827361	823.833484	823.7605	
13.91456	854.951827	854.897174	823.919873	823.847767	
13.92477	855.038986	854.966987	824.007032	823.935033	
13.93488	855.125901	855.045527	824.093947	824.013573	
13.94511	855.21448	855.124067	824.182526	824.10084	
13.95518	855.302224	855.211333	824.270269	824.188106	
13.96689	855.405316	855.307327	824.373361	824.284099	
13.97708	855.495465	855.394593	824.463511	824.380092	
13.98717	855.585328	855.490586	824.553374	824.467359	
13.99733	855.676536	855.586579	824.644582	824.563352	
14.0078	855.771147	855.682572	824.739193	824.650618	
14.01766	855.860811	855.787292	824.828857	824.746611	
14.02776	855.953296	855.892012	824.921342	824.842604	
14.0379	856.046728	855.996732	825.014774	824.938598	
14.04804	856.140758	856.101451	825.108804	825.034591	
14.05821	856.2358	856.206171	825.203846	825.130584	
14.06951	856.342153	856.337071	825.310199	825.24403	
14.07971	856.43866	856.450517	825.406706	825.340023	
14.08978	856.534598	856.555237	825.502644	825.436016	
14.09991	856.631725	856.668683	825.599771	825.540736	
14.11042	856.733219	856.78213	825.701265	825.645456	
14.12027	856.828807	856.88685	825.796853	825.750176	
14.13037	856.927492	856.991569	825.895538	825.846169	
14.14055	857.027532	857.087562	825.995578	825.942162	
14.15066	857.127545	857.192282	826.095591	826.046882	
14.16081	857.228644	857.288275	826.196689	826.142875	
14.17225	857.343321	857.410448	826.311367	826.265048	
14.18239	857.445501	857.497715	826.413547	826.361041	
14.19252	857.548288	857.602435	826.516334	826.465761	
14.20267	857.651855	857.698428	826.619901	826.561754	
14.21277	857.755574	857.794421	826.72362	826.666474	
14.22303	857.86153	857.890414	826.829576	826.762467	
14.23315	857.966589	857.986407	826.934635	826.867186	
14.2433	858.07263	858.073673	827.040676	826.971906	
14.25345	858.179384	858.178393	827.14743	827.076626	
14.26365	858.287205	858.26566	827.255251	827.181346	
14.27505	858.408522	858.370379	827.376568	827.303519	
14.28508	858.515863	858.466373	827.483909	827.408238	
14.29516	858.624209	858.562366	827.592255	827.521685	
14.30535	858.734583	858.667085	827.702629	827.626405	
14.31544	858.844286	858.763079	827.812332	827.739851	
14.32562	858.95568	858.876525	827.923726	827.853297	
14.33586	859.066564	858.981245	828.034609	827.966744	
14.34594	859.174942	859.085964	828.142988	828.08019	
14.35617	859.284434	859.199411	828.25248	828.193637	
14.3665	859.395419	859.312857	828.363465	828.298356	
14.37766	859.512216	859.443757	828.480262	828.429256	
14.38773	859.618091	859.56593	828.586136	828.542703	
14.39791	859.724447	859.679376	828.692493	828.656149	
14.40809	859.830288	859.801549	828.798334	828.769595	
14.41822	859.934864	859.923722	828.902909	828.874315	
14.42837	860.039082	860.045896	829.007128	828.987761	
14.43849	860.142442	860.168069	829.110488	829.101208	
14.45653	860.324135	860.290242	829.292181	829.205928	
14.46109	860.370142	860.438595	829.338188	829.345554	
14.47128	860.472139	860.560768	829.440185	829.450274	
14.4814	860.572876	860.682941	829.540922	829.554993	
14.50084	860.763534	860.901107	829.73158	829.755706	
14.5055	860.809313	860.953467	829.777359	829.79934	
14.51565	860.908272	861.07564	829.876318	829.904059	
14.52585	861.00702	861.18036	829.975066	830.000052	
14.536	861.104756	861.276353	830.072802	830.096046	
14.54609	861.20184	861.381072	830.169886	830.200765	
14.5563	861.298243	861.477065	830.266289	830.288032	
14.56655	861.3958	861.564332	830.363846	830.384025	
14.57875	861.509392	861.642872	830.477438	830.480018	
14.58678	861.58421	861.730138	830.552256	830.567284	
14.59712	861.680054	861.808678	830.6481	830.663278	
14.6071	861.771835	861.878491	830.739881	830.750544	
14.61732	861.865231	861.957031	830.833276	830.83781	
14.62777	861.960116	862.026844	830.928162	830.925077	
14.6456	862.119668	862.157744	831.087714	831.082157	
14.65031	862.161835	862.183924	831.129881	831.12579	
14.66055	862.252837	862.253737	831.220883	831.213056	
14.67055	862.341083	862.32355	831.309129	831.291596	
14.68284	862.44856	862.393363	831.416606	831.378863	
14.69133	862.522383	862.471903	831.490429	831.466129	
14.70149	862.610155	862.541716	831.578201	831.544669	
14.71185	862.699085	862.620256	831.667131	831.640662	
14.72223	862.787452	862.698796	831.755498	831.719202	
14.73243	862.873655	862.777336	831.841701	831.806468	
14.74257	862.958782	862.855876	831.926828	831.893735	
14.75273	863.043446	862.934415	832.011492	831.972274	
14.76304	863.128739	863.021682	832.096785	832.059541	
14.77303	863.211085	863.100222	832.17913	832.138081	
14.78553	863.312487	863.187488	832.280533	832.216621	
14.79334	863.375717	863.274755	832.343763	832.303887	
14.80355	863.457732	863.370748	832.425778	832.382427	
14.81369	863.538543	863.466741	832.506589	832.469693	
14.82385	863.618907	863.554007	832.586953	832.55696	
14.83398	863.698425	863.641274	832.666471	832.6355	
14.84418	863.77791	863.737267	832.745955	832.722766	
14.85434	863.856416	863.83326	832.824462	832.801306	
14.86502	863.938293	863.929253	832.906339	832.888572	
14.87461	864.011263	864.01652	832.979308	832.967112	
14.88691	864.103962	864.112513	833.072008	833.045652	
14.89506	864.165001	864.199779	833.133047	833.132918	
14.90521	864.240311	864.287046	833.208357	833.211458	
14.9153	864.314624	864.374312	833.28267	833.289998	
14.92542	864.388614	864.452852	833.35666	833.377265	
14.93568	864.462925	864.531392	833.430971	833.455804	
14.94575	864.535271	864.609931	833.503317	833.534344	
14.95589	864.607542	864.688471	833.575588	833.604157	
14.96605	864.679321	864.758284	833.647367	833.673971	
14.9765	864.753052	864.828098	833.721098	833.75251	
14.98636	864.820964	864.889184	833.78901	833.822323	
14.99656	864.89126	864.950271	833.859306	833.892137	
15.00697	864.962235	865.011357	833.930281	833.96195	
15.01711	865.030828	865.072444	833.998874	834.031763	
15.02714	865.09801	865.124804	834.066056	834.09285	
15.03776	865.168552	865.18589	834.136598	834.162663	
15.04758	865.233175	865.23825	834.201221	834.223749	
15.05765	865.298843	865.29061	834.266889	834.284836	
15.06776	865.364189	865.351696	834.332235	834.337196	
15.0779	865.429094	865.404056	834.39714	834.398282	
15.08806	865.493596	865.456416	834.461642	834.459369	
15.09829	865.557838	865.508776	834.525884	834.511729	
15.10841	865.620811	865.569863	834.588856	834.572815	
15.11869	865.684129	865.630949	834.652175	834.625175	
15.12878	865.745614	865.683309	834.71366	834.686261	
15.14128	865.82089	865.744396	834.788936	834.738621	
15.14906	865.867503	865.805482	834.835549	834.799708	
15.15916	865.927287	865.866569	834.895333	834.860794	
15.16929	865.986641	865.927655	834.954687	834.921881	
15.17943	866.045486	865.997468	835.013531	834.974241	
15.1896	866.103868	866.058555	835.071914	835.035327	
15.19986	866.162131	866.119641	835.130177	835.096414	
15.20997	866.218987	866.189454	835.187033	835.1575	
15.22017	866.275703	866.250541	835.243749	835.20986	
15.23031	866.33143	866.320354	835.299476	835.270947	
15.24078	866.388348	866.381441	835.356394	835.34076	
15.25081	866.442314	866.451254	835.41036	835.39312	
15.26102	866.496637	866.51234	835.464683	835.454206	
15.27116	866.549941	866.582154	835.517987	835.515293	
15.28129	866.602588	866.64324	835.570634	835.567653	
15.29144	866.654761	866.6956	835.622807	835.628739	
15.30167	866.706726	866.765413	835.674772	835.681099	
15.31182	866.757688	866.817773	835.725734	835.733459	
15.322	866.80816	866.870133	835.776206	835.794546	
15.33211	866.857675	866.931219	835.825721	835.846905	
15.34234	866.907205	866.974853	835.875251	835.899265	
15.35244	866.955471	867.027213	835.923517	835.942899	
15.36258	867.003336	867.079572	835.971382	835.995258	
15.37277	867.050802	867.114479	836.018848	836.038892	
15.38289	867.097359	867.166839	836.065405	836.082525	
15.39314	867.143883	867.201745	836.111929	836.134885	
15.40426	867.19365	867.245379	836.161696	836.178518	
15.41444	867.238557	867.280285	836.206603	836.222151	
15.4246	867.282814	867.323918	836.25086	836.265784	
15.43471	867.326255	867.358825	836.294301	836.300691	
15.44482	867.369082	867.385005	836.337128	836.344324	
15.45499	867.411563	867.419912	836.379609	836.387957	
15.46525	867.453812	867.446092	836.421858	836.422864	
15.47541	867.495031	867.480998	836.463077	836.466497	
15.48551	867.535394	867.515905	836.50344	836.501404	
15.49571	867.575549	867.550811	836.543595	836.53631	
15.507	867.619263	867.585718	836.587309	836.571217	
15.51711	867.657781	867.629351	836.625827	836.606124	
15.52762	867.697214	867.664258	836.66526	836.649757	
15.53741	867.733385	867.699164	836.701431	836.684663	
15.54788	867.771404	867.734071	836.739449	836.71957	
15.55771	867.806538	867.777704	836.774584	836.754477	
15.56785	867.842214	867.812611	836.81026	836.789383	
15.57798	867.877232	867.847517	836.845278	836.82429	
15.58811	867.911635	867.882424	836.879681	836.859196	
15.59849	867.946288	867.91733	836.914334	836.894103	
15.60968	867.982876	867.96969	836.950922	836.937736	
15.6198	868.015385	868.004597	836.983431	836.972643	
15.62996	868.047431	868.039503	837.015477	837.007549	
15.64015	868.078989	868.07441	837.047035	837.051183	
15.65068	868.110902	868.118043	837.078948	837.086089	
15.66081	868.141046	868.15295	837.109092	837.120996	
15.67098	868.170711	868.187856	837.138757	837.147176	
15.68121	868.199945	868.222763	837.167991	837.182082	
15.69125	868.228047	868.25767	837.196093	837.216989	
15.70145	868.255986	868.292576	837.224031	837.243169	
15.71242	868.285346	868.318756	837.253391	837.278075	
15.72252	868.311789	868.353663	837.279835	837.304255	
15.73268	868.337791	868.379843	837.305837	837.339162	
15.74311	868.363864	868.406023	837.33191	837.365342	
15.75303	868.388084	868.440929	837.35613	837.391522	
15.76329	868.412547	868.467109	837.380592	837.417702	
15.77333	868.435885	868.493289	837.403931	837.443882	
15.78354	868.459055	868.510742	837.4271	837.470062	
15.79361	868.481304	868.536922	837.449349	837.487515	
15.80373	868.503085	868.563102	837.471131	837.513695	
15.81505	868.526668	868.580556	837.494714	837.531148	
15.82527	868.547402	868.606735	837.515448	837.548601	
15.83532	868.56722	868.624189	837.535266	837.566055	
15.84557	868.586842	868.632915	837.554888	837.583508	
15.85575	868.605729	868.650369	837.573775	837.592235	
15.86585	868.623909	868.650369	837.591955	837.609688	
15.87599	868.641568	868.659095	837.609614	837.618415	
15.88619	868.658747	868.667822	837.626793	837.635868	
15.89633	868.675236	868.667822	837.643282	837.644595	
15.90656	868.691425	868.676549	837.65947	837.653321	
15.91768	868.708054	868.685275	837.6761	837.653321	
15.92786	868.7228	868.685275	837.690846	837.662048	
15.93796	868.736893	868.685275	837.704939	837.670774	
15.94811	868.750485	868.694002	837.718531	837.670774	
15.95836	868.763627	868.694002	837.731673	837.679501	
15.96848	868.776039	868.694002	837.744085	837.679501	
15.97867	868.787959	868.702729	837.756005	837.688228	
15.9888	868.799263	868.702729	837.767309	837.688228	
15.9989	868.809976	868.711455	837.778022	837.688228	
16.00942	868.820525	868.720182	837.788571	837.696954	
16.02036	868.830846	868.720182	837.798892	837.705681	
16.03053	868.839898	868.737635	837.807944	837.714408	
16.04063	868.848365	868.746362	837.816411	837.723134	
16.05078	868.856329	868.755088	837.824375	837.723134	
16.06096	868.863773	868.772542	837.831819	837.740588	
16.07112	868.870674	868.789995	837.83872	837.749314	
16.08133	868.877083	868.807448	837.845129	837.758041	
16.09147	868.882933	868.824902	837.850979	837.775494	
16.1018	868.888359	868.851082	837.856404	837.784221	
16.112	868.893216	868.868535	837.861262	837.792948	
16.12338	868.897991	868.894715	837.866037	837.810401	
16.13319	868.901708	868.912168	837.869754	837.827854	
16.15315	868.906996	868.947075	837.875042	837.845307	
16.15788	868.908333	868.947075	837.876379	837.854034	
16.16801	868.910699	868.964528	837.878745	837.862761	
16.17801	868.912679	868.973255	837.880725	837.871487	
16.18818	868.91434	868.981981	837.882386	837.880214	
16.19838	868.919422	868.981981	837.887467	837.888941	
16.20847	868.919422	868.981981	837.887467	837.897667	
16.22763	868.919422	868.981981	837.887467	837.897667	
16.23225	868.919422	868.981981	837.887467	837.897667	
16.24237	868.919422	868.981981	837.887467	837.897667	
16.25256	868.919422	868.973255	837.887467	837.897667	
16.26269	868.919422	868.964528	837.887467	837.897667	
16.27287	868.919422	868.964528	837.887467	837.897667	
16.283	868.919422	868.955801	837.887467	837.897667	
16.29315	868.919422	868.947075	837.887467	837.897667	
16.30331	868.919422	868.938348	837.887467	837.897667	
16.31342	868.919422	868.929621	837.887467	837.897667	
16.32487	868.919422	868.929621	837.887467	837.897667	
16.33379	868.919422	868.920895	837.887467	837.897667	
16.34402	868.919422	868.912168	837.887467	837.897667	
16.35407	868.919422	868.903441	837.887467	837.897667	
16.36426	868.919422	868.894715	837.887467	837.897667	
16.37445	868.919422	868.894715	837.887467	837.897667	
16.38458	868.919422	868.894715	837.887467	837.897667	
16.39472	868.919422	868.903441	837.887467	837.897667	
16.40522	868.919422	868.903441	837.887467	837.897667	
16.41532	868.919422	868.912168	837.887467	837.897667	
16.42552	868.919422	868.912168	837.887467	837.897667	
16.43565	868.919422	868.912168	837.887467	837.897667	
16.4458	868.919422	868.912168	837.887467	837.897667	
16.45607	868.919422	868.920895	837.887467	837.897667	
16.46619	868.919422	868.920895	837.887467	837.897667	
16.47635	868.919422	868.920895	837.887467	837.897667	
16.48669	868.919422	868.920895	837.887467	837.897667	
16.49693	868.919422	868.920895	837.887467	837.897667	
16.50707	868.919422	868.920895	837.887467	837.897667	
16.51723	868.919422	868.920895	837.887467	837.897667	
16.52739	868.919422	868.920895	837.887467	837.897667	
16.53751	868.919422	868.920895	837.887467	837.897667	
16.54763	868.919422	868.920895	837.887467	837.897667	
16.5578	868.919422	868.920895	837.887467	837.897667	
16.56799	868.919422	868.920895	837.887467	837.897667	
16.57811	868.919422	868.920895	837.887467	837.897667	
16.58824	868.919422	868.920895	837.887467	837.897667	
16.59843	868.919422	868.920895	837.887467	837.897667	
16.6086	868.919422	868.920895	837.887467	837.897667	
16.61874	868.919422	868.920895	837.887467	837.897667	
16.62886	868.919422	868.920895	837.887467	837.897667	
16.63899	868.919422	868.920895	837.887467	837.897667	
16.64921	868.919422	868.920895	837.887467	837.897667	
16.65931	868.919422	868.920895	837.887467	837.897667	
16.66946	868.919422	868.920895	837.887467	837.897667	
16.68781	868.919422	868.920895	837.887467	837.897667	
16.69235	868.919422	868.920895	837.887467	837.897667	
16.70258	868.919422	868.920895	837.887467	837.897667	
16.71271	868.919422	868.920895	837.887467	837.897667	
16.72285	868.919422	868.920895	837.887467	837.897667	
16.733	868.919422	868.920895	837.887467	837.897667	
16.74315	868.919422	868.920895	837.887467	837.897667	
16.7534	868.919422	868.920895	837.887467	837.897667	
16.7636	868.919422	868.920895	837.887467	837.897667	
16.77368	868.919422	868.920895	837.887467	837.897667	
16.78391	868.919422	868.920895	837.887467	837.897667	
16.79395	868.919422	868.920895	837.887467	837.897667	
16.80413	868.919422	868.920895	837.887467	837.897667	
16.81433	868.919422	868.920895	837.887467	837.897667	
16.82446	868.919422	868.920895	837.887467	837.897667	
16.83457	868.919422	868.920895	837.887467	837.897667	
16.84475	868.919422	868.920895	837.887467	837.897667	
16.85491	868.919422	868.920895	837.887467	837.897667	
16.86506	868.919422	868.920895	837.887467	837.897667	
16.87521	868.919422	868.920895	837.887467	837.897667	
16.88539	868.919422	868.920895	837.887467	837.897667	
16.89556	868.919422	868.920895	837.887467	837.897667	
16.90569	868.919422	868.920895	837.887467	837.897667	
16.91582	868.919422	868.920895	837.887467	837.897667	
16.92601	868.919422	868.920895	837.887467	837.897667	
16.93623	868.919422	868.920895	837.887467	837.897667	
16.94631	868.919422	868.920895	837.887467	837.897667	
16.95646	868.919422	868.920895	837.887467	837.897667	
16.96663	868.919422	868.920895	837.887467	837.897667	
16.97676	868.919422	868.920895	837.887467	837.897667	
16.98691	868.919422	868.920895	837.887467	837.897667	
16.99709	868.919422	868.920895	837.887467	837.897667	
17.00723	868.919422	868.920895	837.887467	837.897667	
17.01744	868.919422	868.920895	837.887467	837.897667	
17.02764	868.919422	868.920895	837.887467	837.897667	
17.0377	868.919422	868.920895	837.887467	837.897667	
17.0479	868.919422	868.920895	837.887467	837.897667	
17.05799	868.919422	868.920895	837.887467	837.897667	
17.06814	868.919422	868.920895	837.887467	837.897667	
17.07829	868.919422	868.920895	837.887467	837.897667	
17.08844	868.919422	868.920895	837.887467	837.897667	
17.09884	868.919422	868.920895	837.887467	837.897667	
17.10881	868.919422	868.920895	837.887467	837.897667	
17.11889	868.919422	868.920895	837.887467	837.897667	
17.12905	868.919422	868.920895	837.887467	837.897667	
17.13917	868.919422	868.920895	837.887467	837.897667	
17.14939	868.919422	868.920895	837.887467	837.897667	
17.15947	868.919422	868.920895	837.887467	837.897667	
17.16962	868.919422	868.920895	837.887467	837.897667	
17.1798	868.919422	868.920895	837.887467	837.897667	
17.18995	868.919422	868.920895	837.887467	837.897667	
17.20023	868.919422	868.920895	837.887467	837.897667	
17.21031	868.919422	868.920895	837.887467	837.897667	
17.22046	868.919422	868.920895	837.887467	837.897667	
17.23065	868.919422	868.920895	837.887467	837.897667	
17.24076	868.919422	868.920895	837.887467	837.897667	
17.25096	868.919422	868.920895	837.887467	837.897667	
17.2611	868.919422	868.920895	837.887467	837.897667	
17.27127	868.919422	868.920895	837.887467	837.897667	
17.28151	868.919422	868.920895	837.887467	837.897667	
17.29158	868.919422	868.920895	837.887467	837.897667	
17.30176	868.919422	868.920895	837.887467	837.897667	
17.31201	868.919422	868.920895	837.887467	837.897667	
17.32211	868.919422	868.920895	837.887467	837.897667	
17.33225	868.919422	868.920895	837.887467	837.897667	
17.34244	868.919422	868.920895	837.887467	837.897667	
17.35257	868.919422	868.920895	837.887467	837.897667	
17.36273	868.919422	868.920895	837.887467	837.897667	
17.37289	868.919422	868.920895	837.887467	837.897667	
17.38305	868.919422	868.920895	837.887467	837.897667	
17.39322	868.919422	868.920895	837.887467	837.897667	
17.40337	868.919422	868.920895	837.887467	837.897667	
17.41354	868.919422	868.920895	837.887467	837.897667	
17.42376	868.919422	868.920895	837.887467	837.897667	
17.43384	868.919422	868.920895	837.887467	837.897667	
17.44401	868.919422	868.920895	837.887467	837.897667	
17.45416	868.919422	868.920895	837.887467	837.897667	
17.46433	868.919422	868.920895	837.887467	837.897667	
17.47447	868.919422	868.920895	837.887467	837.897667	
17.48462	868.919422	868.920895	837.887467	837.897667	
17.4948	868.919422	868.920895	837.887467	837.897667	
17.50495	868.919422	868.920895	837.887467	837.897667	
17.51512	868.919422	868.920895	837.887467	837.897667	
17.52533	868.919422	868.920895	837.887467	837.897667	
17.53544	868.919422	868.920895	837.887467	837.897667	
17.54556	868.919422	868.920895	837.887467	837.897667	
17.55576	868.919422	868.920895	837.887467	837.897667	
17.5659	868.919422	868.920895	837.887467	837.897667	
17.57611	868.919422	868.920895	837.887467	837.897667	
17.58622	868.919422	868.920895	837.887467	837.897667	
17.59637	868.919422	868.920895	837.887467	837.897667	
17.60657	868.919422	868.920895	837.887467	837.897667	
17.61668	868.919422	868.920895	837.887467	837.897667	
17.62685	868.919422	868.920895	837.887467	837.897667	
17.63698	868.919422	868.920895	837.887467	837.897667	
17.64712	868.919422	868.920895	837.887467	837.897667	
17.65734	868.919422	868.920895	837.887467	837.897667	
17.66743	868.919422	868.920895	837.887467	837.897667	
17.67759	868.919422	868.920895	837.887467	837.897667	
17.68777	868.919422	868.920895	837.887467	837.897667	
17.69787	868.919422	868.920895	837.887467	837.897667	
17.70801	868.919422	868.920895	837.887467	837.897667	
17.71819	868.919422	868.920895	837.887467	837.897667	
17.72835	868.919422	868.920895	837.887467	837.897667	
17.73848	868.919422	868.920895	837.887467	837.897667	
17.75692	868.919422	868.920895	837.887467	837.897667	
17.76155	868.919422	868.920895	837.887467	837.897667	
17.77174	868.919422	868.920895	837.887467	837.897667	
17.78189	868.919422	868.920895	837.887467	837.897667	
17.79206	868.919422	868.920895	837.887467	837.897667	
17.80221	868.919422	868.920895	837.887467	837.897667	
17.81236	868.919422	868.920895	837.887467	837.897667	
17.82258	868.919422	868.920895	837.887467	837.897667	
17.83267	868.919422	868.920895	837.887467	837.897667	
17.84284	868.919422	868.920895	837.887467	837.897667	
17.85299	868.919422	868.920895	837.887467	837.897667	
17.86316	868.919422	868.920895	837.887467	837.897667	
17.87337	868.919422	868.920895	837.887467	837.897667	
17.88345	868.919422	868.920895	837.887467	837.897667	
17.89362	868.919422	868.920895	837.887467	837.897667	
17.90383	868.919422	868.920895	837.887467	837.897667	
17.91393	868.919422	868.920895	837.887467	837.897667	
17.92411	868.919422	868.920895	837.887467	837.897667	
17.93428	868.919422	868.920895	837.887467	837.897667	
17.94444	868.919422	868.920895	837.887467	837.897667	
17.95456	868.919422	868.920895	837.887467	837.897667	
17.96472	868.919422	868.920895	837.887467	837.897667	
17.9749	868.919422	868.920895	837.887467	837.897667	
17.98506	868.919422	868.920895	837.887467	837.897667	
17.99521	868.919422	868.920895	837.887467	837.897667	
18.00538	868.919422	868.920895	837.887467	837.897667	
18.01551	868.919422	868.920895	837.887467	837.897667	
18.02563	868.919422	868.920895	837.887467	837.897667	
18.03582	868.919422	868.920895	837.887467	837.897667	
18.04594	868.919422	868.920895	837.887467	837.897667	
18.05617	868.919422	868.920895	837.887467	837.897667	
18.06626	868.919422	868.920895	837.887467	837.897667	
18.07641	868.919422	868.920895	837.887467	837.897667	
18.08662	868.919422	868.920895	837.887467	837.897667	
18.09672	868.919422	868.920895	837.887467	837.897667	
18.10687	868.919422	868.920895	837.887467	837.897667	
18.11703	868.919422	868.920895	837.887467	837.897667	
18.12717	868.919422	868.920895	837.887467	837.897667	
18.13733	868.919422	868.920895	837.887467	837.897667	
18.15742	868.919422	868.920895	837.887467	837.897667	
18.16202	868.919422	868.920895	837.887467	837.897667	
18.17214	868.919422	868.920895	837.887467	837.897667	
18.18235	868.919422	868.920895	837.887467	837.897667	
18.1925	868.919422	868.920895	837.887467	837.897667	
18.20273	868.919422	868.920895	837.887467	837.897667	
18.21282	868.919422	868.920895	837.887467	837.897667	
18.22297	868.919422	868.920895	837.887467	837.897667	
18.23313	868.919422	868.920895	837.887467	837.897667	
18.24324	868.919422	868.920895	837.887467	837.897667	
18.25344	868.919422	868.920895	837.887467	837.897667	
18.2636	868.919422	868.920895	837.887467	837.897667	
18.27374	868.919422	868.920895	837.887467	837.897667	
18.28389	868.919422	868.920895	837.887467	837.897667	
18.29401	868.919422	868.920895	837.887467	837.897667	
18.30425	868.919422	868.920895	837.887467	837.897667	
18.31436	868.919422	868.920895	837.887467	837.897667	
18.32451	868.919422	868.920895	837.887467	837.897667	
18.33468	868.919422	868.920895	837.887467	837.897667	
18.34482	868.919422	868.920895	837.887467	837.897667	
18.35499	868.919422	868.920895	837.887467	837.897667	
18.36512	868.919422	868.920895	837.887467	837.897667	
18.37529	868.919422	868.920895	837.887467	837.897667	
18.3855	868.919422	868.920895	837.887467	837.897667	
18.39561	868.919422	868.920895	837.887467	837.897667	
18.40576	868.919422	868.920895	837.887467	837.897667	
18.41597	868.919422	868.920895	837.887467	837.897667	
18.42607	868.919422	868.920895	837.887467	837.897667	
18.43623	868.919422	868.920895	837.887467	837.897667	
18.44639	868.919422	868.920895	837.887467	837.897667	
18.45656	868.919422	868.920895	837.887467	837.897667	
18.46668	868.919422	868.920895	837.887467	837.897667	
18.47683	868.919422	868.920895	837.887467	837.897667	
18.48707	868.919422	868.920895	837.887467	837.897667	
18.49715	868.919422	868.920895	837.887467	837.897667	
18.50733	868.919422	868.920895	837.887467	837.897667	
18.51747	868.919422	868.920895	837.887467	837.897667	
18.5276	868.919422	868.920895	837.887467	837.897667	
18.5377	868.919422	868.920895	837.887467	837.897667	
18.54785	868.919422	868.920895	837.887467	837.897667	
18.55801	868.919422	868.920895	837.887467	837.897667	
18.56823	868.919422	868.920895	837.887467	837.897667	
18.57836	868.919422	868.920895	837.887467	837.897667	
18.58848	868.919422	868.920895	837.887467	837.897667	
18.59871	868.919422	868.920895	837.887467	837.897667	
18.60881	868.919422	868.920895	837.887467	837.897667	
18.61893	868.919422	868.920895	837.887467	837.897667	
18.62908	868.919422	868.920895	837.887467	837.897667	
18.63919	868.919422	868.920895	837.887467	837.897667	
18.6494	868.919422	868.920895	837.887467	837.897667	
18.65952	868.919422	868.920895	837.887467	837.897667	
18.6697	868.919422	868.920895	837.887467	837.897667	
18.67989	868.919422	868.920895	837.887467	837.897667	
18.69	868.919422	868.920895	837.887467	837.897667	
18.70016	868.919422	868.920895	837.887467	837.897667	
18.71074	868.919422	868.920895	837.887467	837.897667	
18.72081	868.919422	868.920895	837.887467	837.897667	
18.73096	868.919422	868.920895	837.887467	837.897667	
18.74112	868.919422	868.920895	837.887467	837.897667	
18.75125	868.919422	868.920895	837.887467	837.897667	
18.76148	868.919422	868.920895	837.887467	837.897667	
18.77163	868.919422	868.920895	837.887467	837.897667	
18.78177	868.919422	868.920895	837.887467	837.897667	
18.79198	868.919422	868.920895	837.887467	837.897667	
18.80209	868.919422	868.920895	837.887467	837.897667	
18.81225	868.919422	868.920895	837.887467	837.897667	
18.82244	868.919422	868.920895	837.887467	837.897667	
18.83254	868.919422	868.920895	837.887467	837.897667	
18.84273	868.919422	868.920895	837.887467	837.897667	
18.85288	868.919422	868.920895	837.887467	837.897667	
18.86306	868.919422	868.920895	837.887467	837.897667	
18.87349	868.919422	868.920895	837.887467	837.897667	
18.88335	868.919422	868.920895	837.887467	837.897667	
18.89352	868.919422	868.920895	837.887467	837.897667	
18.90368	868.919422	868.920895	837.887467	837.897667	
18.91379	868.919422	868.920895	837.887467	837.897667	
18.92401	868.919422	868.920895	837.887467	837.897667	
18.93414	868.919422	868.920895	837.887467	837.897667	
18.9444	868.919422	868.920895	837.887467	837.897667	
18.95445	868.919422	868.920895	837.887467	837.897667	
18.96458	868.919422	868.920895	837.887467	837.897667	
18.97481	868.919422	868.920895	837.887467	837.897667	
18.98496	868.919422	868.920895	837.887467	837.897667	
18.99509	868.919422	868.920895	837.887467	837.897667	
19.00523	868.919422	868.920895	837.887467	837.897667	
19.01542	868.919422	868.920895	837.887467	837.897667	
19.02561	868.919422	868.920895	837.887467	837.897667	
19.03577	868.919422	868.920895	837.887467	837.897667	
19.04586	868.919422	868.920895	837.887467	837.897667	
19.05616	868.919422	868.920895	837.887467	837.897667	
19.0662	868.919422	868.920895	837.887467	837.897667	
19.07638	868.919422	868.920895	837.887467	837.897667	
19.08656	868.919422	868.920895	837.887467	837.897667	
19.0967	868.919422	868.920895	837.887467	837.897667	
19.10686	868.919422	868.920895	837.887467	837.897667	
19.117	868.919422	868.920895	837.887467	837.897667	
19.1271	868.919422	868.920895	837.887467	837.897667	
19.13735	868.919422	868.920895	837.887467	837.897667	
19.14936	868.919422	868.920895	837.887467	837.897667	
19.15756	868.919422	868.920895	837.887467	837.897667	
19.1677	868.919422	868.920895	837.887467	837.897667	
19.17802	868.919422	868.920895	837.887467	837.897667	
19.18814	868.919422	868.920895	837.887467	837.897667	
19.19831	868.919422	868.920895	837.887467	837.897667	
19.20848	868.919422	868.920895	837.887467	837.897667	
19.21866	868.919422	868.920895	837.887467	837.897667	
19.2288	868.919422	868.920895	837.887467	837.897667	
19.23891	868.919422	868.920895	837.887467	837.897667	
19.24906	868.919422	868.920895	837.887467	837.897667	
19.25918	868.919422	868.920895	837.887467	837.897667	
19.26934	868.919422	868.920895	837.887467	837.897667	
19.27949	868.919422	868.920895	837.887467	837.897667	
19.28987	868.919422	868.920895	837.887467	837.897667	
19.29982	868.919422	868.920895	837.887467	837.897667	
19.30995	868.919422	868.920895	837.887467	837.897667	
19.32024	868.919422	868.920895	837.887467	837.897667	
19.33031	868.919422	868.920895	837.887467	837.897667	
19.34046	868.919422	868.920895	837.887467	837.897667	
19.35065	868.919422	868.920895	837.887467	837.897667	
19.3608	868.919422	868.920895	837.887467	837.897667	
19.37095	868.919422	868.920895	837.887467	837.897667	
19.38112	868.919422	868.920895	837.887467	837.897667	
19.39127	868.919422	868.920895	837.887467	837.897667	
19.40147	868.919422	868.920895	837.887467	837.897667	
19.41162	868.919422	868.920895	837.887467	837.897667	
19.42177	868.919422	868.920895	837.887467	837.897667	
19.43197	868.919422	868.920895	837.887467	837.897667	
19.44208	868.919422	868.920895	837.887467	837.897667	
19.45225	868.919422	868.920895	837.887467	837.897667	
19.4624	868.919422	868.920895	837.887467	837.897667	
19.47259	868.919422	868.920895	837.887467	837.897667	
19.48273	868.919422	868.920895	837.887467	837.897667	
19.49288	868.919422	868.920895	837.887467	837.897667	
19.50305	868.919422	868.920895	837.887467	837.897667	
19.51321	868.919422	868.920895	837.887467	837.897667	
19.52336	868.919422	868.920895	837.887467	837.897667	
19.53354	868.919422	868.920895	837.887467	837.897667	
19.54365	868.919422	868.920895	837.887467	837.897667	
19.55383	868.919422	868.920895	837.887467	837.897667	
19.56397	868.919422	868.920895	837.887467	837.897667	
19.57414	868.919422	868.920895	837.887467	837.897667	
19.58433	868.919422	868.920895	837.887467	837.897667	
19.59446	868.919422	868.920895	837.887467	837.897667	
19.60503	868.919422	868.920895	837.887467	837.897667	
19.6148	868.919422	868.920895	837.887467	837.897667	
19.62495	868.919422	868.920895	837.887467	837.897667	
19.63508	868.919422	868.920895	837.887467	837.897667	
19.64523	868.919422	868.920895	837.887467	837.897667	
19.65542	868.919422	868.920895	837.887467	837.897667	
19.66562	868.919422	868.920895	837.887467	837.897667	
19.67571	868.919422	868.920895	837.887467	837.897667	
19.6859	868.919422	868.920895	837.887467	837.897667	
19.69652	868.919422	868.920895	837.887467	837.897667	
19.70657	868.919422	868.920895	837.887467	837.897667	
19.71688	868.919422	868.920895	837.887467	837.897667	
19.72706	868.919422	868.920895	837.887467	837.897667	
19.73716	868.919422	868.920895	837.887467	837.897667	
19.74732	868.919422	868.920895	837.887467	837.897667	
19.75745	868.919422	868.920895	837.887467	837.897667	
19.76775	868.919422	868.920895	837.887467	837.897667	
19.77781	868.919422	868.920895	837.887467	837.897667	
19.78793	868.919422	868.920895	837.887467	837.897667	
19.79809	868.919422	868.920895	837.887467	837.897667	
19.8083	868.919422	868.920895	837.887467	837.897667	
19.81843	868.919422	868.920895	837.887467	837.897667	
19.8286	868.919422	868.920895	837.887467	837.897667	
19.83881	868.919422	868.920895	837.887467	837.897667	
19.84887	868.919422	868.920895	837.887467	837.897667	
19.85936	868.919422	868.920895	837.887467	837.897667	
19.86916	868.919422	868.920895	837.887467	837.897667	
19.87929	868.919422	868.920895	837.887467	837.897667	
19.88944	868.919422	868.920895	837.887467	837.897667	
19.89955	868.919422	868.920895	837.887467	837.897667	
19.90975	868.919422	868.920895	837.887467	837.897667	
19.91991	868.919422	868.920895	837.887467	837.897667	
19.93004	868.919422	868.920895	837.887467	837.897667	
19.94805	868.919422	868.920895	837.887467	837.897667	
19.95262	868.919422	868.920895	837.887467	837.897667	
19.96276	868.919422	868.920895	837.887467	837.897667	
19.97292	868.919422	868.920895	837.887467	837.897667	
19.98309	868.919422	868.920895	837.887467	837.897667	
19.99324	868.919422	868.920895	837.887467	837.897667	
20.00338	868.919422	868.920895	837.887467	837.897667	
20.01359	868.919422	868.920895	837.887467	837.897667	
20.02391	868.919422	868.920895	837.887467	837.897667	
20.03408	868.919422	868.920895	837.887467	837.897667	
20.04418	868.919422	868.920895	837.887467	837.897667	
20.05435	868.919422	868.920895	837.887467	837.897667	
20.06457	868.919422	868.920895	837.887467	837.897667	
20.07466	868.919422	868.920895	837.887467	837.897667	
20.0848	868.919422	868.920895	837.887467	837.897667	
20.09498	868.919422	868.920895	837.887467	837.897667	
20.10537	868.919422	868.920895	837.887467	837.897667	
20.11529	868.919422	868.920895	837.887467	837.897667	
20.12565	868.919422	868.920895	837.887467	837.897667	
20.13559	868.919422	868.920895	837.887467	837.897667	
20.14582	868.919422	868.920895	837.887467	837.897667	
20.15595	868.919422	868.920895	837.887467	837.897667	
20.16607	868.919422	868.920895	837.887467	837.897667	
20.1763	868.919422	868.920895	837.887467	837.897667	
20.18637	868.919422	868.920895	837.887467	837.897667	
20.19658	868.919422	868.920895	837.887467	837.897667	
20.20676	868.919422	868.920895	837.887467	837.897667	
20.21683	868.919422	868.920895	837.887467	837.897667	
20.22702	868.919422	868.920895	837.887467	837.897667	
20.23718	868.919422	868.920895	837.887467	837.897667	
20.24735	868.919422	868.920895	837.887467	837.897667	
20.25751	868.919422	868.920895	837.887467	837.897667	
20.26762	868.919422	868.920895	837.887467	837.897667	
20.27779	868.919422	868.920895	837.887467	837.897667	
20.28789	868.919422	868.920895	837.887467	837.897667	
20.29806	868.919422	868.920895	837.887467	837.897667	
20.30821	868.919422	868.920895	837.887467	837.897667	
20.31835	868.919422	868.920895	837.887467	837.897667	
20.32862	868.919422	868.920895	837.887467	837.897667	
20.33876	868.919422	868.920895	837.887467	837.897667	
20.34884	868.919422	868.920895	837.887467	837.897667	
20.35902	868.919422	868.920895	837.887467	837.897667	
20.3691	868.919422	868.920895	837.887467	837.897667	
20.3795	868.919422	868.920895	837.887467	837.897667	
20.38942	868.919422	868.920895	837.887467	837.897667	
20.39957	868.919422	868.920895	837.887467	837.897667	
20.40979	868.919422	868.920895	837.887467	837.897667	
20.41987	868.919422	868.920895	837.887467	837.897667	
20.43005	868.919422	868.920895	837.887467	837.897667	
20.45057	868.919422	868.920895	837.887467	837.897667	
20.4613	868.919422	868.920895	837.887467	837.897667	
