10.83933	
10.84395	
10.85406	
10.8642	
10.87438	
10.88454	
10.89488	
10.90485	
10.91498	
10.92516	
10.93532	
10.94548	
10.95561	
10.96576	
10.9759	
10.98612	
10.99622	
11.00642	
11.01659	
11.02672	
11.0368	
11.04699	
11.05713	
11.06731	
11.07739	
11.08758	
11.09774	
11.10784	
11.11797	
11.1281	
11.13838	
11.1484	
11.15855	
11.1687	
11.18671	
11.19132	
11.20127	
11.21151	
11.22162	
11.23177	
11.24196	
11.25207	
11.26223	
11.27242	
11.28252	
11.29269	
11.30287	
11.31305	
11.32319	
11.33334	
11.34348	
11.35366	
11.3638	
11.37394	
11.3841	
11.39432	
11.40443	
11.41454	
11.42474	
11.43489	
11.44502	
11.45517	
11.46533	
11.47557	
11.48567	
11.49582	
11.50621	
11.51612	
11.52628	
11.53647	
11.54659	
11.55671	
11.56686	
11.577	
11.58715	
11.59729	
11.60751	
11.6176	
11.62772	
11.63786	
11.64801	
11.6582	
11.6683	
11.67844	
11.68861	
11.69872	
11.70891	
11.71905	
11.72918	
11.73929	
11.74945	
11.75958	
11.76973	
11.77986	
11.79002	
11.80014	
11.81038	
11.82051	
11.83064	
11.84083	
11.85096	
11.86111	
11.87126	
11.88145	
11.89161	
11.90181	
11.91192	
11.92234	
11.93224	
11.95235	
11.95676	
11.9669	
11.97703	
11.98718	
11.99728	
12.00753	
12.01761	
12.02779	
12.03788	
12.04803	
12.05821	
12.06832	
12.07846	
12.08863	
12.09887	
12.10894	
12.11946	
12.12921	
12.13939	
12.14948	
12.15963	
12.16978	
12.17991	
12.19004	
12.20018	
12.21828	
12.22266	
12.23283	
12.24304	
12.25315	
12.2633	
12.2735	
12.28362	
12.29381	
12.30397	
12.31418	
12.32429	
12.33442	
12.34466	
12.35476	
12.3649	
12.37504	
12.3852	
12.39541	
12.4055	
12.41567	
12.42582	
12.43596	
12.4462	
12.45626	
12.46646	
12.47686	
12.48697	
12.49712	
12.50727	
12.5175	
12.52762	
12.53776	
12.54789	
12.55804	
12.56818	
12.57841	
12.58846	
12.59859	
12.60883	
12.6272	
12.63161	
12.64176	
12.6519	
12.66207	
12.67223	
12.68242	
12.69248	
12.70269	
12.71286	
12.723	
12.7339	
12.74331	
12.75348	
12.76367	
12.77378	
12.78396	
12.7942	
12.80457	
12.81447	
12.82461	
12.83471	
12.84487	
12.85502	
12.86544	
12.87535	
12.88549	
12.89582	
12.90576	
12.91596	
12.9261	
12.93626	
12.94646	
12.95677	
12.9669	
12.97689	
12.98703	
12.99708	
13.0124	693.962481	693.960364	662.991613	662.989496	
13.01739	693.963162	693.960364	662.992295	662.989496	
13.02762	693.96535	693.960364	662.994483	662.989496	
13.03769	693.96811	693.960364	662.997243	662.989496	
13.04806	693.971605	693.960364	663.000738	662.998223	
13.05802	693.975542	693.960364	663.004675	662.998223	
13.06812	693.980154	693.960364	663.009286	662.998223	
13.07828	693.985413	693.960364	663.014546	662.998223	
13.0884	693.991264	693.969091	663.020396	662.998223	
13.09858	693.997778	693.969091	663.02691	662.998223	
13.10878	694.004922	693.969091	663.034055	663.00695	
13.11902	694.01273	693.969091	663.041862	663.00695	
13.12909	694.021009	693.969091	663.050142	663.015676	
13.13921	694.029949	693.977817	663.059081	663.015676	
13.14932	694.039487	693.977817	663.06862	663.024403	
13.1597	694.049942	693.977817	663.079074	663.03313	
13.16964	694.060527	693.977817	663.08966	663.041856	
13.17984	694.072028	693.986544	663.10116	663.050583	
13.18997	694.084055	693.99527	663.113187	663.059309	
13.20009	694.096694	694.003997	663.125826	663.076763	
13.22682	694.135689	694.030177	663.164821	663.102943	
13.23141	694.142194	694.04763	663.171326	663.120396	
13.24155	694.157376	694.065084	663.186508	663.146576	
13.2517	694.173203	694.091264	663.202335	663.164029	
13.26187	694.189667	694.117444	663.2188	663.190209	
13.27203	694.206735	694.15235	663.235867	663.216389	
13.28224	694.224535	694.187257	663.253667	663.233842	
13.29235	694.242736	694.222163	663.271868	663.260022	
13.30247	694.261592	694.25707	663.290725	663.286202	
13.31268	694.281237	694.291976	663.31037	663.312382	
13.33097	694.318909	694.353063	663.348041	663.356015	
13.33559	694.328332	694.370516	663.357464	663.364742	
13.34573	694.349841	694.405423	663.378974	663.382195	
13.35582	694.371876	694.440329	663.401009	663.399649	
13.36604	694.3948	694.466509	663.423933	663.425829	
13.37681	694.419715	694.501416	663.448848	663.452009	
13.38656	694.442761	694.536323	663.471894	663.469462	
13.39653	694.466964	694.553776	663.496097	663.486915	
13.40681	694.492562	694.579956	663.521694	663.504368	
13.41684	694.518107	694.606136	663.547239	663.530548	
13.42952	694.551514	694.623589	663.580646	663.556728	
13.43962	694.578708	694.641042	663.60784	663.574182	
13.44977	694.606502	694.658496	663.635635	663.600362	
13.45992	694.634996	694.667222	663.664128	663.626541	
13.47009	694.66416	694.675949	663.693293	663.652721	
13.48854	694.719605	694.693402	663.748738	663.705081	
13.4931	694.73323	694.702129	663.762362	663.722535	
13.50324	694.76434	694.710855	663.793472	663.757441	
13.51339	694.796083	694.728309	663.825215	663.792348	
13.52563	694.835392	694.745762	663.864524	663.827254	
13.53373	694.861624	694.763215	663.890757	663.870888	
13.54388	694.895254	694.789395	663.924386	663.905794	
13.55407	694.929603	694.815575	663.958735	663.949427	
13.56416	694.964229	694.850482	663.993361	663.984334	
13.57434	694.999802	694.885388	664.028935	664.027967	
13.5845	695.035921	694.929022	664.065054	664.062874	
13.59469	695.072785	694.972655	664.101918	664.09778	
13.60483	695.110051	695.025015	664.139183	664.132687	
13.61494	695.147841	695.077375	664.176973	664.17632	
13.62805	695.19802	695.129734	664.227152	664.211227	
13.63529	695.225901	695.182094	664.255034	664.246133	
13.64542	695.265612	695.251908	664.294744	664.289767	
13.6556	695.306133	695.304267	664.335266	664.324673	
13.6657	695.346962	695.365354	664.376094	664.368306	
13.67591	695.38886	695.417714	664.417993	664.403213	
13.68602	695.430941	695.4788	664.460074	664.446846	
13.69614	695.473708	695.539887	664.502841	664.481753	
13.70658	695.518505	695.592247	664.547637	664.525386	
13.71682	695.56301	695.653333	664.592142	664.569019	
13.72933	695.61937	695.705693	664.648502	664.612653	
13.73702	695.652814	695.749326	664.681946	664.656286	
13.74711	695.698471	695.79296	664.727604	664.699919	
13.75727	695.745136	695.845319	664.774269	664.752279	
13.76765	695.793636	695.888953	664.822768	664.804639	
13.77761	695.840408	695.932586	664.86954	664.856999	
13.78779	695.88902	695.967493	664.918153	664.900632	
13.79793	695.938033	696.011126	664.967166	664.961718	
13.80806	695.987643	696.046032	665.016775	665.005352	
13.81832	696.038504	696.080939	665.067637	665.066438	
13.83055	696.100149	696.115846	665.129282	665.110071	
13.83859	696.140928	696.159479	665.17006	665.162431	
13.84872	696.192988	696.194385	665.222121	665.214791	
13.85892	696.246035	696.229292	665.275167	665.267151	
13.86898	696.298977	696.272925	665.32811	665.319511	
13.87952	696.355127	696.316558	665.38426	665.363144	
13.88948	696.408733	696.360192	665.437866	665.415504	
13.89986	696.465287	696.403825	665.49442	665.459137	
13.91002	696.52125	696.456185	665.550383	665.511497	
13.92013	696.577532	696.508545	665.606665	665.563857	
13.94988	696.750305	696.604538	665.779438	665.677303	
13.95458	696.777338	696.691804	665.806471	665.76457	
13.96461	696.83586	696.752891	665.864993	665.834383	
13.97473	696.895555	696.822704	665.924687	665.904196	
13.98495	696.956457	696.88379	665.985589	665.974009	
13.99506	697.017265	696.96233	666.046397	666.043822	
14.00522	697.079031	697.032143	666.108163	666.113636	
14.01539	697.141497	697.110683	666.170629	666.183449	
14.02552	697.204307	697.189223	666.23344	666.253262	
14.03868	697.287162	697.267763	666.316294	666.314349	
14.04587	697.332435	697.346303	666.361567	666.375435	
14.05603	697.397343	697.433569	666.426476	666.436522	
14.06625	697.463199	697.512109	666.492331	666.506335	
14.07652	697.531595	697.590649	666.560728	666.567421	
14.0865	697.595572	697.677915	666.624704	666.619781	
14.09658	697.662422	697.747728	666.691554	666.680868	
14.1068	697.730743	697.834995	666.759876	666.741954	
14.11713	697.800512	697.904808	666.829644	666.794314	
14.12703	697.867932	697.983348	666.897064	666.855401	
14.13998	697.957232	698.061888	666.986365	666.925214	
14.14738	698.008442	698.131701	667.037575	666.9863	
14.15752	698.079359	698.192787	667.108491	667.056113	
14.1677	698.151422	698.253874	667.180554	667.125927	
14.17783	698.223217	698.323687	667.25235	667.204466	
14.18818	698.297564	698.376047	667.326696	667.283006	
14.19813	698.36955	698.44586	667.398682	667.370273	
14.20828	698.443569	698.506947	667.472702	667.448813	
14.21848	698.518646	698.568033	667.547779	667.536079	
14.22857	698.593514	698.620393	667.622646	667.623345	
14.24104	698.687114	698.690206	667.716247	667.710612	
14.24926	698.749029	698.751293	667.778162	667.789152	
14.25934	698.825668	698.812379	667.854801	667.867692	
14.26949	698.903436	698.882192	667.932569	667.946231	
14.27958	698.981369	698.952006	668.010501	668.024771	
14.28981	699.061109	699.021819	668.090242	668.094584	
14.29996	699.140693	699.091632	668.169825	668.173124	
14.31009	699.220885	699.170172	668.250018	668.242937	
14.32027	699.301936	699.248712	668.331069	668.312751	
14.33048	699.383974	699.327251	668.413106	668.382564	
14.3409	699.468291	699.405791	668.497423	668.452377	
14.35104	699.550974	699.493058	668.580107	668.52219	
14.36118	699.634291	699.571597	668.663424	668.60073	
14.37137	699.718652	699.650137	668.747785	668.67927	
14.38146	699.802743	699.737404	668.831875	668.766536	
14.39166	699.888421	699.82467	668.917553	668.853803	
14.4018	699.974175	699.911937	669.003308	668.949796	
14.41198	700.060874	699.999203	669.090007	669.045789	
14.42214	700.148055	700.08647	669.177188	669.141782	
14.43229	700.235812	700.182463	669.264945	669.237775	
14.44251	700.324769	700.278456	669.353901	669.333768	
14.45278	700.414812	700.365722	669.443944	669.438488	
14.4628	700.503197	700.470442	669.53233	669.543208	
14.47301	700.593899	700.557708	669.623031	669.639201	
14.48314	700.684602	700.662428	669.713734	669.743921	
14.49327	700.775739	700.767148	669.804872	669.831187	
14.50342	700.867848	700.863141	669.896981	669.92718	
14.51354	700.960217	700.959134	669.989349	670.014447	
14.52378	701.05436	701.063854	670.083492	670.101713	
14.53386	701.147647	701.168574	670.176779	670.180253	
14.544	701.242061	701.264567	670.271193	670.267519	
14.55435	701.33908	701.36056	670.368212	670.346059	
14.56438	701.433712	701.46528	670.462844	670.433326	
14.57452	701.529954	701.561273	670.559086	670.520592	
14.58467	701.626986	701.657266	670.656118	670.607858	
14.59482	701.724559	701.753259	670.753691	670.695125	
14.605	701.823101	701.849252	670.852234	670.791118	
14.61517	701.922109	701.945245	670.951241	670.887111	
14.62531	702.021479	702.041238	671.050611	670.991831	
14.63548	702.121764	702.137231	671.150897	671.096551	
14.64562	702.22234	702.233225	671.251472	671.20127	
14.65601	702.326202	702.320491	671.355335	671.314717	
14.66598	702.426254	702.416484	671.455386	671.428163	
14.6761	702.528542	702.512477	671.557674	671.532883	
14.68626	702.632337	702.617197	671.66147	671.646329	
14.69685	702.740206	702.704463	671.769338	671.759776	
14.70663	702.840706	702.809183	671.869838	671.873222	
14.71673	702.945296	702.913903	671.974428	671.986669	
14.72685	703.050625	703.018623	672.079757	672.091388	
14.73706	703.157518	703.123342	672.186651	672.196108	
14.74714	703.263741	703.228062	672.292874	672.300828	
14.75843	703.383396	703.350235	672.412528	672.423001	
14.76848	703.490439	703.463682	672.519572	672.527721	
14.77867	703.599742	703.577128	672.628875	672.63244	
14.78883	703.709201	703.690574	672.738334	672.728434	
14.79938	703.823643	703.804021	672.852775	672.833153	
14.80911	703.929702	703.926194	672.958834	672.929146	
14.81923	704.038791	704.03964	673.067924	673.033866	
14.82934	704.147278	704.153087	673.17641	673.138586	
14.83944	704.254992	704.27526	673.284124	673.243306	
14.85997	704.470835	704.484699	673.499967	673.435292	
14.86461	704.519743	704.563239	673.548875	673.513832	
14.87477	704.625835	704.685412	673.654967	673.627278	
14.88492	704.731393	704.798859	673.760525	673.749451	
14.89501	704.835626	704.921032	673.864759	673.862898	
14.90525	704.940871	705.025751	673.970003	673.976344	
14.91538	705.044393	705.147924	674.073526	674.098517	
14.92554	705.147634	705.252644	674.176766	674.211963	
14.93573	705.250456	705.366091	674.279589	674.316683	
14.94582	705.351703	705.47081	674.380836	674.421403	
14.95605	705.453795	705.57553	674.482927	674.526123	
14.96636	705.556076	705.671523	674.585208	674.622116	
14.97636	705.654595	705.776243	674.683728	674.709382	
14.98656	705.754576	705.863509	674.783708	674.805375	
14.99659	705.852274	705.950776	674.881407	674.883915	
15.00684	705.951414	706.046769	674.980546	674.971182	
15.01701	706.049211	706.125309	675.078344	675.058448	
15.02711	706.145795	706.212575	675.174927	675.145715	
15.03725	706.242041	706.291115	675.271174	675.232981	
15.04736	706.337534	706.369655	675.366667	675.320247	
15.058	706.437291	706.439468	675.466424	675.407514	
15.06783	706.528993	706.526734	675.558125	675.503507	
15.07791	706.622253	706.596548	675.651385	675.590774	
15.08807	706.715727	706.666361	675.74486	675.686767	
15.09822	706.808486	706.753627	675.837619	675.791486	
15.10834	706.900451	706.82344	675.929584	675.896206	
15.1185	706.992054	706.910707	676.021187	676.000926	
15.12865	707.083025	706.989247	676.112157	676.105646	
15.13887	707.173989	707.067787	676.203121	676.210365	
15.14899	707.263455	707.16378	676.292587	676.315085	
15.15944	707.355283	707.251046	676.384415	676.411078	
15.16931	707.441324	707.347039	676.470456	676.507071	
15.17951	707.529675	707.434306	676.558807	676.594338	
15.18963	707.616793	707.539025	676.645926	676.690331	
15.19976	707.703301	707.626292	676.732433	676.768871	
15.20995	707.789777	707.731012	676.81891	676.856137	
15.22008	707.87511	707.835731	676.904242	676.934677	
15.23022	707.959906	707.931725	676.989039	677.013217	
15.24038	708.044305	708.027718	677.073437	677.08303	
15.25051	708.127836	708.132437	677.156968	677.152843	
15.26091	708.212942	708.228431	677.242074	677.222656	
15.27178	708.30125	708.324424	677.330382	677.301196	
15.28188	708.382674	708.420417	677.411807	677.379736	
15.29206	708.464101	708.51641	677.493234	677.458276	
15.30218	708.544497	708.603676	677.573629	677.536816	
15.31238	708.624868	708.690943	677.654	677.606629	
15.32257	708.704567	708.778209	677.733699	677.693895	
15.33268	708.783051	708.865476	677.812183	677.781162	
15.34285	708.861461	708.944016	677.890593	677.868428	
15.35301	708.939074	709.022555	677.968207	677.955695	
15.36314	709.015889	709.092369	678.045021	678.042961	
15.38308	709.164318	709.170908	678.19345	678.138954	
15.38772	709.198881	709.258175	678.228013	678.252401	
15.39785	709.273649	709.327988	678.302782	678.339667	
15.40797	709.347758	709.397801	678.376891	678.426934	
15.4182	709.422056	709.458888	678.451189	678.505473	
15.42828	709.494667	709.528701	678.523799	678.584013	
15.43842	709.567113	709.589787	678.596245	678.653826	
15.44857	709.638978	709.650874	678.66811	678.714913	
15.45879	709.710795	709.720687	678.739927	678.775999	
15.4777	709.842925	709.781774	678.872058	678.828359	
15.48416	709.885471	709.877767	678.914603	678.915626	
15.49427	709.954391	709.938853	678.983524	678.967986	
15.50441	710.02292	709.99994	679.052053	679.020345	
15.51459	710.091099	710.069753	679.120231	679.081432	
15.52473	710.158462	710.139566	679.187594	679.142519	
15.53489	710.225301	710.200653	679.254433	679.203605	
15.54507	710.291652	710.261739	679.320785	679.273418	
15.55523	710.357328	710.331552	679.38646	679.343231	
15.56533	710.421958	710.392639	679.45109	679.413045	
15.57781	710.500883	710.453725	679.530015	679.491584	
15.58571	710.550546	710.523538	679.579678	679.561398	
15.59591	710.613979	710.593352	679.643111	679.639937	
15.606	710.676186	710.663165	679.705318	679.718477	
15.6161	710.737834	710.724251	679.766966	679.797017	
15.6264	710.800113	710.794065	679.829246	679.875557	
15.63648	710.860405	710.863878	679.889538	679.94537	
15.64661	710.920479	710.933691	679.949611	680.006457	
15.65698	710.981282	711.012231	680.010414	680.067543	
15.66707	711.03992	711.082044	680.069052	680.119903	
15.67907	711.108765	711.151857	680.137898	680.180989	
15.68753	711.156899	711.212944	680.186031	680.224623	
15.69764	711.213793	711.282757	680.242926	680.276983	
15.70771	711.269873	711.343843	680.299005	680.320616	
15.71784	711.325709	711.40493	680.354841	680.364249	
15.72819	711.382142	711.466016	680.411275	680.399156	
15.73815	711.435862	711.527103	680.464995	680.442789	
15.74829	711.489902	711.579463	680.519034	680.486422	
15.75845	711.54351	711.631823	680.572642	680.538782	
15.76859	711.596378	711.675456	680.625511	680.582415	
15.7876	711.692964	711.727816	680.722096	680.634775	
15.79219	711.716353	711.780176	680.745486	680.704588	
15.80245	711.767814	711.815082	680.796947	680.765675	
15.8125	711.81769	711.858715	680.846823	680.826761	
15.82264	711.867388	711.902349	680.89652	680.887848	
15.83283	711.916721	711.937255	680.945854	680.957661	
15.84299	711.965321	711.972162	680.994453	681.018747	
15.85316	712.013363	712.007068	681.042495	681.079834	
15.86329	712.06064	712.041975	681.089772	681.132194	
15.87343	712.107358	712.076882	681.13649	681.184554	
15.88565	712.162762	712.111788	681.191894	681.236914	
15.89381	712.199409	712.146695	681.228542	681.27182	
15.90398	712.244441	712.181601	681.273573	681.315453	
15.91411	712.288694	712.216508	681.317827	681.35036	
15.92423	712.33235	712.260141	681.361482	681.385267	
15.93439	712.375558	712.295048	681.40469	681.420173	
15.95422	712.4571	712.373587	681.486232	681.48126	
15.95887	712.476274	712.391041	681.505406	681.489986	
15.96901	712.517364	712.443401	681.546497	681.516166	
15.97941	712.558919	712.478307	681.588052	681.551073	
15.99112	712.604845	712.530667	681.633977	681.585979	
16.00126	712.644044	712.583027	681.673177	681.620886	
16.01137	712.682524	712.62666	681.711657	681.655793	
16.02158	712.720841	712.670293	681.749974	681.699426	
16.03172	712.758287	712.722653	681.787419	681.743059	
16.04194	712.795399	712.75756	681.824531	681.795419	
16.05211	712.831746	712.80992	681.860878	681.839052	
16.06229	712.867516	712.853553	681.896648	681.900139	
16.0724	712.902492	712.897186	681.931624	681.943772	
16.08264	712.937304	712.949546	681.966436	681.996132	
16.0941	712.975467	712.993179	682.0046	682.048492	
16.10401	713.007925	713.036813	682.037058	682.092125	
16.11417	713.040638	713.071719	682.069771	682.135758	
16.12432	713.072683	713.115352	682.101815	682.161938	
16.13442	713.104011	713.158986	682.133144	682.188118	
16.14469	713.135268	713.193892	682.1644	682.214298	
16.15486	713.165626	713.228799	682.194758	682.231751	
16.16499	713.195276	713.263705	682.224408	682.249205	
16.17513	713.224382	713.281159	682.253515	682.257931	
16.18533	713.253057	713.316065	682.282189	682.275385	
16.19689	713.284753	713.333519	682.313886	682.292838	
16.20673	713.311213	713.359699	682.340345	682.310291	
16.21683	713.3378	713.377152	682.366933	682.327744	
16.227	713.363977	713.385878	682.393109	682.353924	
16.23708	713.38935	713.403332	682.418482	682.371378	
16.24723	713.414301	713.420785	682.443434	682.397558	
16.2575	713.438949	713.420785	682.468082	682.423738	
16.26757	713.462574	713.438238	682.491706	682.458644	
16.27773	713.485786	713.446965	682.514918	682.484824	
16.28813	713.508962	713.455692	682.538094	682.519731	
16.29924	713.532996	713.464418	682.562128	682.563364	
16.30952	713.55465	713.473145	682.583783	682.589544	
16.31943	713.574984	713.490598	682.604116	682.62445	
16.3296	713.595277	713.499325	682.62441	682.65063	
16.33984	713.615118	713.516778	682.644251	682.685537	
16.34991	713.634044	713.534231	682.663177	682.70299	
16.36007	713.652583	713.560411	682.681715	682.72917	
16.37025	713.670585	713.577865	682.699717	682.746623	
16.38038	713.687917	713.612771	682.71705	682.764077	
16.39088	713.705259	713.638951	682.734392	682.772803	
16.41025	713.734719	713.673858	682.763852	682.78153	
16.42293	713.753348	713.708764	682.782481	682.790257	
16.42753	713.760083	713.752398	682.789215	682.790257	
16.43796	713.774628	713.778578	682.80376	682.790257	
16.44781	713.787834	713.804757	682.816966	682.790257	
16.45795	713.800882	713.839664	682.830015	682.798983	
16.46812	713.813401	713.865844	682.842533	682.798983	
16.47823	713.825304	713.892024	682.854436	682.80771	
16.48843	713.836745	713.909477	682.865877	682.816437	
16.50037	713.849333	713.935657	682.878466	682.825163	
16.50884	713.857951	713.95311	682.887084	682.842617	
16.51897	713.867677	713.961837	682.89681	682.86007	
16.52907	713.876838	713.97929	682.90597	682.877523	
16.53917	713.885473	713.97929	682.914606	682.903703	
16.54964	713.893845	713.97929	682.922977	682.921156	
16.55946	713.901221	713.97929	682.930353	682.947336	
16.56967	713.908354	713.97929	682.937487	682.96479	
16.57986	713.914952	713.97929	682.944084	682.982243	
16.58994	713.920969	713.97929	682.950102	682.99097	
16.60012	713.92655	713.970564	682.955682	682.999696	
16.61823	713.934535	713.961837	682.963667	683.008423	
16.62287	713.936636	713.961837	682.965768	682.999696	
16.63299	713.940633	713.95311	682.969765	682.999696	
16.6431	713.944177	713.944384	682.973309	682.99097	
16.6533	713.947312	713.944384	682.976445	682.982243	
16.66347	713.950015	713.935657	682.979147	682.982243	
16.67365	713.952319	713.935657	682.981452	682.973516	
16.68381	713.954239	713.935657	682.983372	682.96479	
16.69391	713.9558	713.944384	682.984932	682.96479	
16.70673	713.960364	713.944384	682.989496	682.956063	
16.7143	713.960364	713.944384	682.989496	682.956063	
16.72444	713.960364	713.944384	682.989496	682.956063	
16.73462	713.960364	713.95311	682.989496	682.96479	
16.74473	713.960364	713.95311	682.989496	682.96479	
16.75498	713.960364	713.95311	682.989496	682.973516	
16.76508	713.960364	713.95311	682.989496	682.982243	
16.77524	713.960364	713.95311	682.989496	682.982243	
16.78544	713.960364	713.95311	682.989496	682.99097	
16.79552	713.960364	713.944384	682.989496	682.999696	
16.80746	713.960364	713.944384	682.989496	683.008423	
16.81597	713.960364	713.944384	682.989496	683.008423	
16.82607	713.960364	713.944384	682.989496	683.008423	
16.83626	713.960364	713.944384	682.989496	683.008423	
16.84643	713.960364	713.944384	682.989496	682.999696	
16.85667	713.960364	713.944384	682.989496	682.999696	
16.86675	713.960364	713.944384	682.989496	682.999696	
16.87684	713.960364	713.944384	682.989496	682.99097	
16.88699	713.960364	713.944384	682.989496	682.99097	
16.89717	713.960364	713.944384	682.989496	682.99097	
16.90725	713.960364	713.944384	682.989496	682.99097	
16.9175	713.960364	713.944384	682.989496	682.999696	
16.92759	713.960364	713.944384	682.989496	682.999696	
16.93786	713.960364	713.944384	682.989496	682.999696	
16.94796	713.960364	713.944384	682.989496	682.999696	
16.95809	713.960364	713.944384	682.989496	682.999696	
16.96826	713.960364	713.944384	682.989496	682.999696	
16.97843	713.960364	713.944384	682.989496	682.999696	
16.98854	713.960364	713.944384	682.989496	682.999696	
16.99868	713.960364	713.944384	682.989496	682.999696	
17.01664	713.960364	713.944384	682.989496	682.999696	
17.02122	713.960364	713.944384	682.989496	682.999696	
17.03137	713.960364	713.944384	682.989496	682.999696	
17.04956	713.960364	713.944384	682.989496	682.999696	
17.05414	713.960364	713.944384	682.989496	682.999696	
17.06431	713.960364	713.944384	682.989496	682.999696	
17.07454	713.960364	713.944384	682.989496	682.999696	
17.08462	713.960364	713.944384	682.989496	682.999696	
17.09476	713.960364	713.944384	682.989496	682.999696	
17.10492	713.960364	713.944384	682.989496	682.999696	
17.1151	713.960364	713.944384	682.989496	682.999696	
17.12525	713.960364	713.944384	682.989496	682.999696	
17.1354	713.960364	713.944384	682.989496	682.999696	
17.14559	713.960364	713.944384	682.989496	682.999696	
17.15574	713.960364	713.944384	682.989496	682.999696	
17.16587	713.960364	713.944384	682.989496	682.999696	
17.17605	713.960364	713.944384	682.989496	682.999696	
17.18619	713.960364	713.944384	682.989496	682.999696	
17.19634	713.960364	713.944384	682.989496	682.999696	
17.20648	713.960364	713.944384	682.989496	682.999696	
17.21664	713.960364	713.944384	682.989496	682.999696	
17.22684	713.960364	713.944384	682.989496	682.999696	
17.23695	713.960364	713.944384	682.989496	682.999696	
17.24704	713.960364	713.944384	682.989496	682.999696	
17.25729	713.960364	713.944384	682.989496	682.999696	
17.2674	713.960364	713.944384	682.989496	682.999696	
17.27755	713.960364	713.944384	682.989496	682.999696	
17.28772	713.960364	713.944384	682.989496	682.999696	
17.29786	713.960364	713.944384	682.989496	682.999696	
17.30807	713.960364	713.944384	682.989496	682.999696	
17.31815	713.960364	713.944384	682.989496	682.999696	
17.32829	713.960364	713.944384	682.989496	682.999696	
17.3385	713.960364	713.944384	682.989496	682.999696	
17.34861	713.960364	713.944384	682.989496	682.999696	
17.35885	713.960364	713.944384	682.989496	682.999696	
17.36899	713.960364	713.944384	682.989496	682.999696	
17.37909	713.960364	713.944384	682.989496	682.999696	
17.38925	713.960364	713.944384	682.989496	682.999696	
17.39934	713.960364	713.944384	682.989496	682.999696	
17.40973	713.960364	713.944384	682.989496	682.999696	
17.41966	713.960364	713.944384	682.989496	682.999696	
17.42981	713.960364	713.944384	682.989496	682.999696	
17.43995	713.960364	713.944384	682.989496	682.999696	
17.45011	713.960364	713.944384	682.989496	682.999696	
17.46038	713.960364	713.944384	682.989496	682.999696	
17.47049	713.960364	713.944384	682.989496	682.999696	
17.48064	713.960364	713.944384	682.989496	682.999696	
17.49085	713.960364	713.944384	682.989496	682.999696	
17.50091	713.960364	713.944384	682.989496	682.999696	
17.51104	713.960364	713.944384	682.989496	682.999696	
17.52129	713.960364	713.944384	682.989496	682.999696	
17.5314	713.960364	713.944384	682.989496	682.999696	
17.54155	713.960364	713.944384	682.989496	682.999696	
17.55173	713.960364	713.944384	682.989496	682.999696	
17.56192	713.960364	713.944384	682.989496	682.999696	
17.57997	713.960364	713.944384	682.989496	682.999696	
17.58454	713.960364	713.944384	682.989496	682.999696	
17.59479	713.960364	713.944384	682.989496	682.999696	
17.60485	713.960364	713.944384	682.989496	682.999696	
17.615	713.960364	713.944384	682.989496	682.999696	
17.62518	713.960364	713.944384	682.989496	682.999696	
17.63532	713.960364	713.944384	682.989496	682.999696	
17.64547	713.960364	713.944384	682.989496	682.999696	
17.65562	713.960364	713.944384	682.989496	682.999696	
17.66599	713.960364	713.944384	682.989496	682.999696	
17.67594	713.960364	713.944384	682.989496	682.999696	
17.68608	713.960364	713.944384	682.989496	682.999696	
17.69621	713.960364	713.944384	682.989496	682.999696	
17.70642	713.960364	713.944384	682.989496	682.999696	
17.71656	713.960364	713.944384	682.989496	682.999696	
17.72669	713.960364	713.944384	682.989496	682.999696	
17.73684	713.960364	713.944384	682.989496	682.999696	
17.74698	713.960364	713.944384	682.989496	682.999696	
17.75713	713.960364	713.944384	682.989496	682.999696	
17.76728	713.960364	713.944384	682.989496	682.999696	
17.77752	713.960364	713.944384	682.989496	682.999696	
17.78758	713.960364	713.944384	682.989496	682.999696	
17.79773	713.960364	713.944384	682.989496	682.999696	
17.80785	713.960364	713.944384	682.989496	682.999696	
17.81803	713.960364	713.944384	682.989496	682.999696	
17.82824	713.960364	713.944384	682.989496	682.999696	
17.83834	713.960364	713.944384	682.989496	682.999696	
17.84849	713.960364	713.944384	682.989496	682.999696	
17.85872	713.960364	713.944384	682.989496	682.999696	
17.86885	713.960364	713.944384	682.989496	682.999696	
17.87902	713.960364	713.944384	682.989496	682.999696	
17.88924	713.960364	713.944384	682.989496	682.999696	
17.89926	713.960364	713.944384	682.989496	682.999696	
17.90972	713.960364	713.944384	682.989496	682.999696	
17.91959	713.960364	713.944384	682.989496	682.999696	
17.9297	713.960364	713.944384	682.989496	682.999696	
17.95121	713.960364	713.944384	682.989496	682.999696	
17.9558	713.960364	713.944384	682.989496	682.999696	
17.96595	713.960364	713.944384	682.989496	682.999696	
17.97612	713.960364	713.944384	682.989496	682.999696	
17.98634	713.960364	713.944384	682.989496	682.999696	
17.99638	713.960364	713.944384	682.989496	682.999696	
18.00656	713.960364	713.944384	682.989496	682.999696	
18.0167	713.960364	713.944384	682.989496	682.999696	
18.0269	713.960364	713.944384	682.989496	682.999696	
18.03702	713.960364	713.944384	682.989496	682.999696	
18.04716	713.960364	713.944384	682.989496	682.999696	
18.05734	713.960364	713.944384	682.989496	682.999696	
18.06751	713.960364	713.944384	682.989496	682.999696	
18.0776	713.960364	713.944384	682.989496	682.999696	
18.08803	713.960364	713.944384	682.989496	682.999696	
18.09816	713.960364	713.944384	682.989496	682.999696	
18.10834	713.960364	713.944384	682.989496	682.999696	
18.11844	713.960364	713.944384	682.989496	682.999696	
18.1286	713.960364	713.944384	682.989496	682.999696	
18.14676	713.960364	713.944384	682.989496	682.999696	
18.15133	713.960364	713.944384	682.989496	682.999696	
18.16151	713.960364	713.944384	682.989496	682.999696	
18.17162	713.960364	713.944384	682.989496	682.999696	
18.18183	713.960364	713.944384	682.989496	682.999696	
18.192	713.960364	713.944384	682.989496	682.999696	
18.20214	713.960364	713.944384	682.989496	682.999696	
18.21236	713.960364	713.944384	682.989496	682.999696	
18.2225	713.960364	713.944384	682.989496	682.999696	
18.23266	713.960364	713.944384	682.989496	682.999696	
18.24282	713.960364	713.944384	682.989496	682.999696	
18.25298	713.960364	713.944384	682.989496	682.999696	
18.26312	713.960364	713.944384	682.989496	682.999696	
18.27332	713.960364	713.944384	682.989496	682.999696	
18.28342	713.960364	713.944384	682.989496	682.999696	
18.2936	713.960364	713.944384	682.989496	682.999696	
18.30376	713.960364	713.944384	682.989496	682.999696	
18.31396	713.960364	713.944384	682.989496	682.999696	
18.32416	713.960364	713.944384	682.989496	682.999696	
18.33426	713.960364	713.944384	682.989496	682.999696	
18.34442	713.960364	713.944384	682.989496	682.999696	
18.35464	713.960364	713.944384	682.989496	682.999696	
18.36473	713.960364	713.944384	682.989496	682.999696	
18.37489	713.960364	713.944384	682.989496	682.999696	
18.38507	713.960364	713.944384	682.989496	682.999696	
18.39523	713.960364	713.944384	682.989496	682.999696	
18.40558	713.960364	713.944384	682.989496	682.999696	
18.4157	713.960364	713.944384	682.989496	682.999696	
18.42587	713.960364	713.944384	682.989496	682.999696	
18.43607	713.960364	713.944384	682.989496	682.999696	
18.44622	713.960364	713.944384	682.989496	682.999696	
18.45651	713.960364	713.944384	682.989496	682.999696	
18.46654	713.960364	713.944384	682.989496	682.999696	
18.47668	713.960364	713.944384	682.989496	682.999696	
18.49705	713.960364	713.944384	682.989496	682.999696	
18.50164	713.960364	713.944384	682.989496	682.999696	
18.51177	713.960364	713.944384	682.989496	682.999696	
18.52197	713.960364	713.944384	682.989496	682.999696	
18.53213	713.960364	713.944384	682.989496	682.999696	
18.5423	713.960364	713.944384	682.989496	682.999696	
18.55244	713.960364	713.944384	682.989496	682.999696	
18.56266	713.960364	713.944384	682.989496	682.999696	
18.57277	713.960364	713.944384	682.989496	682.999696	
18.58292	713.960364	713.944384	682.989496	682.999696	
18.59308	713.960364	713.944384	682.989496	682.999696	
18.60326	713.960364	713.944384	682.989496	682.999696	
18.61342	713.960364	713.944384	682.989496	682.999696	
18.62358	713.960364	713.944384	682.989496	682.999696	
18.63374	713.960364	713.944384	682.989496	682.999696	
18.64393	713.960364	713.944384	682.989496	682.999696	
18.65403	713.960364	713.944384	682.989496	682.999696	
18.66423	713.960364	713.944384	682.989496	682.999696	
18.67434	713.960364	713.944384	682.989496	682.999696	
18.68453	713.960364	713.944384	682.989496	682.999696	
18.69463	713.960364	713.944384	682.989496	682.999696	
18.70482	713.960364	713.944384	682.989496	682.999696	
18.71504	713.960364	713.944384	682.989496	682.999696	
18.72514	713.960364	713.944384	682.989496	682.999696	
18.73529	713.960364	713.944384	682.989496	682.999696	
18.74545	713.960364	713.944384	682.989496	682.999696	
18.75559	713.960364	713.944384	682.989496	682.999696	
18.76574	713.960364	713.944384	682.989496	682.999696	
18.77589	713.960364	713.944384	682.989496	682.999696	
18.78614	713.960364	713.944384	682.989496	682.999696	
18.79638	713.960364	713.944384	682.989496	682.999696	
18.80648	713.960364	713.944384	682.989496	682.999696	
18.81666	713.960364	713.944384	682.989496	682.999696	
18.82686	713.960364	713.944384	682.989496	682.999696	
18.83693	713.960364	713.944384	682.989496	682.999696	
18.84708	713.960364	713.944384	682.989496	682.999696	
18.85722	713.960364	713.944384	682.989496	682.999696	
18.86738	713.960364	713.944384	682.989496	682.999696	
18.87753	713.960364	713.944384	682.989496	682.999696	
18.88784	713.960364	713.944384	682.989496	682.999696	
18.89785	713.960364	713.944384	682.989496	682.999696	
18.90806	713.960364	713.944384	682.989496	682.999696	
18.91818	713.960364	713.944384	682.989496	682.999696	
18.92837	713.960364	713.944384	682.989496	682.999696	
18.9385	713.960364	713.944384	682.989496	682.999696	
18.94863	713.960364	713.944384	682.989496	682.999696	
18.95885	713.960364	713.944384	682.989496	682.999696	
18.96899	713.960364	713.944384	682.989496	682.999696	
18.97919	713.960364	713.944384	682.989496	682.999696	
18.9892	713.960364	713.944384	682.989496	682.999696	
18.99937	713.960364	713.944384	682.989496	682.999696	
19.00953	713.960364	713.944384	682.989496	682.999696	
19.01966	713.960364	713.944384	682.989496	682.999696	
19.02983	713.960364	713.944384	682.989496	682.999696	
19.03996	713.960364	713.944384	682.989496	682.999696	
19.05012	713.960364	713.944384	682.989496	682.999696	
19.06036	713.960364	713.944384	682.989496	682.999696	
19.07047	713.960364	713.944384	682.989496	682.999696	
19.08058	713.960364	713.944384	682.989496	682.999696	
19.09083	713.960364	713.944384	682.989496	682.999696	
19.1009	713.960364	713.944384	682.989496	682.999696	
19.11105	713.960364	713.944384	682.989496	682.999696	
19.12122	713.960364	713.944384	682.989496	682.999696	
19.13141	713.960364	713.944384	682.989496	682.999696	
19.14155	713.960364	713.944384	682.989496	682.999696	
19.15169	713.960364	713.944384	682.989496	682.999696	
19.16185	713.960364	713.944384	682.989496	682.999696	
19.17199	713.960364	713.944384	682.989496	682.999696	
19.18217	713.960364	713.944384	682.989496	682.999696	
19.19235	713.960364	713.944384	682.989496	682.999696	
19.20249	713.960364	713.944384	682.989496	682.999696	
19.2128	713.960364	713.944384	682.989496	682.999696	
19.22295	713.960364	713.944384	682.989496	682.999696	
19.23311	713.960364	713.944384	682.989496	682.999696	
19.24324	713.960364	713.944384	682.989496	682.999696	
19.25342	713.960364	713.944384	682.989496	682.999696	
19.26358	713.960364	713.944384	682.989496	682.999696	
19.27375	713.960364	713.944384	682.989496	682.999696	
19.28385	713.960364	713.944384	682.989496	682.999696	
19.29404	713.960364	713.944384	682.989496	682.999696	
19.30417	713.960364	713.944384	682.989496	682.999696	
19.31436	713.960364	713.944384	682.989496	682.999696	
19.32452	713.960364	713.944384	682.989496	682.999696	
19.33468	713.960364	713.944384	682.989496	682.999696	
19.34485	713.960364	713.944384	682.989496	682.999696	
19.35503	713.960364	713.944384	682.989496	682.999696	
19.36515	713.960364	713.944384	682.989496	682.999696	
19.37531	713.960364	713.944384	682.989496	682.999696	
19.3855	713.960364	713.944384	682.989496	682.999696	
19.39563	713.960364	713.944384	682.989496	682.999696	
19.40579	713.960364	713.944384	682.989496	682.999696	
19.41593	713.960364	713.944384	682.989496	682.999696	
19.42616	713.960364	713.944384	682.989496	682.999696	
19.43637	713.960364	713.944384	682.989496	682.999696	
19.4465	713.960364	713.944384	682.989496	682.999696	
19.45674	713.960364	713.944384	682.989496	682.999696	
19.46688	713.960364	713.944384	682.989496	682.999696	
19.47692	713.960364	713.944384	682.989496	682.999696	
19.48914	713.960364	713.944384	682.989496	682.999696	
19.49719	713.960364	713.944384	682.989496	682.999696	
19.50733	713.960364	713.944384	682.989496	682.999696	
19.51755	713.960364	713.944384	682.989496	682.999696	
19.52769	713.960364	713.944384	682.989496	682.999696	
19.5378	713.960364	713.944384	682.989496	682.999696	
19.54797	713.960364	713.944384	682.989496	682.999696	
19.5581	713.960364	713.944384	682.989496	682.999696	
19.56828	713.960364	713.944384	682.989496	682.999696	
19.5784	713.960364	713.944384	682.989496	682.999696	
19.58856	713.960364	713.944384	682.989496	682.999696	
19.59871	713.960364	713.944384	682.989496	682.999696	
19.60891	713.960364	713.944384	682.989496	682.999696	
19.61907	713.960364	713.944384	682.989496	682.999696	
19.62918	713.960364	713.944384	682.989496	682.999696	
19.6393	713.960364	713.944384	682.989496	682.999696	
19.64952	713.960364	713.944384	682.989496	682.999696	
19.65965	713.960364	713.944384	682.989496	682.999696	
19.66978	713.960364	713.944384	682.989496	682.999696	
19.67992	713.960364	713.944384	682.989496	682.999696	
19.69006	713.960364	713.944384	682.989496	682.999696	
19.70084	713.960364	713.944384	682.989496	682.999696	
19.71043	713.960364	713.944384	682.989496	682.999696	
19.72055	713.960364	713.944384	682.989496	682.999696	
19.73076	713.960364	713.944384	682.989496	682.999696	
19.74083	713.960364	713.944384	682.989496	682.999696	
19.75102	713.960364	713.944384	682.989496	682.999696	
19.76118	713.960364	713.944384	682.989496	682.999696	
19.77135	713.960364	713.944384	682.989496	682.999696	
19.78149	713.960364	713.944384	682.989496	682.999696	
19.79165	713.960364	713.944384	682.989496	682.999696	
19.80182	713.960364	713.944384	682.989496	682.999696	
19.81197	713.960364	713.944384	682.989496	682.999696	
19.82212	713.960364	713.944384	682.989496	682.999696	
19.83231	713.960364	713.944384	682.989496	682.999696	
19.84244	713.960364	713.944384	682.989496	682.999696	
19.85262	713.960364	713.944384	682.989496	682.999696	
19.86279	713.960364	713.944384	682.989496	682.999696	
19.87292	713.960364	713.944384	682.989496	682.999696	
19.88314	713.960364	713.944384	682.989496	682.999696	
19.89322	713.960364	713.944384	682.989496	682.999696	
19.90344	713.960364	713.944384	682.989496	682.999696	
19.9136	713.960364	713.944384	682.989496	682.999696	
19.92377	713.960364	713.944384	682.989496	682.999696	
19.93384	713.960364	713.944384	682.989496	682.999696	
19.95268	713.960364	713.944384	682.989496	682.999696	
19.95729	713.960364	713.944384	682.989496	682.999696	
19.9675	713.960364	713.944384	682.989496	682.999696	
19.97761	713.960364	713.944384	682.989496	682.999696	
19.98771	713.960364	713.944384	682.989496	682.999696	
19.99784	713.960364	713.944384	682.989496	682.999696	
20.00799	713.960364	713.944384	682.989496	682.999696	
20.01814	713.960364	713.944384	682.989496	682.999696	
20.0283	713.960364	713.944384	682.989496	682.999696	
20.03842	713.960364	713.944384	682.989496	682.999696	
20.04873	713.960364	713.944384	682.989496	682.999696	
20.05882	713.960364	713.944384	682.989496	682.999696	
20.06896	713.960364	713.944384	682.989496	682.999696	
20.07905	713.960364	713.944384	682.989496	682.999696	
20.08917	713.960364	713.944384	682.989496	682.999696	
20.09939	713.960364	713.944384	682.989496	682.999696	
20.10947	713.960364	713.944384	682.989496	682.999696	
20.11962	713.960364	713.944384	682.989496	682.999696	
20.12976	713.960364	713.944384	682.989496	682.999696	
20.13992	713.960364	713.944384	682.989496	682.999696	
20.15006	713.960364	713.944384	682.989496	682.999696	
20.16021	713.960364	713.944384	682.989496	682.999696	
20.17828	713.960364	713.944384	682.989496	682.999696	
20.18287	713.960364	713.944384	682.989496	682.999696	
20.19302	713.960364	713.944384	682.989496	682.999696	
20.20324	713.960364	713.944384	682.989496	682.999696	
20.21335	713.960364	713.944384	682.989496	682.999696	
20.22349	713.960364	713.944384	682.989496	682.999696	
20.2337	713.960364	713.944384	682.989496	682.999696	
20.24378	713.960364	713.944384	682.989496	682.999696	
20.25397	713.960364	713.944384	682.989496	682.999696	
20.26413	713.960364	713.944384	682.989496	682.999696	
20.27429	713.960364	713.944384	682.989496	682.999696	
20.2845	713.960364	713.944384	682.989496	682.999696	
20.29461	713.960364	713.944384	682.989496	682.999696	
20.30474	713.960364	713.944384	682.989496	682.999696	
20.31501	713.960364	713.944384	682.989496	682.999696	
20.32502	713.960364	713.944384	682.989496	682.999696	
20.33524	713.960364	713.944384	682.989496	682.999696	
20.34537	713.960364	713.944384	682.989496	682.999696	
20.35554	713.960364	713.944384	682.989496	682.999696	
20.36569	713.960364	713.944384	682.989496	682.999696	
20.37579	713.960364	713.944384	682.989496	682.999696	
20.38601	713.960364	713.944384	682.989496	682.999696	
20.39611	713.960364	713.944384	682.989496	682.999696	
20.40649	713.960364	713.944384	682.989496	682.999696	
20.41644	713.960364	713.944384	682.989496	682.999696	
20.42658	713.960364	713.944384	682.989496	682.999696	
20.43674	713.960364	713.944384	682.989496	682.999696	
20.44687	713.960364	713.944384	682.989496	682.999696	
20.45716	713.960364	713.944384	682.989496	682.999696	
20.46724	713.960364	713.944384	682.989496	682.999696	
20.47732	713.960364	713.944384	682.989496	682.999696	
20.48798	713.960364	713.944384	682.989496	682.999696	
20.49776	713.960364	713.944384	682.989496	682.999696	
20.50777	713.960364	713.944384	682.989496	682.999696	
20.51791	713.960364	713.944384	682.989496	682.999696	
20.52808	713.960364	713.944384	682.989496	682.999696	
20.53827	713.960364	713.944384	682.989496	682.999696	
20.55635	713.960364	713.944384	682.989496	682.999696	
20.5609	713.960364	713.944384	682.989496	682.999696	
20.57113	713.960364	713.944384	682.989496	682.999696	
20.58122	713.960364	713.944384	682.989496	682.999696	
20.59139	713.960364	713.944384	682.989496	682.999696	
20.60163	713.960364	713.944384	682.989496	682.999696	
20.61173	713.960364	713.944384	682.989496	682.999696	
20.62188	713.960364	713.944384	682.989496	682.999696	
20.63203	713.960364	713.944384	682.989496	682.999696	
20.64224	713.960364	713.944384	682.989496	682.999696	
20.65245	713.960364	713.944384	682.989496	682.999696	
20.66254	713.960364	713.944384	682.989496	682.999696	
20.67271	713.960364	713.944384	682.989496	682.999696	
20.68292	713.960364	713.944384	682.989496	682.999696	
20.69298	713.960364	713.944384	682.989496	682.999696	
20.70319	713.960364	713.944384	682.989496	682.999696	
20.71333	713.960364	713.944384	682.989496	682.999696	
20.72351	713.960364	713.944384	682.989496	682.999696	
20.73366	713.960364	713.944384	682.989496	682.999696	
20.74376	713.960364	713.944384	682.989496	682.999696	
20.75395	713.960364	713.944384	682.989496	682.999696	
20.7641	713.960364	713.944384	682.989496	682.999696	
20.77426	713.960364	713.944384	682.989496	682.999696	
20.78443	713.960364	713.944384	682.989496	682.999696	
20.79458	713.960364	713.944384	682.989496	682.999696	
20.80477	713.960364	713.944384	682.989496	682.999696	
20.81489	713.960364	713.944384	682.989496	682.999696	
20.82504	713.960364	713.944384	682.989496	682.999696	
20.83525	713.960364	713.944384	682.989496	682.999696	
20.84535	713.960364	713.944384	682.989496	682.999696	
20.85551	713.960364	713.944384	682.989496	682.999696	
20.86569	713.960364	713.944384	682.989496	682.999696	
20.87579	713.960364	713.944384	682.989496	682.999696	
20.88596	713.960364	713.944384	682.989496	682.999696	
20.89617	713.960364	713.944384	682.989496	682.999696	
20.90657	713.960364	713.944384	682.989496	682.999696	
20.91654	713.960364	713.944384	682.989496	682.999696	
20.92663	713.960364	713.944384	682.989496	682.999696	
20.93678	713.960364	713.944384	682.989496	682.999696	
20.94702	713.960364	713.944384	682.989496	682.999696	
20.95708	713.960364	713.944384	682.989496	682.999696	
20.96724	713.960364	713.944384	682.989496	682.999696	
20.97737	713.960364	713.944384	682.989496	682.999696	
20.98755	713.960364	713.944384	682.989496	682.999696	
20.9977	713.960364	713.944384	682.989496	682.999696	
21.00782	713.960364	713.944384	682.989496	682.999696	
21.01804	713.960364	713.944384	682.989496	682.999696	
21.02817	713.960364	713.944384	682.989496	682.999696	
21.03831	713.960364	713.944384	682.989496	682.999696	
21.04847	713.960364	713.944384	682.989496	682.999696	
21.0586	713.960364	713.944384	682.989496	682.999696	
21.06884	713.960364	713.944384	682.989496	682.999696	
21.07898	713.960364	713.944384	682.989496	682.999696	
21.08907	713.960364	713.944384	682.989496	682.999696	
21.09924	713.960364	713.944384	682.989496	682.999696	
21.10968	713.960364	713.944384	682.989496	682.999696	
21.11952	713.960364	713.944384	682.989496	682.999696	
21.1297	713.960364	713.944384	682.989496	682.999696	
21.1398	713.960364	713.944384	682.989496	682.999696	
21.14996	713.960364	713.944384	682.989496	682.999696	
21.16009	713.960364	713.944384	682.989496	682.999696	
21.17039	713.960364	713.944384	682.989496	682.999696	
21.18836	713.960364	713.944384	682.989496	682.999696	
21.19293	713.960364	713.944384	682.989496	682.999696	
21.20316	713.960364	713.944384	682.989496	682.999696	
21.21324	713.960364	713.944384	682.989496	682.999696	
21.22341	713.960364	713.944384	682.989496	682.999696	
21.2336	713.960364	713.944384	682.989496	682.999696	
21.24369	713.960364	713.944384	682.989496	682.999696	
21.25387	713.960364	713.944384	682.989496	682.999696	
21.26403	713.960364	713.944384	682.989496	682.999696	
21.27418	713.960364	713.944384	682.989496	682.999696	
21.28431	713.960364	713.944384	682.989496	682.999696	
21.29449	713.960364	713.944384	682.989496	682.999696	
21.30465	713.960364	713.944384	682.989496	682.999696	
21.31482	713.960364	713.944384	682.989496	682.999696	
21.32498	713.960364	713.944384	682.989496	682.999696	
21.33511	713.960364	713.944384	682.989496	682.999696	
21.34524	713.960364	713.944384	682.989496	682.999696	
21.35546	713.960364	713.944384	682.989496	682.999696	
21.36556	713.960364	713.944384	682.989496	682.999696	
21.37571	713.960364	713.944384	682.989496	682.999696	
21.38588	713.960364	713.944384	682.989496	682.999696	
21.39601	713.960364	713.944384	682.989496	682.999696	
21.40636	713.960364	713.944384	682.989496	682.999696	
21.41636	713.960364	713.944384	682.989496	682.999696	
21.4265	713.960364	713.944384	682.989496	682.999696	
21.43672	713.960364	713.944384	682.989496	682.999696	
21.44681	713.960364	713.944384	682.989496	682.999696	
21.45695	713.960364	713.944384	682.989496	682.999696	
21.46717	713.960364	713.944384	682.989496	682.999696	
21.47725	713.960364	713.944384	682.989496	682.999696	
21.48738	713.960364	713.944384	682.989496	682.999696	
21.49757	713.960364	713.944384	682.989496	682.999696	
21.50774	713.960364	713.944384	682.989496	682.999696	
21.51782	713.960364	713.944384	682.989496	682.999696	
21.52799	713.960364	713.944384	682.989496	682.999696	
21.53818	713.960364	713.944384	682.989496	682.999696	
21.54831	713.960364	713.944384	682.989496	682.999696	
21.55845	713.960364	713.944384	682.989496	682.999696	
21.56859	713.960364	713.944384	682.989496	682.999696	
21.57882	713.960364	713.944384	682.989496	682.999696	
21.58895	713.960364	713.944384	682.989496	682.999696	
21.59903	713.960364	713.944384	682.989496	682.999696	
21.60955	713.960364	713.944384	682.989496	682.999696	
21.61938	713.960364	713.944384	682.989496	682.999696	
21.62949	713.960364	713.944384	682.989496	682.999696	
21.63964	713.960364	713.944384	682.989496	682.999696	
21.64983	713.960364	713.944384	682.989496	682.999696	
21.65993	713.960364	713.944384	682.989496	682.999696	
21.67008	713.960364	713.944384	682.989496	682.999696	
21.68024	713.960364	713.944384	682.989496	682.999696	
21.69043	713.960364	713.944384	682.989496	682.999696	
21.70073	713.960364	713.944384	682.989496	682.999696	
21.71082	713.960364	713.944384	682.989496	682.999696	
21.72101	713.960364	713.944384	682.989496	682.999696	
21.73122	713.960364	713.944384	682.989496	682.999696	
21.74129	713.960364	713.944384	682.989496	682.999696	
21.75144	713.960364	713.944384	682.989496	682.999696	
21.76163	713.960364	713.944384	682.989496	682.999696	
21.77178	713.960364	713.944384	682.989496	682.999696	
21.78191	713.960364	713.944384	682.989496	682.999696	
21.79205	713.960364	713.944384	682.989496	682.999696	
21.80224	713.960364	713.944384	682.989496	682.999696	
21.8124	713.960364	713.944384	682.989496	682.999696	
21.82254	713.960364	713.944384	682.989496	682.999696	
21.83271	713.960364	713.944384	682.989496	682.999696	
21.84287	713.960364	713.944384	682.989496	682.999696	
21.85302	713.960364	713.944384	682.989496	682.999696	
21.86316	713.960364	713.944384	682.989496	682.999696	
21.87333	713.960364	713.944384	682.989496	682.999696	
21.88353	713.960364	713.944384	682.989496	682.999696	
21.89363	713.960364	713.944384	682.989496	682.999696	
21.90377	713.960364	713.944384	682.989496	682.999696	
21.91398	713.960364	713.944384	682.989496	682.999696	
21.92414	713.960364	713.944384	682.989496	682.999696	
21.93423	713.960364	713.944384	682.989496	682.999696	
21.94443	713.960364	713.944384	682.989496	682.999696	
21.9546	713.960364	713.944384	682.989496	682.999696	
21.9648	713.960364	713.944384	682.989496	682.999696	
21.97495	713.960364	713.944384	682.989496	682.999696	
21.98512	713.960364	713.944384	682.989496	682.999696	
21.99528	713.960364	713.944384	682.989496	682.999696	
22.00541	713.960364	713.944384	682.989496	682.999696	
22.01558	713.960364	713.944384	682.989496	682.999696	
22.0258	713.960364	713.944384	682.989496	682.999696	
22.03591	713.960364	713.944384	682.989496	682.999696	
22.04604	713.960364	713.944384	682.989496	682.999696	
22.05621	713.960364	713.944384	682.989496	682.999696	
22.0664	713.960364	713.944384	682.989496	682.999696	
22.07655	713.960364	713.944384	682.989496	682.999696	
22.0867	713.960364	713.944384	682.989496	682.999696	
22.09677	713.960364	713.944384	682.989496	682.999696	
22.10695	713.960364	713.944384	682.989496	682.999696	
22.11713	713.960364	713.944384	682.989496	682.999696	
22.12727	713.960364	713.944384	682.989496	682.999696	
22.13748	713.960364	713.944384	682.989496	682.999696	
22.14761	713.960364	713.944384	682.989496	682.999696	
22.15774	713.960364	713.944384	682.989496	682.999696	
22.16787	713.960364	713.944384	682.989496	682.999696	
22.17805	713.960364	713.944384	682.989496	682.999696	
22.18817	713.960364	713.944384	682.989496	682.999696	
22.19831	713.960364	713.944384	682.989496	682.999696	
22.20845	713.960364	713.944384	682.989496	682.999696	
22.2186	713.960364	713.944384	682.989496	682.999696	
22.23673	713.960364	713.944384	682.989496	682.999696	
22.24126	713.960364	713.944384	682.989496	682.999696	
22.25149	713.960364	713.944384	682.989496	682.999696	
22.26175	713.960364	713.944384	682.989496	682.999696	
22.27176	713.960364	713.944384	682.989496	682.999696	
22.28193	713.960364	713.944384	682.989496	682.999696	
22.29206	713.960364	713.944384	682.989496	682.999696	
22.30221	713.960364	713.944384	682.989496	682.999696	
22.31236	713.960364	713.944384	682.989496	682.999696	
22.32253	713.960364	713.944384	682.989496	682.999696	
22.33278	713.960364	713.944384	682.989496	682.999696	
22.34283	713.960364	713.944384	682.989496	682.999696	
22.353	713.960364	713.944384	682.989496	682.999696	
22.36324	713.960364	713.944384	682.989496	682.999696	
22.37335	713.960364	713.944384	682.989496	682.999696	
22.38349	713.960364	713.944384	682.989496	682.999696	
22.39365	713.960364	713.944384	682.989496	682.999696	
22.40379	713.960364	713.944384	682.989496	682.999696	
22.414	713.960364	713.944384	682.989496	682.999696	
22.42413	713.960364	713.944384	682.989496	682.999696	
22.43431	713.960364	713.944384	682.989496	682.999696	
22.44445	713.960364	713.944384	682.989496	682.999696	
22.45457	713.960364	713.944384	682.989496	682.999696	
22.46478	713.960364	713.944384	682.989496	682.999696	
22.47507	713.960364	713.944384	682.989496	682.999696	
22.48515	713.960364	713.944384	682.989496	682.999696	
22.49731	713.960364	713.944384	682.989496	682.999696	
22.50541	713.960364	713.944384	682.989496	682.999696	
22.5156	713.960364	713.944384	682.989496	682.999696	
22.52568	713.960364	713.944384	682.989496	682.999696	
22.53588	713.960364	713.944384	682.989496	682.999696	
22.54612	713.960364	713.944384	682.989496	682.999696	
22.55624	713.960364	713.944384	682.989496	682.999696	
22.5664	713.960364	713.944384	682.989496	682.999696	
22.57655	713.960364	713.944384	682.989496	682.999696	
22.58673	713.960364	713.944384	682.989496	682.999696	
22.59688	713.960364	713.944384	682.989496	682.999696	
22.60699	713.960364	713.944384	682.989496	682.999696	
22.61713	713.960364	713.944384	682.989496	682.999696	
22.62736	713.960364	713.944384	682.989496	682.999696	
22.6375	713.960364	713.944384	682.989496	682.999696	
22.64758	713.960364	713.944384	682.989496	682.999696	
22.65776	713.960364	713.944384	682.989496	682.999696	
22.66788	713.960364	713.944384	682.989496	682.999696	
22.67801	713.960364	713.944384	682.989496	682.999696	
22.68818	713.960364	713.944384	682.989496	682.999696	
22.69831	713.960364	713.944384	682.989496	682.999696	
22.70847	713.960364	713.944384	682.989496	682.999696	
22.71861	713.960364	713.944384	682.989496	682.999696	
22.72882	713.960364	713.944384	682.989496	682.999696	
22.73899	713.960364	713.944384	682.989496	682.999696	
22.74902	713.960364	713.944384	682.989496	682.999696	
22.75919	713.960364	713.944384	682.989496	682.999696	
22.76933	713.960364	713.944384	682.989496	682.999696	
22.77952	713.960364	713.944384	682.989496	682.999696	
22.78963	713.960364	713.944384	682.989496	682.999696	
22.79977	713.960364	713.944384	682.989496	682.999696	
22.80994	713.960364	713.944384	682.989496	682.999696	
22.82007	713.960364	713.944384	682.989496	682.999696	
22.83021	713.960364	713.944384	682.989496	682.999696	
22.8482	713.960364	713.944384	682.989496	682.999696	
22.85284	713.960364	713.944384	682.989496	682.999696	
22.86297	713.960364	713.944384	682.989496	682.999696	
22.87312	713.960364	713.944384	682.989496	682.999696	
22.88335	713.960364	713.944384	682.989496	682.999696	
22.89345	713.960364	713.944384	682.989496	682.999696	
22.90358	713.960364	713.944384	682.989496	682.999696	
22.9138	713.960364	713.944384	682.989496	682.999696	
22.92392	713.960364	713.944384	682.989496	682.999696	
22.93404	713.960364	713.944384	682.989496	682.999696	
22.94422	713.960364	713.944384	682.989496	682.999696	
22.95439	713.960364	713.944384	682.989496	682.999696	
22.96455	713.960364	713.944384	682.989496	682.999696	
22.97468	713.960364	713.944384	682.989496	682.999696	
22.98483	713.960364	713.944384	682.989496	682.999696	
23.01082	713.960364	713.944384	682.989496	682.999696	
