13.49555	
13.50571	
13.51649	
13.52657	
13.53712	
13.54698	
13.55704	
13.56723	
13.57732	
13.58753	
13.59768	
13.60785	
13.61805	
13.62813	
13.63825	
13.64842	
13.65862	
13.66872	
13.67884	
13.68899	
13.69932	
13.70977	
13.71956	
13.72973	
13.73983	
13.74995	
13.76016	
13.77029	
13.78038	
13.80116	
13.81199	
13.8304	
13.84058	
13.85916	
13.8638	
13.87401	
13.88417	
13.89436	
13.90464	
13.91483	
13.92505	
13.93527	
13.94551	
13.95571	
13.96591	
13.97619	
13.98636	
13.99655	
14.00678	
14.01702	
14.03566	
14.04036	
14.05053	
14.06083	
14.07107	
14.08124	
14.09149	
14.10169	
14.11189	
14.12215	
14.1323	
14.14252	
14.15272	
14.16291	
14.17317	
14.18336	
14.19362	
14.20389	
14.21408	
14.22438	
14.23457	
14.2448	
14.25508	
14.26544	
14.27552	
14.28575	
14.29596	
14.30621	
14.31644	
14.32669	
14.33683	
14.34706	
14.35729	
14.36749	
14.38599	
14.39062	
14.40927	
14.41392	
14.42406	
14.43435	
14.44452	
14.45477	
14.46498	
14.47524	
14.48541	
14.49562	
14.50593	
14.51671	
14.52626	
14.53655	
14.54677	
14.5569	
14.5672	
14.5773	
14.58752	
14.59774	
14.60797	
14.61871	
14.62843	
14.63865	
14.64885	
14.65908	
14.66936	
14.67952	
14.68984	
14.70002	
14.71009	
14.73706	50.2807575	50.2742091	51.9475469	51.9409985	
14.74191	50.2817536	50.2742091	51.9485431	51.9409985	
14.75215	50.2846559	50.2742091	51.9514453	51.9409985	
14.76231	50.2881487	50.2829357	51.9549381	51.9409985	
14.77251	50.2922809	50.2829357	51.9590704	51.9409985	
14.78274	50.297053	50.2829357	51.9638424	51.9409985	
14.79296	50.3024495	50.2916624	51.9692389	51.9409985	
14.80316	50.3084586	50.300389	51.975248	51.9409985	
14.81337	50.3150935	50.300389	51.981883	51.9409985	
14.82356	50.3223483	50.300389	51.9891377	51.9409985	
14.8339	50.3303516	50.300389	51.997141	51.9409985	
14.84429	50.3390392	50.300389	52.0058287	51.9409985	
14.85423	50.3479295	50.300389	52.014719	51.9409985	
14.86449	50.3577546	50.300389	52.024544	51.9409985	
14.87466	50.3681029	50.300389	52.0348924	51.9409985	
14.8849	50.379158	50.300389	52.0459474	51.9409985	
14.89512	50.390825	50.300389	52.0576144	51.9409985	
14.9053	50.4030624	50.300389	52.0698519	51.9409985	
14.91559	50.4160548	50.300389	52.0828442	51.9409985	
14.92582	50.4296146	50.3091157	52.096404	51.9409985	
14.93606	50.4438145	50.3091157	52.1106039	51.9409985	
14.95481	50.472399	50.3178423	52.1391884	51.9409985	
14.9597	50.479796	50.326569	52.1465854	51.9409985	
14.96997	50.4961265	50.3352956	52.1629159	51.9409985	
14.98901	50.5290709	50.3614756	52.1958603	51.9409985	
14.99361	50.5369455	50.3702022	52.2037349	51.9409985	
15.0037	50.5550388	50.3876555	52.2218282	51.9409985	
15.01384	50.5738196	50.4051088	52.2406091	51.9409985	
15.02398	50.5932269	50.4225621	52.2600164	51.9409985	
15.03414	50.6132926	50.448742	52.280082	51.9409985	
15.04651	50.6387184	50.474922	52.3055078	51.9409985	
15.05641	50.6595727	50.5011019	52.3263621	51.9409985	
15.06653	50.6815157	50.5272818	52.3483051	51.9409985	
15.07668	50.7041587	50.5621884	52.3709481	51.9409985	
15.08712	50.7281191	50.5883684	52.3949085	51.9409985	
15.09699	50.7513236	50.623275	52.418113	51.9497252	
15.1072	50.7759482	50.6494549	52.4427377	51.9497252	
15.11723	50.8007616	50.6843615	52.4675511	51.9497252	
15.12741	50.8265439	50.7192681	52.4933334	51.9497252	
15.13752	50.8528075	50.7541746	52.5195969	51.9497252	
15.149	50.883424	50.7890812	52.5502134	51.9497252	
15.17012	50.9430418	50.8239878	52.6098313	51.9497252	
15.17468	50.9558124	50.8763477	52.6226018	51.9497252	
15.18481	50.984994	50.9112543	52.6517834	51.9497252	
15.19501	51.0149771	50.9461609	52.6817665	51.9497252	
15.20534	51.046005	50.9810675	52.7127945	51.9497252	
15.21548	51.0770489	51.015974	52.7438383	51.9497252	
15.22567	51.1088699	51.042154	52.7756593	51.9584518	
15.23579	51.1410874	51.0770606	52.8078768	51.9584518	
15.24767	51.1798658	51.1032405	52.8466553	51.9584518	
15.25661	51.2095937	51.1381471	52.8763831	51.9671785	
15.26627	51.241923	51.1730537	52.9087124	51.9759051	
15.27647	51.2768973	51.1992336	52.9436868	51.9759051	
15.2868	51.3138763	51.2341402	52.9806658	51.9759051	
15.29681	51.3485096	51.2603201	53.0152991	51.9846318	
15.30696	51.3851347	51.2952267	53.0519241	51.9933584	
15.31705	51.4222037	51.3301333	53.0889931	52.0020851	
15.32723	51.4603622	51.3563132	53.1271516	52.0108117	
15.33749	51.4991707	51.3912198	53.1659602	52.0195384	
15.35009	51.548063	51.4261264	53.2148525	52.0369916	
15.35795	51.5787501	51.4523063	53.2455395	52.0457183	
15.36788	51.6182205	51.4872129	53.28501	52.0631716	
15.37806	51.6593223	51.5308462	53.3261117	52.0718982	
15.38814	51.7006643	51.5657528	53.3674537	52.0893515	
15.39854	51.7439308	51.609386	53.4107203	52.1068048	
15.40847	51.7858185	51.6530192	53.4526079	52.1155315	
15.41858	51.8291277	51.6966524	53.4959171	52.1417114	
15.42874	51.8732504	51.731559	53.5400398	52.1591647	
15.43886	51.9177724	51.7751923	53.5845618	52.1853446	
15.44906	51.9633679	51.8188255	53.6301574	52.2027979	
15.45935	52.0099404	51.8711854	53.6767298	52.2202512	
15.46945	52.0562215	51.9148186	53.7230109	52.2464312	
15.47954	52.1031231	51.9584518	53.7699125	52.2726111	
15.48974	52.151159	52.0108117	53.8179485	52.298791	
15.50002	52.200223	52.0631716	53.8670125	52.324971	
15.50998	52.248268	52.1155315	53.9150574	52.3598776	
15.52019	52.2982517	52.1678913	53.9650411	52.3860575	
15.53027	52.3481509	52.2202512	54.0149403	52.4122374	
15.54042	52.3990319	52.2726111	54.0658214	52.447144	
15.55988	52.4994319	52.3860575	54.1662214	52.4995039	
15.56448	52.5230353	52.4122374	54.1898247	52.5169572	
15.57459	52.5757452	52.4645973	54.2425346	52.5518638	
15.58479	52.6296314	52.5344105	54.2964208	52.5867704	
15.5951	52.6846806	52.5867704	54.3514701	52.6216769	
15.60509	52.7386481	52.6478569	54.4054375	52.6565835	
15.61541	52.7950361	52.7089434	54.4618255	52.6914901	
15.62538	52.8500927	52.7613033	54.5168821	52.7263967	
15.63553	52.9067272	52.8223898	54.5735166	52.7700299	
15.64563	52.9637325	52.8834763	54.6305219	52.8049365	
15.65814	53.0354267	52.9358362	54.7022161	52.8398431	
15.66639	53.0829623	52.9969227	54.7497518	52.8834763	
15.67618	53.1399157	53.0580093	54.8067051	52.9183829	
15.6863	53.1995219	53.1103691	54.8663114	52.9532895	
15.69645	53.259864	53.162729	54.9266534	52.9969227	
15.70668	53.3213969	53.2238155	54.9881864	53.040556	
15.71678	53.3826652	53.2849021	55.0494547	53.0754626	
15.72691	53.4447812	53.3372619	55.1115707	53.1190958	
15.73707	53.5077078	53.3983485	55.1744972	53.162729	
15.74724	53.5713301	53.459435	55.2381195	53.1976356	
15.75733	53.6350226	53.5117949	55.3018121	53.2412688	
15.7676	53.7005221	53.5728814	55.3673115	53.2849021	
15.77778	53.7660476	53.6339679	55.432837	53.3285353	
15.78785	53.8314438	53.6863278	55.4982332	53.3721685	
15.79803	53.8981593	53.756141	55.5649487	53.4158018	
15.80842	53.967033	53.8172275	55.6338224	53.4681616	
15.8183	54.03298	53.878314	55.6997695	53.5117949	
15.82843	54.1012467	53.9481272	55.7680361	53.5554281	
15.83857	54.1701839	54.0092137	55.8369734	53.607788	
15.84872	54.2398628	54.0703002	55.9066522	53.6514212	
15.85887	54.3101181	54.1401134	55.9769076	53.6950544	
15.86939	54.3836388	54.2099266	56.0504283	53.7474143	
15.87931	54.4537754	54.2797397	56.1205648	53.7910475	
15.88941	54.5253341	54.3495529	56.1921235	53.8434074	
15.89951	54.5976608	54.4193661	56.2644502	53.8957673	
15.91012	54.6744651	54.4979059	56.3412546	53.9481272	
15.91983	54.7451906	54.5764457	56.4119801	54.0004871	
15.93002	54.8200735	54.6462589	56.486863	54.0441203	
15.94011	54.8948665	54.7160721	56.5616559	54.0964802	
15.95025	54.9705581	54.7946119	56.6373475	54.14884	
15.96049	55.0477346	54.8731517	56.714524	54.2011999	
15.97073	55.1255486	54.9429649	56.792338	54.2535598	
15.98084	55.2028769	55.0302313	56.8696663	54.3146463	
15.99098	55.2811376	55.1087711	56.947927	54.3670062	
16.00112	55.3581018	55.1873109	57.0248912	54.4193661	
16.01136	55.4353299	55.2658508	57.1021193	54.4804526	
16.02146	55.5107774	55.3443906	57.1775668	54.5328125	
16.03162	55.5861135	55.431657	57.2529029	54.593899	
16.04186	55.6614568	55.5101969	57.3282463	54.6462589	
16.0519	55.7346741	55.5887367	57.4014635	54.7073454	
16.06209	55.8084108	55.6760031	57.4752003	54.7684319	
16.07326	55.8885173	55.754543	57.5553067	54.8295185	
16.08312	55.958615	55.8330828	57.6254044	54.8818783	
16.09331	56.0303949	55.9116226	57.6971843	54.9429649	
16.10345	56.1013417	55.9901624	57.7681312	55.0040514	
16.1136	56.1716256	56.0687022	57.838415	55.0651379	
16.12378	56.2415803	56.147242	57.9083697	55.1174978	
16.13393	56.3107079	56.2170552	57.9774973	55.1873109	
16.14408	56.379254	56.295595	58.0460434	55.2396708	
16.15425	56.4472642	56.3654082	58.1140537	55.3007573	
16.16436	56.5143247	56.443948	58.1811141	55.3618439	
16.17629	56.5925624	56.5224878	58.2593518	55.431657	
16.18642	56.6584037	56.592301	58.3251931	55.4840169	
16.19654	56.7235955	56.6621142	58.390385	55.5363768	
16.20674	56.7886867	56.7232007	58.4554762	55.5974633	
16.21781	56.8585845	56.7930139	58.5253739	55.6585498	
16.22713	56.9169704	56.862827	58.5837598	55.7109097	
16.23722	56.9795131	56.9239136	58.6463025	55.7719962	
16.24735	57.0418923	56.9850001	58.7086817	55.8243561	
16.25752	57.1035918	57.0460866	58.7703813	55.8854426	
16.26762	57.1643767	57.1071731	58.8311661	55.9378025	
16.27904	57.2324051	57.1769863	58.8991945	55.9901624	
16.28908	57.2915392	57.2380728	58.9583286	56.0512489	
16.29932	57.3512881	57.2904327	59.0180775	56.0948822	
16.30935	57.4092145	57.3515192	59.0760039	56.1559687	
16.31988	57.4694631	57.4038791	59.1362525	56.1996019	
16.32968	57.5248337	57.4649656	59.1916231	56.2519618	
16.34001	57.5826933	57.5173255	59.2494828	56.3043217	
16.34996	57.6377727	57.578412	59.3045622	56.3479549	
16.36008	57.693241	57.6307719	59.3600305	56.4003148	
16.3703	57.7485971	57.6831318	59.4153866	56.443948	
16.38214	57.8118718	57.7354917	59.4786613	56.4963079	
16.39197	57.8638753	57.7878515	59.5306647	56.5486678	
16.40217	57.9171997	57.8402114	59.5839892	56.592301	
16.41222	57.9692279	57.9012979	59.6360174	56.6359342	
16.42241	58.0213154	57.9449312	59.6881048	56.6882941	
16.43264	58.0729922	58.0060177	59.7397816	56.7232007	
16.4428	58.1237023	58.0583776	59.7904917	56.7668339	
16.45293	58.1736621	58.1107374	59.8404516	56.8104672	
16.46305	58.2230303	58.1543707	59.8898197	56.8541004	
16.47325	58.2721421	58.2067306	59.9389315	56.8977336	
16.48455	58.3257412	58.2678171	59.9925307	56.9413668	
16.49466	58.3731359	58.320177	60.0399254	56.9850001	
16.50482	58.4201686	58.3725368	60.086958	57.0286333	
16.51553	58.4690811	58.4248967	60.1358705	57.0722665	
16.52515	58.51248	58.4685299	60.1792695	57.1071731	
16.53531	58.5576826	58.5208898	60.224472	57.1420797	
16.54542	58.602067	58.5732497	60.2688564	57.1769863	
16.55555	58.6459775	58.6256096	60.3127669	57.2206195	
16.56574	58.6895264	58.6692428	60.3563159	57.2555261	
16.57584	58.7320727	58.712876	60.3988622	57.2991593	
16.59544	58.8119268	58.7652359	60.4787162	57.3427926	
16.60005	58.8307278	58.8263224	60.4975172	57.3864258	
16.61016	58.8713048	58.8699557	60.5380943	57.4213324	
16.62035	58.9115881	58.9135889	60.5783775	57.456239	
16.6305	58.9511491	58.9572221	60.6179385	57.4911456	
16.64072	58.9903346	58.9921287	60.657124	57.5260521	
16.65079	59.028367	59.0357619	60.6951564	57.5609587	
16.66094	59.0661295	59.0793952	60.7329189	57.5958653	
16.67107	59.1031783	59.1143018	60.7699677	57.6220453	
16.68127	59.1399266	59.1492084	60.8067161	57.6569518	
16.69159	59.1764669	59.1841149	60.8432563	57.6918584	
16.70339	59.2174743	59.2102949	60.8842637	57.7180384	
16.71192	59.2465943	59.2452015	60.9133837	57.7442183	
16.72208	59.2807499	59.2713814	60.9475393	57.7791249	
16.73224	59.3143468	59.306288	60.9811362	57.8053048	
16.74243	59.3474054	59.3237413	61.0141948	57.8402114	
16.75257	59.379715	59.3586479	61.0465045	57.8663913	
16.76271	59.4114489	59.3761012	61.0782383	57.8925713	
16.77282	59.4424869	59.4022811	61.1092763	57.9187512	
16.78301	59.4731629	59.428461	61.1399524	57.9449312	
16.79352	59.5041759	59.4459143	61.1709654	57.9711111	
16.80366	59.5334957	59.4633676	61.2002852	57.997291	
16.81379	59.5621962	59.4895476	61.2289857	58.0147443	
16.82395	59.5903899	59.5157275	61.2571793	58.0409243	
16.83411	59.6179955	59.5331808	61.284785	58.0671042	
16.84429	59.6450622	59.5506341	61.3118517	58.0845575	
16.85443	59.6714185	59.576814	61.338208	58.1107374	
16.86459	59.6972326	59.602994	61.364022	58.1369174	
16.87473	59.7224322	59.6204472	61.3892216	58.1543707	
16.88483	59.7469449	59.6466272	61.4137344	58.1805506	
16.89552	59.7722156	59.6728071	61.439005	58.1980039	
16.9053	59.7948172	59.6989871	61.4616066	58.2241838	
16.91554	59.8178615	59.725167	61.484651	58.2329105	
16.92566	59.8400354	59.7426203	61.5068249	58.2590904	
16.93576	59.8616204	59.7688002	61.5284098	58.2765437	
16.94604	59.8829762	59.7949802	61.5497656	58.293997	
16.95606	59.9032284	59.8211601	61.5700179	58.3027237	
16.96626	59.9232507	59.8473401	61.5900401	58.320177	
16.97648	59.9427163	59.8647933	61.6095057	58.3289036	
16.98657	59.9613661	59.8909733	61.6281555	58.3463569	
16.99827	59.9821861	59.9171532	61.6489755	58.3638102	
17.00837	59.9996086	59.9346065	61.666398	58.3638102	
17.01825	60.0161195	59.9520598	61.682909	58.3812635	
17.02836	60.0324375	59.9782397	61.699227	58.3899901	
17.03854	60.0483083	59.995693	61.7150978	58.3987168	
17.0487	60.0635579	60.0131463	61.7303474	58.3987168	
17.05882	60.0781809	60.021873	61.7449704	58.4074434	
17.06896	60.0922523	60.0393263	61.7590417	58.4161701	
17.07913	60.1058145	60.0567796	61.7726039	58.4248967	
17.08975	60.1193374	60.0655062	61.7861269	58.4336234	
17.10105	60.1330127	60.0742329	61.7998021	58.4336234	
17.11082	60.1443501	60.0916861	61.8111395	58.4336234	
17.121	60.1555837	60.0916861	61.8223732	58.4336234	
17.13115	60.1662415	60.1091394	61.8330309	58.4336234	
17.14131	60.1763623	60.1091394	61.8431518	58.4336234	
17.15144	60.1859159	60.1178661	61.8527053	58.4336234	
17.17163	60.2022058	60.1265927	61.8689952	58.4336234	
17.17621	60.2059843	60.1265927	61.8727738	58.4336234	
17.18635	60.2136867	60.1265927	61.8804762	58.4336234	
17.19649	60.2208601	60.1265927	61.8876496	58.4336234	
17.20747	60.2280337	60.1265927	61.8948232	58.4336234	
17.22491	60.2375739	60.1265927	61.9043634	58.4336234	
17.2295	60.240135	60.1265927	61.9069244	58.4336234	
17.2396	60.2451589	60.1353194	61.9119484	58.4336234	
17.25007	60.2498532	60.1353194	61.9166426	58.4336234	
17.25994	60.2538436	60.1353194	61.9206331	58.4336234	
17.27011	60.2574947	60.1353194	61.9242841	58.4336234	
17.28036	60.2607193	60.1353194	61.9275087	58.4336234	
17.29038	60.2634618	60.1353194	61.9302512	58.4336234	
17.30314	60.2662383	60.1353194	61.9330278	58.4336234	
17.31109	60.2678194	60.1353194	61.9346088	58.4336234	
17.32094	60.2694038	60.1353194	61.9361933	58.4336234	
17.33105	60.2742091	60.1353194	61.9409985	58.4336234	
17.34118	60.2742091	60.1353194	61.9409985	58.4336234	
17.35133	60.2742091	60.1353194	61.9409985	58.4336234	
17.36148	60.2742091	60.1353194	61.9409985	58.4336234	
17.37169	60.2742091	60.1353194	61.9409985	58.4336234	
17.38184	60.2742091	60.1353194	61.9409985	58.4336234	
17.39197	60.2742091	60.1353194	61.9409985	58.4336234	
17.4044	60.2742091	60.1353194	61.9409985	58.4336234	
17.4123	60.2742091	60.1353194	61.9409985	58.4336234	
17.4225	60.2742091	60.1353194	61.9409985	58.4336234	
17.4327	60.2742091	60.1353194	61.9409985	58.4336234	
17.44284	60.2742091	60.1353194	61.9409985	58.4336234	
17.45303	60.2742091	60.1353194	61.9409985	58.4336234	
17.46318	60.2742091	60.1353194	61.9409985	58.4336234	
17.47334	60.2742091	60.1353194	61.9409985	58.4336234	
17.48358	60.2742091	60.1353194	61.9409985	58.4336234	
17.49366	60.2742091	60.1353194	61.9409985	58.4336234	
17.50383	60.2742091	60.1353194	61.9409985	58.4336234	
17.51411	60.2742091	60.1353194	61.9409985	58.4336234	
17.52418	60.2742091	60.1353194	61.9409985	58.4336234	
17.53433	60.2742091	60.1353194	61.9409985	58.4336234	
17.54444	60.2742091	60.1353194	61.9409985	58.4336234	
17.55461	60.2742091	60.1353194	61.9409985	58.4336234	
17.56478	60.2742091	60.1353194	61.9409985	58.4336234	
17.57489	60.2742091	60.1353194	61.9409985	58.4336234	
17.58508	60.2742091	60.1353194	61.9409985	58.4336234	
17.59521	60.2742091	60.1353194	61.9409985	58.4336234	
17.6054	60.2742091	60.1353194	61.9409985	58.4336234	
17.61558	60.2742091	60.1353194	61.9409985	58.4336234	
17.62577	60.2742091	60.1353194	61.9409985	58.4336234	
17.63588	60.2742091	60.1353194	61.9409985	58.4336234	
17.64607	60.2742091	60.1353194	61.9409985	58.4336234	
17.65618	60.2742091	60.1353194	61.9409985	58.4336234	
17.66642	60.2742091	60.1353194	61.9409985	58.4336234	
17.67652	60.2742091	60.1353194	61.9409985	58.4336234	
17.68668	60.2742091	60.1353194	61.9409985	58.4336234	
17.69685	60.2742091	60.1353194	61.9409985	58.4336234	
17.71672	60.2742091	60.1353194	61.9409985	58.4336234	
17.72133	60.2742091	60.1353194	61.9409985	58.4336234	
17.73159	60.2742091	60.1353194	61.9409985	58.4336234	
17.7417	60.2742091	60.1353194	61.9409985	58.4336234	
17.75181	60.2742091	60.1353194	61.9409985	58.4336234	
17.76208	60.2742091	60.1353194	61.9409985	58.4336234	
17.77214	60.2742091	60.1353194	61.9409985	58.4336234	
17.7823	60.2742091	60.1353194	61.9409985	58.4336234	
17.79245	60.2742091	60.1353194	61.9409985	58.44235	
17.8026	60.2742091	60.1353194	61.9409985	58.44235	
17.81523	60.2742091	60.1353194	61.9409985	58.44235	
17.82297	60.2742091	60.1353194	61.9409985	58.4510766	
17.83313	60.2742091	60.1353194	61.9409985	58.4510766	
17.84334	60.2742091	60.1353194	61.9409985	58.4510766	
17.85343	60.2742091	60.1353194	61.9409985	58.4598033	
17.86359	60.2742091	60.1353194	61.9409985	58.4685299	
17.87375	60.2742091	60.1353194	61.9409985	58.4685299	
17.88389	60.2742091	60.1353194	61.9409985	58.4772566	
17.89405	60.2742091	60.1353194	61.9409985	58.4947099	
17.90417	60.2742091	60.1353194	61.9409985	58.5034365	
17.91437	60.2742091	60.1353194	61.9409985	58.5208898	
17.9246	60.2742091	60.1353194	61.9409985	58.5383431	
17.93469	60.2742091	60.1353194	61.9409985	58.5557964	
17.94488	60.2742091	60.1353194	61.9409985	58.5732497	
17.95501	60.2742091	60.1353194	61.9409985	58.5994296	
17.96521	60.2742091	60.1353194	61.9409985	58.6168829	
17.97533	60.2742091	60.1353194	61.9409985	58.6430629	
17.98549	60.2742091	60.1353194	61.9409985	58.6692428	
17.99574	60.2742091	60.1353194	61.9409985	58.6866961	
18.00586	60.2742091	60.1353194	61.9409985	58.712876	
18.01603	60.2742091	60.1353194	61.9409985	58.7303293	
18.02651	60.2742091	60.1353194	61.9409985	58.7477826	
18.03658	60.2742091	60.1353194	61.9409985	58.7739626	
18.04675	60.2742091	60.1353194	61.9409985	58.7914159	
18.05693	60.2742091	60.1353194	61.9409985	58.8088691	
18.06716	60.2742091	60.1353194	61.9409985	58.8263224	
18.07722	60.2742091	60.1353194	61.9409985	58.8525024	
18.08736	60.2742091	60.1353194	61.9409985	58.861229	
18.09752	60.2742091	60.1353194	61.9409985	58.8786823	
18.10771	60.2742091	60.1353194	61.9409985	58.887409	
18.11827	60.2742091	60.1353194	61.9409985	58.887409	
18.12804	60.2742091	60.1353194	61.9409985	58.887409	
18.13839	60.2742091	60.1353194	61.9409985	58.887409	
18.14828	60.2742091	60.1353194	61.9409985	58.887409	
18.1584	60.2742091	60.1353194	61.9409985	58.8786823	
18.16861	60.2742091	60.1353194	61.9409985	58.8786823	
18.17874	60.2742091	60.1353194	61.9409985	58.8699557	
18.18889	60.2742091	60.1353194	61.9409985	58.8699557	
18.199	60.2742091	60.1353194	61.9409985	58.8699557	
18.20936	60.2742091	60.1353194	61.9409985	58.8699557	
18.21985	60.2742091	60.1353194	61.9409985	58.8699557	
18.23022	60.2742091	60.1353194	61.9409985	58.8699557	
18.24025	60.2742091	60.1353194	61.9409985	58.8699557	
18.25043	60.2742091	60.1353194	61.9409985	58.8699557	
18.26058	60.2742091	60.1353194	61.9409985	58.8786823	
18.27114	60.2742091	60.1353194	61.9409985	58.8786823	
18.28106	60.2742091	60.1353194	61.9409985	58.8786823	
18.29105	60.2742091	60.1353194	61.9409985	58.8786823	
18.30124	60.2742091	60.144046	61.9409985	58.8786823	
18.31132	60.2742091	60.144046	61.9409985	58.8786823	
18.32153	60.2742091	60.144046	61.9409985	58.8786823	
18.33292	60.2742091	60.1614993	61.9409985	58.8786823	
18.34312	60.2742091	60.170226	61.9409985	58.8786823	
18.35323	60.2742091	60.1789526	61.9409985	58.8786823	
18.36337	60.2742091	60.1964059	61.9409985	58.8786823	
18.37352	60.2742091	60.2138592	61.9409985	58.887409	
18.38371	60.2742091	60.2225858	61.9409985	58.887409	
18.39386	60.2742091	60.2313125	61.9409985	58.887409	
18.40402	60.2742091	60.2487658	61.9409985	58.887409	
18.41416	60.2742091	60.2662191	61.9409985	58.887409	
18.42428	60.2742091	60.2836724	61.9409985	58.8961356	
18.43566	60.2742091	60.3011257	61.9409985	58.9048623	
18.44603	60.2742091	60.3098523	61.9409985	58.9135889	
18.45612	60.2742091	60.3185789	61.9409985	58.9223155	
18.46632	60.2742091	60.3273056	61.9409985	58.9397688	
18.47641	60.2742091	60.3360322	61.9409985	58.9484955	
18.48666	60.2742091	60.3447589	61.9409985	58.9659488	
18.49681	60.2742091	60.3447589	61.9409985	58.9834021	
18.50693	60.2742091	60.3534855	61.9409985	59.0008554	
18.51706	60.2742091	60.3534855	61.9409985	59.0270353	
18.52722	60.2742091	60.3534855	61.9409985	59.0444886	
18.54645	60.2742091	60.3534855	61.9409985	59.0619419	
18.55116	60.2742091	60.3534855	61.9409985	59.0968485	
18.56136	60.2742091	60.3534855	61.9409985	59.1230284	
18.57153	60.2742091	60.3534855	61.9409985	59.1404817	
18.58168	60.2742091	60.3534855	61.9409985	59.1666616	
18.59182	60.2742091	60.3534855	61.9409985	59.1928416	
18.60205	60.2742091	60.3534855	61.9409985	59.2190215	
18.61211	60.2742091	60.3534855	61.9409985	59.2364748	
18.62227	60.2742091	60.3534855	61.9409985	59.2713814	
18.6324	60.2742091	60.3534855	61.9409985	59.2888347	
18.64273	60.2742091	60.3534855	61.9409985	59.3150146	
18.65279	60.2742091	60.3534855	61.9409985	59.3411946	
18.66302	60.2742091	60.3534855	61.9409985	59.3673745	
18.67315	60.2742091	60.3534855	61.9409985	59.3848278	
18.68335	60.2742091	60.3534855	61.9409985	59.4110077	
18.69348	60.2742091	60.3534855	61.9409985	59.428461	
18.70363	60.2742091	60.3534855	61.9409985	59.4459143	
18.71383	60.2742091	60.3534855	61.9409985	59.4720943	
18.72392	60.2742091	60.3534855	61.9409985	59.4895476	
18.7341	60.2742091	60.3534855	61.9409985	59.5157275	
18.74461	60.2742091	60.3534855	61.9409985	59.5331808	
18.75445	60.2742091	60.3534855	61.9409985	59.5506341	
18.7646	60.2742091	60.3534855	61.9409985	59.576814	
18.77475	60.2742091	60.3534855	61.9409985	59.5942673	
18.78494	60.2742091	60.3534855	61.9409985	59.6204472	
18.79509	60.2742091	60.3534855	61.9409985	59.6466272	
18.80522	60.2742091	60.3534855	61.9409985	59.6640805	
18.81536	60.2742091	60.3534855	61.9409985	59.6902604	
18.82555	60.2742091	60.3534855	61.9409985	59.7164404	
18.83573	60.2742091	60.3534855	61.9409985	59.7426203	
18.8469	60.2742091	60.3447589	61.9409985	59.7600736	
18.857	60.2742091	60.3447589	61.9409985	59.7862535	
18.86708	60.2742091	60.3447589	61.9409985	59.8124335	
18.87726	60.2742091	60.3447589	61.9409985	59.8298868	
18.88738	60.2742091	60.3447589	61.9409985	59.8560667	
18.89757	60.2742091	60.3360322	61.9409985	59.87352	
18.90783	60.2742091	60.3360322	61.9409985	59.8996999	
18.9179	60.2742091	60.3360322	61.9409985	59.9171532	
18.92801	60.2742091	60.3273056	61.9409985	59.9346065	
18.93846	60.2742091	60.3185789	61.9409985	59.9520598	
18.94953	60.2742091	60.3185789	61.9409985	59.9695131	
18.95975	60.2742091	60.3011257	61.9409985	59.9782397	
18.96984	60.2742091	60.3011257	61.9409985	59.9869664	
18.97996	60.2742091	60.292399	61.9409985	59.995693	
18.99015	60.2742091	60.2836724	61.9409985	60.0044197	
19.00031	60.2742091	60.2836724	61.9409985	60.0044197	
19.01049	60.2742091	60.2836724	61.9409985	60.0044197	
19.02066	60.2742091	60.2836724	61.9409985	60.0044197	
19.03076	60.2742091	60.2836724	61.9409985	59.995693	
19.04121	60.2742091	60.2836724	61.9409985	59.995693	
19.05241	60.2742091	60.292399	61.9409985	59.995693	
19.06252	60.2742091	60.292399	61.9409985	59.995693	
19.07352	60.2742091	60.3011257	61.9409985	59.995693	
19.08319	60.2742091	60.3011257	61.9409985	59.995693	
19.09335	60.2742091	60.3098523	61.9409985	59.995693	
19.10351	60.2742091	60.3098523	61.9409985	59.995693	
19.11364	60.2742091	60.3185789	61.9409985	59.995693	
19.12386	60.2742091	60.3185789	61.9409985	59.995693	
19.13396	60.2742091	60.3185789	61.9409985	59.995693	
19.14415	60.2742091	60.3185789	61.9409985	59.995693	
19.15507	60.2742091	60.3185789	61.9409985	59.995693	
19.17527	60.2742091	60.3273056	61.9409985	59.995693	
19.17995	60.2742091	60.3273056	61.9409985	59.995693	
19.19011	60.2742091	60.3273056	61.9409985	59.995693	
19.20025	60.2742091	60.3360322	61.9409985	59.995693	
19.21069	60.2742091	60.3360322	61.9409985	59.995693	
19.2208	60.2742091	60.3360322	61.9409985	59.995693	
19.23095	60.2742091	60.3360322	61.9409985	59.995693	
19.24114	60.2742091	60.3360322	61.9409985	60.0044197	
19.25378	60.2742091	60.3360322	61.9409985	60.0044197	
19.26182	60.2742091	60.3360322	61.9409985	60.0044197	
19.27169	60.2742091	60.3360322	61.9409985	60.0131463	
19.28195	60.2742091	60.3360322	61.9409985	60.021873	
19.29196	60.2742091	60.3360322	61.9409985	60.0393263	
19.30215	60.2742091	60.3360322	61.9409985	60.0393263	
19.31227	60.2742091	60.3360322	61.9409985	60.0567796	
19.3225	60.2742091	60.3360322	61.9409985	60.0742329	
19.33262	60.2742091	60.3360322	61.9409985	60.0829595	
19.34272	60.2742091	60.3360322	61.9409985	60.1004128	
19.35292	60.2742091	60.3360322	61.9409985	60.1091394	
19.36306	60.2742091	60.3360322	61.9409985	60.1353194	
19.37326	60.2742091	60.3360322	61.9409985	60.144046	
19.38342	60.2742091	60.3360322	61.9409985	60.170226	
19.39355	60.2742091	60.3360322	61.9409985	60.1876793	
19.40381	60.2742091	60.3360322	61.9409985	60.2138592	
19.41393	60.2742091	60.3360322	61.9409985	60.2313125	
19.42409	60.2742091	60.3360322	61.9409985	60.2574924	
19.43433	60.2742091	60.3360322	61.9409985	60.2836724	
19.44436	60.2742091	60.3360322	61.9409985	60.3011257	
19.45456	60.2742091	60.3360322	61.9409985	60.3273056	
19.46479	60.2742091	60.3360322	61.9409985	60.3534855	
19.47493	60.2742091	60.3360322	61.9409985	60.3709388	
19.48506	60.2742091	60.3360322	61.9409985	60.3971188	
19.49521	60.2742091	60.3360322	61.9409985	60.4232987	
19.50541	60.2742091	60.3360322	61.9409985	60.4494786	
19.51563	60.2742091	60.3360322	61.9409985	60.4669319	
19.52629	60.2742091	60.3360322	61.9409985	60.4931119	
19.5364	60.2742091	60.3360322	61.9409985	60.5192918	
19.5467	60.2742091	60.3360322	61.9409985	60.5454718	
19.55704	60.2742091	60.3360322	61.9409985	60.5716517	
19.56697	60.2742091	60.3360322	61.9409985	60.5978316	
19.57708	60.2742091	60.3360322	61.9409985	60.6240116	
19.58731	60.2742091	60.3360322	61.9409985	60.6414649	
19.59742	60.2742091	60.3360322	61.9409985	60.6676448	
19.60752	60.2742091	60.3360322	61.9409985	60.6938247	
19.61769	60.2742091	60.3360322	61.9409985	60.711278	
19.62791	60.2742091	60.3360322	61.9409985	60.737458	
19.63803	60.2742091	60.3360322	61.9409985	60.7636379	
19.64817	60.2742091	60.3360322	61.9409985	60.7810912	
19.6585	60.2742091	60.3360322	61.9409985	60.8072711	
19.66929	60.2742091	60.3360322	61.9409985	60.8247244	
19.67935	60.2742091	60.3360322	61.9409985	60.8421777	
19.68948	60.2742091	60.3360322	61.9409985	60.8683577	
19.69985	60.2742091	60.3360322	61.9409985	60.885811	
19.7117	60.2742091	60.3360322	61.9409985	60.9032642	
19.71993	60.2742091	60.3360322	61.9409985	60.9207175	
19.73008	60.2742091	60.3360322	61.9409985	60.9381708	
19.74021	60.2742091	60.3360322	61.9409985	60.9468975	
19.75036	60.2742091	60.3360322	61.9409985	60.9468975	
19.76054	60.2742091	60.3360322	61.9409985	60.9468975	
19.77205	60.2742091	60.3360322	61.9409985	60.9468975	
19.78217	60.2742091	60.3360322	61.9409985	60.9468975	
19.79233	60.2742091	60.3360322	61.9409985	60.9468975	
19.80251	60.2742091	60.3360322	61.9409985	60.9468975	
19.81267	60.2742091	60.3360322	61.9409985	60.9468975	
19.82282	60.2742091	60.3360322	61.9409985	60.9468975	
19.83308	60.2742091	60.3360322	61.9409985	60.9468975	
19.84317	60.2742091	60.3360322	61.9409985	60.9381708	
19.85333	60.2742091	60.3360322	61.9409985	60.9381708	
19.86344	60.2742091	60.3360322	61.9409985	60.9381708	
19.87478	60.2742091	60.3360322	61.9409985	60.9381708	
19.88481	60.2742091	60.3360322	61.9409985	60.9381708	
19.89496	60.2742091	60.3360322	61.9409985	60.9294442	
19.90513	60.2742091	60.3360322	61.9409985	60.9294442	
19.91527	60.2742091	60.3360322	61.9409985	60.9294442	
19.92546	60.2742091	60.3360322	61.9409985	60.9294442	
19.93563	60.2742091	60.3360322	61.9409985	60.9294442	
19.94578	60.2742091	60.3360322	61.9409985	60.9294442	
19.95595	60.2742091	60.3360322	61.9409985	60.9381708	
19.96608	60.2742091	60.3360322	61.9409985	60.9381708	
19.97779	60.2742091	60.3360322	61.9409985	60.9468975	
19.98766	60.2742091	60.3360322	61.9409985	60.9468975	
19.99762	60.2742091	60.3360322	61.9409985	60.9556241	
20.00786	60.2742091	60.3360322	61.9409985	60.9730774	
20.01829	60.2742091	60.3360322	61.9409985	60.9818041	
20.02809	60.2742091	60.3360322	61.9409985	60.9992574	
20.03824	60.2742091	60.3360322	61.9409985	61.0167106	
20.04838	60.2742091	60.3360322	61.9409985	61.0341639	
20.05856	60.2742091	60.3360322	61.9409985	61.0516172	
20.06868	60.2742091	60.3360322	61.9409985	61.0777972	
20.08009	60.2742091	60.3360322	61.9409985	61.1039771	
20.09018	60.2742091	60.3360322	61.9409985	61.1301571	
20.1003	60.2742091	60.3360322	61.9409985	61.156337	
20.11039	60.2742091	60.3360322	61.9409985	61.1912436	
20.12101	60.2742091	60.3360322	61.9409985	61.2174235	
20.13078	60.2742091	60.3360322	61.9409985	61.2523301	
20.14089	60.2742091	60.3360322	61.9409985	61.2872367	
20.15103	60.2742091	60.3360322	61.9409985	61.3134166	
20.1612	60.2742091	60.3360322	61.9409985	61.3483232	
20.17135	60.2742091	60.3360322	61.9409985	61.3832298	
20.18274	60.2742091	60.3360322	61.9409985	61.4181364	
20.19301	60.2742091	60.3360322	61.9409985	61.4443163	
20.20307	60.2742091	60.3360322	61.9409985	61.4792229	
20.21323	60.2742091	60.3360322	61.9409985	61.5054028	
20.22337	60.2742091	60.3360322	61.9409985	61.5403094	
20.23354	60.2742091	60.3360322	61.9409985	61.5664894	
20.24375	60.2742091	60.3360322	61.9409985	61.6013959	
20.25386	60.2742091	60.3360322	61.9409985	61.6275759	
20.26404	60.2742091	60.3360322	61.9409985	61.6537558	
20.2742	60.2742091	60.3360322	61.9409985	61.6799358	
20.28585	60.2742091	60.3360322	61.9409985	61.7148424	
20.29558	60.2742091	60.3360322	61.9409985	61.7497489	
20.30574	60.2742091	60.3360322	61.9409985	61.7759289	
20.31597	60.2742091	60.3360322	61.9409985	61.7933822	
20.32605	60.2742091	60.3360322	61.9409985	61.8195621	
20.33624	60.2742091	60.3360322	61.9409985	61.845742	
20.34646	60.2742091	60.3360322	61.9409985	61.871922	
20.35653	60.2742091	60.3360322	61.9409985	61.8981019	
20.3667	60.2742091	60.3360322	61.9409985	61.9242819	
20.37708	60.2742091	60.3360322	61.9409985	61.9504618	
20.38747	60.2742091	60.3360322	61.9409985	61.9766417	
20.39753	60.2742091	60.3360322	61.9409985	61.994095	
20.40766	60.2742091	60.3360322	61.9409985	62.0290016	
20.41785	60.2742091	60.3360322	61.9409985	62.0464549	
20.42835	60.2742091	60.3360322	61.9409985	62.0639082	
20.43815	60.2742091	60.3360322	61.9409985	62.0900881	
20.44828	60.2742091	60.3360322	61.9409985	62.1075414	
20.45853	60.2742091	60.3360322	61.9409985	62.1249947	
20.46858	60.2742091	60.3360322	61.9409985	62.142448	
20.47875	60.2742091	60.3360322	61.9409985	62.1511747	
20.4889	60.2742091	60.3360322	61.9409985	62.1599013	
20.49904	60.2742091	60.3360322	61.9409985	62.1599013	
20.51704	60.2742091	60.3360322	61.9409985	62.1599013	
20.52159	60.2742091	60.3360322	61.9409985	62.1599013	
20.53182	60.2742091	60.3360322	61.9409985	62.1511747	
20.54184	60.2742091	60.3360322	61.9409985	62.1511747	
20.55201	60.2742091	60.3360322	61.9409985	62.1511747	
20.56225	60.2742091	60.3360322	61.9409985	62.142448	
20.57235	60.2742091	60.3360322	61.9409985	62.142448	
20.58251	60.2742091	60.3360322	61.9409985	62.1511747	
20.59267	60.2742091	60.3360322	61.9409985	62.1511747	
20.60285	60.2742091	60.3360322	61.9409985	62.1511747	
20.61295	60.2742091	60.3360322	61.9409985	62.1511747	
20.6231	60.2742091	60.3360322	61.9409985	62.1511747	
20.63331	60.2742091	60.3360322	61.9409985	62.1511747	
20.64346	60.2742091	60.3360322	61.9409985	62.1511747	
20.6536	60.2742091	60.3360322	61.9409985	62.1511747	
20.66398	60.2742091	60.3360322	61.9409985	62.1511747	
20.67394	60.2742091	60.3360322	61.9409985	62.1511747	
20.68409	60.2742091	60.3360322	61.9409985	62.1511747	
20.69425	60.2742091	60.3360322	61.9409985	62.1511747	
20.7044	60.2742091	60.3360322	61.9409985	62.1511747	
20.72348	60.2742091	60.3360322	61.9409985	62.1511747	
20.72807	60.2742091	60.3360322	61.9409985	62.1511747	
20.73822	60.2742091	60.3360322	61.9409985	62.1511747	
20.74835	60.2742091	60.3360322	61.9409985	62.1511747	
20.75853	60.2742091	60.3360322	61.9409985	62.1511747	
20.76876	60.2742091	60.3360322	61.9409985	62.1511747	
20.77883	60.2742091	60.3360322	61.9409985	62.1511747	
20.78895	60.2742091	60.3360322	61.9409985	62.1511747	
20.79921	60.2742091	60.3360322	61.9409985	62.1511747	
20.80934	60.2742091	60.3360322	61.9409985	62.1511747	
20.81943	60.2742091	60.3360322	61.9409985	62.1511747	
20.82957	60.2742091	60.3360322	61.9409985	62.1511747	
20.83971	60.2742091	60.3360322	61.9409985	62.1511747	
20.84988	60.2742091	60.3360322	61.9409985	62.1511747	
20.86004	60.2742091	60.3360322	61.9409985	62.1511747	
20.87032	60.2742091	60.3360322	61.9409985	62.1511747	
20.88035	60.2742091	60.3360322	61.9409985	62.1511747	
20.89058	60.2742091	60.3360322	61.9409985	62.1511747	
20.90853	60.2742091	60.3360322	61.9409985	62.1511747	
20.91336	60.2742091	60.3360322	61.9409985	62.1511747	
20.92326	60.2742091	60.3360322	61.9409985	62.1511747	
20.93342	60.2742091	60.3360322	61.9409985	62.1511747	
20.94355	60.2742091	60.3360322	61.9409985	62.1511747	
20.95374	60.2742091	60.3360322	61.9409985	62.1511747	
20.96398	60.2742091	60.3360322	61.9409985	62.1511747	
20.97406	60.2742091	60.3360322	61.9409985	62.1511747	
20.98427	60.2742091	60.3360322	61.9409985	62.1511747	
20.99449	60.2742091	60.3360322	61.9409985	62.1511747	
21.00458	60.2742091	60.3360322	61.9409985	62.1511747	
21.01471	60.2742091	60.3360322	61.9409985	62.1511747	
21.02488	60.2742091	60.3360322	61.9409985	62.1511747	
21.03505	60.2742091	60.3360322	61.9409985	62.1511747	
21.04519	60.2742091	60.3360322	61.9409985	62.1511747	
21.05534	60.2742091	60.3360322	61.9409985	62.1511747	
21.06546	60.2742091	60.3360322	61.9409985	62.1511747	
21.07566	60.2742091	60.3360322	61.9409985	62.1511747	
21.08579	60.2742091	60.3360322	61.9409985	62.1511747	
21.09597	60.2742091	60.3360322	61.9409985	62.1511747	
21.10613	60.2742091	60.3360322	61.9409985	62.1511747	
21.11622	60.2742091	60.3360322	61.9409985	62.1511747	
21.12641	60.2742091	60.3360322	61.9409985	62.1511747	
21.13656	60.2742091	60.3360322	61.9409985	62.1511747	
21.14677	60.2742091	60.3360322	61.9409985	62.1511747	
21.15721	60.2742091	60.3360322	61.9409985	62.1511747	
21.16733	60.2742091	60.3360322	61.9409985	62.1511747	
21.17788	60.2742091	60.3360322	61.9409985	62.1511747	
21.18811	60.2742091	60.3360322	61.9409985	62.1511747	
21.1982	60.2742091	60.3360322	61.9409985	62.1511747	
21.20834	60.2742091	60.3360322	61.9409985	62.1511747	
21.21855	60.2742091	60.3360322	61.9409985	62.1511747	
21.22863	60.2742091	60.3360322	61.9409985	62.1511747	
21.23876	60.2742091	60.3360322	61.9409985	62.1511747	
21.2489	60.2742091	60.3360322	61.9409985	62.1511747	
21.25916	60.2742091	60.3360322	61.9409985	62.1511747	
21.26925	60.2742091	60.3360322	61.9409985	62.1511747	
21.27977	60.2742091	60.3360322	61.9409985	62.1511747	
21.28955	60.2742091	60.3360322	61.9409985	62.1511747	
21.29968	60.2742091	60.3360322	61.9409985	62.1511747	
21.30977	60.2742091	60.3360322	61.9409985	62.1511747	
21.31995	60.2742091	60.3360322	61.9409985	62.1511747	
21.3301	60.2742091	60.3360322	61.9409985	62.1511747	
21.34024	60.2742091	60.3360322	61.9409985	62.1511747	
21.35036	60.2742091	60.3360322	61.9409985	62.1511747	
21.3605	60.2742091	60.3360322	61.9409985	62.1511747	
21.37077	60.2742091	60.3360322	61.9409985	62.1511747	
21.38087	60.2742091	60.3360322	61.9409985	62.1511747	
21.39101	60.2742091	60.3360322	61.9409985	62.1511747	
21.40125	60.2742091	60.3360322	61.9409985	62.1511747	
21.41135	60.2742091	60.3360322	61.9409985	62.1511747	
21.4215	60.2742091	60.3360322	61.9409985	62.1511747	
21.43185	60.2742091	60.3360322	61.9409985	62.1511747	
21.44202	60.2742091	60.3360322	61.9409985	62.1511747	
21.45219	60.2742091	60.3360322	61.9409985	62.1511747	
21.46252	60.2742091	60.3360322	61.9409985	62.1511747	
21.47267	60.2742091	60.3360322	61.9409985	62.1511747	
21.48288	60.2742091	60.3360322	61.9409985	62.1511747	
21.49298	60.2742091	60.3360322	61.9409985	62.1511747	
21.50317	60.2742091	60.3360322	61.9409985	62.1511747	
21.51332	60.2742091	60.3360322	61.9409985	62.1511747	
21.52348	60.2742091	60.3360322	61.9409985	62.1511747	
21.53364	60.2742091	60.3360322	61.9409985	62.1511747	
21.54375	60.2742091	60.3360322	61.9409985	62.1511747	
21.5539	60.2742091	60.3360322	61.9409985	62.1511747	
21.56413	60.2742091	60.3360322	61.9409985	62.1511747	
21.57421	60.2742091	60.3360322	61.9409985	62.1511747	
21.58438	60.2742091	60.3360322	61.9409985	62.1511747	
21.59462	60.2742091	60.3360322	61.9409985	62.1511747	
21.60476	60.2742091	60.3360322	61.9409985	62.1511747	
21.61484	60.2742091	60.3360322	61.9409985	62.1511747	
21.62506	60.2742091	60.3360322	61.9409985	62.1511747	
21.63517	60.2742091	60.3360322	61.9409985	62.1511747	
21.6453	60.2742091	60.3360322	61.9409985	62.1511747	
21.65552	60.2742091	60.3360322	61.9409985	62.1511747	
21.66569	60.2742091	60.3360322	61.9409985	62.1511747	
21.6759	60.2742091	60.3360322	61.9409985	62.1511747	
21.686	60.2742091	60.3360322	61.9409985	62.1511747	
21.69612	60.2742091	60.3360322	61.9409985	62.1511747	
21.70656	60.2742091	60.3360322	61.9409985	62.1511747	
21.72588	60.2742091	60.3360322	61.9409985	62.1511747	
21.73055	60.2742091	60.3360322	61.9409985	62.1511747	
21.74065	60.2742091	60.3360322	61.9409985	62.1511747	
21.75118	60.2742091	60.3360322	61.9409985	62.1511747	
21.76131	60.2742091	60.3360322	61.9409985	62.1511747	
21.77144	60.2742091	60.3360322	61.9409985	62.1511747	
21.78159	60.2742091	60.3360322	61.9409985	62.1511747	
21.79172	60.2742091	60.3360322	61.9409985	62.1511747	
21.80194	60.2742091	60.3360322	61.9409985	62.1511747	
21.81219	60.2742091	60.3360322	61.9409985	62.1511747	
21.82229	60.2742091	60.3360322	61.9409985	62.1511747	
21.83244	60.2742091	60.3360322	61.9409985	62.1511747	
21.84269	60.2742091	60.3360322	61.9409985	62.1511747	
21.85273	60.2742091	60.3360322	61.9409985	62.1511747	
21.86287	60.2742091	60.3360322	61.9409985	62.1511747	
21.8731	60.2742091	60.3360322	61.9409985	62.1511747	
21.88321	60.2742091	60.3360322	61.9409985	62.1511747	
21.89337	60.2742091	60.3360322	61.9409985	62.1511747	
21.9035	60.2742091	60.3360322	61.9409985	62.1511747	
21.91369	60.2742091	60.3360322	61.9409985	62.1511747	
21.9239	60.2742091	60.3360322	61.9409985	62.1511747	
21.93418	60.2742091	60.3360322	61.9409985	62.1511747	
21.94416	60.2742091	60.3360322	61.9409985	62.1511747	
21.9543	60.2742091	60.3360322	61.9409985	62.1511747	
21.96448	60.2742091	60.3360322	61.9409985	62.1511747	
21.97462	60.2742091	60.3360322	61.9409985	62.1511747	
21.98479	60.2742091	60.3360322	61.9409985	62.1511747	
21.99496	60.2742091	60.3360322	61.9409985	62.1511747	
22.0051	60.2742091	60.3360322	61.9409985	62.1511747	
22.01526	60.2742091	60.3360322	61.9409985	62.1511747	
22.02548	60.2742091	60.3360322	61.9409985	62.1511747	
22.03559	60.2742091	60.3360322	61.9409985	62.1511747	
22.04574	60.2742091	60.3360322	61.9409985	62.1511747	
22.05588	60.2742091	60.3360322	61.9409985	62.1511747	
22.06602	60.2742091	60.3360322	61.9409985	62.1511747	
22.07625	60.2742091	60.3360322	61.9409985	62.1511747	
22.08638	60.2742091	60.3360322	61.9409985	62.1511747	
22.09654	60.2742091	60.3360322	61.9409985	62.1511747	
22.10674	60.2742091	60.3360322	61.9409985	62.1511747	
22.11679	60.2742091	60.3360322	61.9409985	62.1511747	
22.12702	60.2742091	60.3360322	61.9409985	62.1511747	
22.13717	60.2742091	60.3360322	61.9409985	62.1511747	
22.14732	60.2742091	60.3360322	61.9409985	62.1511747	
22.15739	60.2742091	60.3360322	61.9409985	62.1511747	
22.16758	60.2742091	60.3360322	61.9409985	62.1511747	
22.17777	60.2742091	60.3360322	61.9409985	62.1511747	
22.18792	60.2742091	60.3360322	61.9409985	62.1511747	
22.19803	60.2742091	60.3360322	61.9409985	62.1511747	
22.20816	60.2742091	60.3360322	61.9409985	62.1511747	
22.21834	60.2742091	60.3360322	61.9409985	62.1511747	
22.22847	60.2742091	60.3360322	61.9409985	62.1511747	
22.23861	60.2742091	60.3360322	61.9409985	62.1511747	
22.24875	60.2742091	60.3360322	61.9409985	62.1511747	
22.25895	60.2742091	60.3360322	61.9409985	62.1511747	
22.26912	60.2742091	60.3360322	61.9409985	62.1511747	
22.27924	60.2742091	60.3360322	61.9409985	62.1511747	
22.2894	60.2742091	60.3360322	61.9409985	62.1511747	
22.29956	60.2742091	60.3360322	61.9409985	62.1511747	
22.30968	60.2742091	60.3360322	61.9409985	62.1511747	
22.31983	60.2742091	60.3360322	61.9409985	62.1511747	
22.32998	60.2742091	60.3360322	61.9409985	62.1511747	
22.34021	60.2742091	60.3360322	61.9409985	62.1511747	
22.35032	60.2742091	60.3360322	61.9409985	62.1511747	
22.36044	60.2742091	60.3360322	61.9409985	62.1511747	
22.37076	60.2742091	60.3360322	61.9409985	62.1511747	
22.38078	60.2742091	60.3360322	61.9409985	62.1511747	
22.39094	60.2742091	60.3360322	61.9409985	62.1511747	
22.40107	60.2742091	60.3360322	61.9409985	62.1511747	
22.41131	60.2742091	60.3360322	61.9409985	62.1511747	
22.42145	60.2742091	60.3360322	61.9409985	62.1511747	
22.43162	60.2742091	60.3360322	61.9409985	62.1511747	
22.4418	60.2742091	60.3360322	61.9409985	62.1511747	
22.45199	60.2742091	60.3360322	61.9409985	62.1511747	
22.4621	60.2742091	60.3360322	61.9409985	62.1511747	
22.47227	60.2742091	60.3360322	61.9409985	62.1511747	
22.48243	60.2742091	60.3360322	61.9409985	62.1511747	
22.49258	60.2742091	60.3360322	61.9409985	62.1511747	
22.50274	60.2742091	60.3360322	61.9409985	62.1511747	
22.51289	60.2742091	60.3360322	61.9409985	62.1511747	
22.52308	60.2742091	60.3360322	61.9409985	62.1511747	
22.53321	60.2742091	60.3360322	61.9409985	62.1511747	
22.54337	60.2742091	60.3360322	61.9409985	62.1511747	
22.55352	60.2742091	60.3360322	61.9409985	62.1511747	
22.56364	60.2742091	60.3360322	61.9409985	62.1511747	
22.57376	60.2742091	60.3360322	61.9409985	62.1511747	
22.58395	60.2742091	60.3360322	61.9409985	62.1511747	
22.59412	60.2742091	60.3360322	61.9409985	62.1511747	
22.60429	60.2742091	60.3360322	61.9409985	62.1511747	
22.61441	60.2742091	60.3360322	61.9409985	62.1511747	
22.62458	60.2742091	60.3360322	61.9409985	62.1511747	
22.63479	60.2742091	60.3360322	61.9409985	62.1511747	
22.6449	60.2742091	60.3360322	61.9409985	62.1511747	
22.65506	60.2742091	60.3360322	61.9409985	62.1511747	
22.66528	60.2742091	60.3360322	61.9409985	62.1511747	
22.67538	60.2742091	60.3360322	61.9409985	62.1511747	
22.68553	60.2742091	60.3360322	61.9409985	62.1511747	
22.69571	60.2742091	60.3360322	61.9409985	62.1511747	
22.70589	60.2742091	60.3360322	61.9409985	62.1511747	
22.72443	60.2742091	60.3360322	61.9409985	62.1511747	
22.72899	60.2742091	60.3360322	61.9409985	62.1511747	
22.74747	60.2742091	60.3360322	61.9409985	62.1511747	
22.75207	60.2742091	60.3360322	61.9409985	62.1511747	
22.76223	60.2742091	60.3360322	61.9409985	62.1511747	
22.77235	60.2742091	60.3360322	61.9409985	62.1511747	
22.78247	60.2742091	60.3360322	61.9409985	62.1511747	
22.79266	60.2742091	60.3360322	61.9409985	62.1511747	
22.80287	60.2742091	60.3360322	61.9409985	62.1511747	
22.813	60.2742091	60.3360322	61.9409985	62.1511747	
22.82315	60.2742091	60.3360322	61.9409985	62.1511747	
22.83334	60.2742091	60.3360322	61.9409985	62.1511747	
22.84346	60.2742091	60.3360322	61.9409985	62.1511747	
22.85362	60.2742091	60.3360322	61.9409985	62.1511747	
22.86377	60.2742091	60.3360322	61.9409985	62.1511747	
22.87394	60.2742091	60.3360322	61.9409985	62.1511747	
22.88418	60.2742091	60.3360322	61.9409985	62.1511747	
22.89425	60.2742091	60.3360322	61.9409985	62.1511747	
22.90443	60.2742091	60.3360322	61.9409985	62.1511747	
22.91466	60.2742091	60.3360322	61.9409985	62.1511747	
22.92475	60.2742091	60.3360322	61.9409985	62.1511747	
22.93489	60.2742091	60.3360322	61.9409985	62.1511747	
22.94502	60.2742091	60.3360322	61.9409985	62.1511747	
22.95518	60.2742091	60.3360322	61.9409985	62.1511747	
22.96538	60.2742091	60.3360322	61.9409985	62.1511747	
22.97551	60.2742091	60.3360322	61.9409985	62.1511747	
22.98568	60.2742091	60.3360322	61.9409985	62.1511747	
22.99584	60.2742091	60.3360322	61.9409985	62.1511747	
23.00598	60.2742091	60.3360322	61.9409985	62.1511747	
23.01614	60.2742091	60.3360322	61.9409985	62.1511747	
23.02629	60.2742091	60.3360322	61.9409985	62.1511747	
23.03643	60.2742091	60.3360322	61.9409985	62.1511747	
23.0466	60.2742091	60.3360322	61.9409985	62.1511747	
23.05675	60.2742091	60.3360322	61.9409985	62.1511747	
23.06693	60.2742091	60.3360322	61.9409985	62.1511747	
23.08507	60.2742091	60.3360322	61.9409985	62.1511747	
23.08965	60.2742091	60.3360322	61.9409985	62.1511747	
23.0998	60.2742091	60.3360322	61.9409985	62.1511747	
23.10991	60.2742091	60.3360322	61.9409985	62.1511747	
23.12011	60.2742091	60.3360322	61.9409985	62.1511747	
23.13022	60.2742091	60.3360322	61.9409985	62.1511747	
23.1404	60.2742091	60.3360322	61.9409985	62.1511747	
23.15057	60.2742091	60.3360322	61.9409985	62.1511747	
23.17847	60.2742091	60.3360322	61.9409985	62.1511747	
23.18305	60.2742091	60.3360322	61.9409985	62.1511747	
23.19322	60.2742091	60.3360322	61.9409985	62.1511747	
23.20337	60.2742091	60.3360322	61.9409985	62.1511747	
23.21354	60.2742091	60.3360322	61.9409985	62.1511747	
23.22367	60.2742091	60.3360322	61.9409985	62.1511747	
23.23385	60.2742091	60.3360322	61.9409985	62.1511747	
23.24403	60.2742091	60.3360322	61.9409985	62.1511747	
23.25434	60.2742091	60.3360322	61.9409985	62.1511747	
23.26433	60.2742091	60.3360322	61.9409985	62.1511747	
23.27453	60.2742091	60.3360322	61.9409985	62.1511747	
23.28475	60.2742091	60.3360322	61.9409985	62.1511747	
23.2948	60.2742091	60.3360322	61.9409985	62.1511747	
23.30495	60.2742091	60.3360322	61.9409985	62.1511747	
23.3151	60.2742091	60.3360322	61.9409985	62.1511747	
23.32528	60.2742091	60.3360322	61.9409985	62.1511747	
23.33543	60.2742091	60.3360322	61.9409985	62.1511747	
23.34561	60.2742091	60.3360322	61.9409985	62.1511747	
23.35572	60.2742091	60.3360322	61.9409985	62.1511747	
23.36586	60.2742091	60.3360322	61.9409985	62.1511747	
23.37604	60.2742091	60.3360322	61.9409985	62.1511747	
23.38623	60.2742091	60.3360322	61.9409985	62.1511747	
23.39638	60.2742091	60.3360322	61.9409985	62.1511747	
23.40652	60.2742091	60.3360322	61.9409985	62.1511747	
23.4167	60.2742091	60.3360322	61.9409985	62.1511747	
23.42689	60.2742091	60.3360322	61.9409985	62.1511747	
23.437	60.2742091	60.3360322	61.9409985	62.1511747	
23.44716	60.2742091	60.3360322	61.9409985	62.1511747	
23.45732	60.2742091	60.3360322	61.9409985	62.1511747	
23.46743	60.2742091	60.3360322	61.9409985	62.1511747	
23.47757	60.2742091	60.3360322	61.9409985	62.1511747	
23.48778	60.2742091	60.3360322	61.9409985	62.1511747	
23.49789	60.2742091	60.3360322	61.9409985	62.1511747	
23.50804	60.2742091	60.3360322	61.9409985	62.1511747	
23.51818	60.2742091	60.3360322	61.9409985	62.1511747	
23.52901	60.2742091	60.3360322	61.9409985	62.1511747	
23.53845	60.2742091	60.3360322	61.9409985	62.1511747	
23.54858	60.2742091	60.3360322	61.9409985	62.1511747	
23.55874	60.2742091	60.3360322	61.9409985	62.1511747	
23.56887	60.2742091	60.3360322	61.9409985	62.1511747	
23.57906	60.2742091	60.3360322	61.9409985	62.1511747	
23.5895	60.2742091	60.3360322	61.9409985	62.1511747	
23.59936	60.2742091	60.3360322	61.9409985	62.1511747	
23.60951	60.2742091	60.3360322	61.9409985	62.1511747	
23.61963	60.2742091	60.3360322	61.9409985	62.1511747	
23.62978	60.2742091	60.3360322	61.9409985	62.1511747	
23.63992	60.2742091	60.3360322	61.9409985	62.1511747	
23.65008	60.2742091	60.3360322	61.9409985	62.1511747	
23.66038	60.2742091	60.3360322	61.9409985	62.1511747	
23.67037	60.2742091	60.3360322	61.9409985	62.1511747	
23.68052	60.2742091	60.3360322	61.9409985	62.1511747	
23.69855	60.2742091	60.3360322	61.9409985	62.1511747	
23.70312	60.2742091	60.3360322	61.9409985	62.1511747	
23.71349	60.2742091	60.3360322	61.9409985	62.1511747	
23.72346	60.2742091	60.3360322	61.9409985	62.1511747	
23.73358	60.2742091	60.3360322	61.9409985	62.1511747	
23.74375	60.2742091	60.3360322	61.9409985	62.1511747	
23.75387	60.2742091	60.3360322	61.9409985	62.1511747	
23.76406	60.2742091	60.3360322	61.9409985	62.1511747	
23.77419	60.2742091	60.3360322	61.9409985	62.1511747	
23.78435	60.2742091	60.3360322	61.9409985	62.1511747	
23.79453	60.2742091	60.3360322	61.9409985	62.1511747	
23.80468	60.2742091	60.3360322	61.9409985	62.1511747	
23.81483	60.2742091	60.3360322	61.9409985	62.1511747	
23.82499	60.2742091	60.3360322	61.9409985	62.1511747	
23.83518	60.2742091	60.3360322	61.9409985	62.1511747	
23.84531	60.2742091	60.3360322	61.9409985	62.1511747	
23.85545	60.2742091	60.3360322	61.9409985	62.1511747	
23.8656	60.2742091	60.3360322	61.9409985	62.1511747	
23.87576	60.2742091	60.3360322	61.9409985	62.1511747	
23.88592	60.2742091	60.3360322	61.9409985	62.1511747	
23.89606	60.2742091	60.3360322	61.9409985	62.1511747	
23.90625	60.2742091	60.3360322	61.9409985	62.1511747	
23.91645	60.2742091	60.3360322	61.9409985	62.1511747	
23.92658	60.2742091	60.3360322	61.9409985	62.1511747	
23.93674	60.2742091	60.3360322	61.9409985	62.1511747	
23.94712	60.2742091	60.3360322	61.9409985	62.1511747	
23.95701	60.2742091	60.3360322	61.9409985	62.1511747	
23.9672	60.2742091	60.3360322	61.9409985	62.1511747	
23.97737	60.2742091	60.3360322	61.9409985	62.1511747	
23.98749	60.2742091	60.3360322	61.9409985	62.1511747	
23.99761	60.2742091	60.3360322	61.9409985	62.1511747	
24.00792	60.2742091	60.3360322	61.9409985	62.1511747	
24.01806	60.2742091	60.3360322	61.9409985	62.1511747	
24.02825	60.2742091	60.3360322	61.9409985	62.1511747	
24.03834	60.2742091	60.3360322	61.9409985	62.1511747	
24.04847	60.2742091	60.3360322	61.9409985	62.1511747	
24.05865	60.2742091	60.3360322	61.9409985	62.1511747	
24.06878	60.2742091	60.3360322	61.9409985	62.1511747	
24.07892	60.2742091	60.3360322	61.9409985	62.1511747	
24.08913	60.2742091	60.3360322	61.9409985	62.1511747	
24.0993	60.2742091	60.3360322	61.9409985	62.1511747	
24.10956	60.2742091	60.3360322	61.9409985	62.1511747	
24.11954	60.2742091	60.3360322	61.9409985	62.1511747	
24.12969	60.2742091	60.3360322	61.9409985	62.1511747	
24.13982	60.2742091	60.3360322	61.9409985	62.1511747	
24.14993	60.2742091	60.3360322	61.9409985	62.1511747	
24.1601	60.2742091	60.3360322	61.9409985	62.1511747	
24.17025	60.2742091	60.3360322	61.9409985	62.1511747	
24.18043	60.2742091	60.3360322	61.9409985	62.1511747	
24.19061	60.2742091	60.3360322	61.9409985	62.1511747	
24.20074	60.2742091	60.3360322	61.9409985	62.1511747	
24.21094	60.2742091	60.3360322	61.9409985	62.1511747	
24.22107	60.2742091	60.3360322	61.9409985	62.1511747	
24.23119	60.2742091	60.3360322	61.9409985	62.1511747	
24.24138	60.2742091	60.3360322	61.9409985	62.1511747	
24.2515	60.2742091	60.3360322	61.9409985	62.1511747	
24.2617	60.2742091	60.3360322	61.9409985	62.1511747	
24.27184	60.2742091	60.3360322	61.9409985	62.1511747	
24.282	60.2742091	60.3360322	61.9409985	62.1511747	
24.29223	60.2742091	60.3360322	61.9409985	62.1511747	
24.3023	60.2742091	60.3360322	61.9409985	62.1511747	
24.3125	60.2742091	60.3360322	61.9409985	62.1511747	
24.32271	60.2742091	60.3360322	61.9409985	62.1511747	
24.3328	60.2742091	60.3360322	61.9409985	62.1511747	
24.34296	60.2742091	60.3360322	61.9409985	62.1511747	
24.35308	60.2742091	60.3360322	61.9409985	62.1511747	
24.36324	60.2742091	60.3360322	61.9409985	62.1511747	
24.3734	60.2742091	60.3360322	61.9409985	62.1511747	
24.38357	60.2742091	60.3360322	61.9409985	62.1511747	
24.39375	60.2742091	60.3360322	61.9409985	62.1511747	
24.40389	60.2742091	60.3360322	61.9409985	62.1511747	
24.41405	60.2742091	60.3360322	61.9409985	62.1511747	
24.42442	60.2742091	60.3360322	61.9409985	62.1511747	
24.43439	60.2742091	60.3360322	61.9409985	62.1511747	
24.44454	60.2742091	60.3360322	61.9409985	62.1511747	
24.4547	60.2742091	60.3360322	61.9409985	62.1511747	
24.46487	60.2742091	60.3360322	61.9409985	62.1511747	
24.47507	60.2742091	60.3360322	61.9409985	62.1511747	
24.48518	60.2742091	60.3360322	61.9409985	62.1511747	
24.49532	60.2742091	60.3360322	61.9409985	62.1511747	
24.50553	60.2742091	60.3360322	61.9409985	62.1511747	
24.51568	60.2742091	60.3360322	61.9409985	62.1511747	
24.52602	60.2742091	60.3360322	61.9409985	62.1511747	
24.53599	60.2742091	60.3360322	61.9409985	62.1511747	
24.5461	60.2742091	60.3360322	61.9409985	62.1511747	
24.56409	60.2742091	60.3360322	61.9409985	62.1511747	
24.56863	60.2742091	60.3360322	61.9409985	62.1511747	
24.57886	60.2742091	60.3360322	61.9409985	62.1511747	
24.58894	60.2742091	60.3360322	61.9409985	62.1511747	
24.59916	60.2742091	60.3360322	61.9409985	62.1511747	
24.60928	60.2742091	60.3360322	61.9409985	62.1511747	
24.6194	60.2742091	60.3360322	61.9409985	62.1511747	
24.62951	60.2742091	60.3360322	61.9409985	62.1511747	
24.64049	60.2742091	60.3360322	61.9409985	62.1511747	
24.64989	60.2742091	60.3360322	61.9409985	62.1511747	
24.66001	60.2742091	60.3360322	61.9409985	62.1511747	
24.67015	60.2742091	60.3360322	61.9409985	62.1511747	
24.68033	60.2742091	60.3360322	61.9409985	62.1511747	
24.69045	60.2742091	60.3360322	61.9409985	62.1511747	
24.70067	60.2742091	60.3360322	61.9409985	62.1511747	
24.71079	60.2742091	60.3360322	61.9409985	62.1511747	
24.72221	60.2742091	60.3360322	61.9409985	62.1511747	
24.73117	60.2742091	60.3360322	61.9409985	62.1511747	
24.74131	60.2742091	60.3360322	61.9409985	62.1511747	
24.75143	60.2742091	60.3360322	61.9409985	62.1511747	
24.76166	60.2742091	60.3360322	61.9409985	62.1511747	
24.77179	60.2742091	60.3360322	61.9409985	62.1511747	
24.78194	60.2742091	60.3360322	61.9409985	62.1511747	
24.79211	60.2742091	60.3360322	61.9409985	62.1511747	
24.80223	60.2742091	60.3360322	61.9409985	62.1511747	
24.8125	60.2742091	60.3360322	61.9409985	62.1511747	
24.82261	60.2742091	60.3360322	61.9409985	62.1511747	
24.83276	60.2742091	60.3360322	61.9409985	62.1511747	
24.84303	60.2742091	60.3360322	61.9409985	62.1511747	
24.85309	60.2742091	60.3360322	61.9409985	62.1511747	
24.86321	60.2742091	60.3360322	61.9409985	62.1511747	
24.87343	60.2742091	60.3360322	61.9409985	62.1511747	
24.88356	60.2742091	60.3360322	61.9409985	62.1511747	
24.89372	60.2742091	60.3360322	61.9409985	62.1511747	
24.90386	60.2742091	60.3360322	61.9409985	62.1511747	
24.91404	60.2742091	60.3360322	61.9409985	62.1511747	
24.92418	60.2742091	60.3360322	61.9409985	62.1511747	
24.93434	60.2742091	60.3360322	61.9409985	62.1511747	
24.94451	60.2742091	60.3360322	61.9409985	62.1511747	
24.95464	60.2742091	60.3360322	61.9409985	62.1511747	
24.96483	60.2742091	60.3360322	61.9409985	62.1511747	
24.97495	60.2742091	60.3360322	61.9409985	62.1511747	
24.98512	60.2742091	60.3360322	61.9409985	62.1511747	
24.99532	60.2742091	60.3360322	61.9409985	62.1511747	
25.00544	60.2742091	60.3360322	61.9409985	62.1511747	
25.01559	60.2742091	60.3360322	61.9409985	62.1511747	
25.02576	60.2742091	60.3360322	61.9409985	62.1511747	
25.03592	60.2742091	60.3360322	61.9409985	62.1511747	
25.04607	60.2742091	60.3360322	61.9409985	62.1511747	
25.05621	60.2742091	60.3360322	61.9409985	62.1511747	
25.06633	60.2742091	60.3360322	61.9409985	62.1511747	
25.07655	60.2742091	60.3360322	61.9409985	62.1511747	
25.08668	60.2742091	60.3360322	61.9409985	62.1511747	
25.09681	60.2742091	60.3360322	61.9409985	62.1511747	
25.10704	60.2742091	60.3360322	61.9409985	62.1511747	
25.11707	60.2742091	60.3360322	61.9409985	62.1511747	
25.12725	60.2742091	60.3360322	61.9409985	62.1511747	
25.13742	60.2742091	60.3360322	61.9409985	62.1511747	
25.14758	60.2742091	60.3360322	61.9409985	62.1511747	
25.15786	60.2742091	60.3360322	61.9409985	62.1511747	
25.16789	60.2742091	60.3360322	61.9409985	62.1511747	
25.17804	60.2742091	60.3360322	61.9409985	62.1511747	
25.18817	60.2742091	60.3360322	61.9409985	62.1511747	
25.19831	60.2742091	60.3360322	61.9409985	62.1511747	
25.20847	60.2742091	60.3360322	61.9409985	62.1511747	
25.21861	60.2742091	60.3360322	61.9409985	62.1511747	
25.22874	60.2742091	60.3360322	61.9409985	62.1511747	
25.23889	60.2742091	60.3360322	61.9409985	62.1511747	
25.24905	60.2742091	60.3360322	61.9409985	62.1511747	
25.25932	60.2742091	60.3360322	61.9409985	62.1511747	
25.26936	60.2742091	60.3360322	61.9409985	62.1511747	
25.27949	60.2742091	60.3360322	61.9409985	62.1511747	
25.28978	60.2742091	60.3360322	61.9409985	62.1511747	
25.29977	60.2742091	60.3360322	61.9409985	62.1511747	
25.30998	60.2742091	60.3360322	61.9409985	62.1511747	
25.3201	60.2742091	60.3360322	61.9409985	62.1511747	
25.33023	60.2742091	60.3360322	61.9409985	62.1511747	
25.34046	60.2742091	60.3360322	61.9409985	62.1511747	
25.35056	60.2742091	60.3360322	61.9409985	62.1511747	
25.36899	60.2742091	60.3360322	61.9409985	62.1511747	
25.37358	60.2742091	60.3360322	61.9409985	62.1511747	
25.38375	60.2742091	60.3360322	61.9409985	62.1511747	
25.39391	60.2742091	60.3360322	61.9409985	62.1511747	
25.40408	60.2742091	60.3360322	61.9409985	62.1511747	
25.41422	60.2742091	60.3360322	61.9409985	62.1511747	
25.42443	60.2742091	60.3360322	61.9409985	62.1511747	
25.43455	60.2742091	60.3360322	61.9409985	62.1511747	
25.44469	60.2742091	60.3360322	61.9409985	62.1511747	
25.45485	60.2742091	60.3360322	61.9409985	62.1511747	
25.46504	60.2742091	60.3360322	61.9409985	62.1511747	
25.47527	60.2742091	60.3360322	61.9409985	62.1511747	
25.48536	60.2742091	60.3360322	61.9409985	62.1511747	
25.49551	60.2742091	60.3360322	61.9409985	62.1511747	
25.50572	60.2742091	60.3360322	61.9409985	62.1511747	
25.51585	60.2742091	60.3360322	61.9409985	62.1511747	
25.52599	60.2742091	60.3360322	61.9409985	62.1511747	
25.53616	60.2742091	60.3360322	61.9409985	62.1511747	
25.54628	60.2742091	60.3360322	61.9409985	62.1511747	
25.55657	60.2742091	60.3360322	61.9409985	62.1511747	
25.56671	60.2742091	60.3360322	61.9409985	62.1511747	
25.57686	60.2742091	60.3360322	61.9409985	62.1511747	
25.5871	60.2742091	60.3360322	61.9409985	62.1511747	
25.59719	60.2742091	60.3360322	61.9409985	62.1511747	
25.60733	60.2742091	60.3360322	61.9409985	62.1511747	
25.61744	60.2742091	60.3360322	61.9409985	62.1511747	
25.62761	60.2742091	60.3360322	61.9409985	62.1511747	
25.63781	60.2742091	60.3360322	61.9409985	62.1511747	
25.64791	60.2742091	60.3360322	61.9409985	62.1511747	
25.65807	60.2742091	60.3360322	61.9409985	62.1511747	
25.66822	60.2742091	60.3360322	61.9409985	62.1511747	
25.67838	60.2742091	60.3360322	61.9409985	62.1511747	
25.68852	60.2742091	60.3360322	61.9409985	62.1511747	
25.69865	60.2742091	60.3360322	61.9409985	62.1511747	
25.70879	60.2742091	60.3360322	61.9409985	62.1511747	
25.71912	60.2742091	60.3360322	61.9409985	62.1511747	
25.72928	60.2742091	60.3360322	61.9409985	62.1511747	
25.73941	60.2742091	60.3360322	61.9409985	62.1511747	
25.7495	60.2742091	60.3360322	61.9409985	62.1511747	
25.75967	60.2742091	60.3360322	61.9409985	62.1511747	
25.76981	60.2742091	60.3360322	61.9409985	62.1511747	
25.77997	60.2742091	60.3360322	61.9409985	62.1511747	
25.7901	60.2742091	60.3360322	61.9409985	62.1511747	
25.80025	60.2742091	60.3360322	61.9409985	62.1511747	
25.81041	60.2742091	60.3360322	61.9409985	62.1511747	
25.82069	60.2742091	60.3360322	61.9409985	62.1511747	
25.83078	60.2742091	60.3360322	61.9409985	62.1511747	
25.84094	60.2742091	60.3360322	61.9409985	62.1511747	
25.85113	60.2742091	60.3360322	61.9409985	62.1511747	
25.86123	60.2742091	60.3360322	61.9409985	62.1511747	
25.87141	60.2742091	60.3360322	61.9409985	62.1511747	
25.88161	60.2742091	60.3360322	61.9409985	62.1511747	
25.89178	60.2742091	60.3360322	61.9409985	62.1511747	
25.90193	60.2742091	60.3360322	61.9409985	62.1511747	
25.91208	60.2742091	60.3360322	61.9409985	62.1511747	
25.9222	60.2742091	60.3360322	61.9409985	62.1511747	
25.93244	60.2742091	60.3360322	61.9409985	62.1511747	
25.94256	60.2742091	60.3360322	61.9409985	62.1511747	
25.95269	60.2742091	60.3360322	61.9409985	62.1511747	
25.96292	60.2742091	60.3360322	61.9409985	62.1511747	
25.97299	60.2742091	60.3360322	61.9409985	62.1511747	
25.98319	60.2742091	60.3360322	61.9409985	62.1511747	
25.99336	60.2742091	60.3360322	61.9409985	62.1511747	
26.00352	60.2742091	60.3360322	61.9409985	62.1511747	
26.01365	60.2742091	60.3360322	61.9409985	62.1511747	
26.02381	60.2742091	60.3360322	61.9409985	62.1511747	
26.03398	60.2742091	60.3360322	61.9409985	62.1511747	
26.04415	60.2742091	60.3360322	61.9409985	62.1511747	
26.0543	60.2742091	60.3360322	61.9409985	62.1511747	
26.0644	60.2742091	60.3360322	61.9409985	62.1511747	
26.07461	60.2742091	60.3360322	61.9409985	62.1511747	
26.08474	60.2742091	60.3360322	61.9409985	62.1511747	
26.09492	60.2742091	60.3360322	61.9409985	62.1511747	
26.10507	60.2742091	60.3360322	61.9409985	62.1511747	
26.11522	60.2742091	60.3360322	61.9409985	62.1511747	
26.12538	60.2742091	60.3360322	61.9409985	62.1511747	
26.13552	60.2742091	60.3360322	61.9409985	62.1511747	
26.14572	60.2742091	60.3360322	61.9409985	62.1511747	
26.15583	60.2742091	60.3360322	61.9409985	62.1511747	
26.16601	60.2742091	60.3360322	61.9409985	62.1511747	
26.17659	60.2742091	60.3360322	61.9409985	62.1511747	
26.18632	60.2742091	60.3360322	61.9409985	62.1511747	
26.20462	60.2742091	60.3360322	61.9409985	62.1511747	
26.20922	60.2742091	60.3360322	61.9409985	62.1511747	
26.21955	60.2742091	60.3360322	61.9409985	62.1511747	
26.22963	60.2742091	60.3360322	61.9409985	62.1511747	
26.23981	60.2742091	60.3360322	61.9409985	62.1511747	
26.24997	60.2742091	60.3360322	61.9409985	62.1511747	
26.26012	60.2742091	60.3360322	61.9409985	62.1511747	
26.27027	60.2742091	60.3360322	61.9409985	62.1511747	
26.2804	60.2742091	60.3360322	61.9409985	62.1511747	
26.29074	60.2742091	60.3360322	61.9409985	62.1511747	
26.30081	60.2742091	60.3360322	61.9409985	62.1511747	
26.31097	60.2742091	60.3360322	61.9409985	62.1511747	
26.32114	60.2742091	60.3360322	61.9409985	62.1511747	
26.33133	60.2742091	60.3360322	61.9409985	62.1511747	
26.34145	60.2742091	60.3360322	61.9409985	62.1511747	
26.35159	60.2742091	60.3360322	61.9409985	62.1511747	
26.36176	60.2742091	60.3360322	61.9409985	62.1511747	
26.37191	60.2742091	60.3360322	61.9409985	62.1511747	
26.38205	60.2742091	60.3360322	61.9409985	62.1511747	
26.3922	60.2742091	60.3360322	61.9409985	62.1511747	
26.40239	60.2742091	60.3360322	61.9409985	62.1511747	
26.41265	60.2742091	60.3360322	61.9409985	62.1511747	
26.42277	60.2742091	60.3360322	61.9409985	62.1511747	
26.43292	60.2742091	60.3360322	61.9409985	62.1511747	
26.44311	60.2742091	60.3360322	61.9409985	62.1511747	
26.45324	60.2742091	60.3360322	61.9409985	62.1511747	
26.46341	60.2742091	60.3360322	61.9409985	62.1511747	
26.47356	60.2742091	60.3360322	61.9409985	62.1511747	
26.48373	60.2742091	60.3360322	61.9409985	62.1511747	
26.49384	60.2742091	60.3360322	61.9409985	62.1511747	
26.50401	60.2742091	60.3360322	61.9409985	62.1511747	
26.5142	60.2742091	60.3360322	61.9409985	62.1511747	
26.52433	60.2742091	60.3360322	61.9409985	62.1511747	
26.53518	60.2742091	60.3360322	61.9409985	62.1511747	
26.54458	60.2742091	60.3360322	61.9409985	62.1511747	
26.55472	60.2742091	60.3360322	61.9409985	62.1511747	
26.56487	60.2742091	60.3360322	61.9409985	62.1511747	
26.575	60.2742091	60.3360322	61.9409985	62.1511747	
26.58519	60.2742091	60.3360322	61.9409985	62.1511747	
26.5954	60.2742091	60.3360322	61.9409985	62.1511747	
26.60556	60.2742091	60.3360322	61.9409985	62.1511747	
26.62368	60.2742091	60.3360322	61.9409985	62.1511747	
26.62825	60.2742091	60.3360322	61.9409985	62.1511747	
26.63839	60.2742091	60.3360322	61.9409985	62.1511747	
26.64856	60.2742091	60.3360322	61.9409985	62.1511747	
26.65869	60.2742091	60.3360322	61.9409985	62.1511747	
26.66884	60.2742091	60.3360322	61.9409985	62.1511747	
26.67897	60.2742091	60.3360322	61.9409985	62.1511747	
26.68919	60.2742091	60.3360322	61.9409985	62.1511747	
26.69937	60.2742091	60.3360322	61.9409985	62.1511747	
26.70959	60.2742091	60.3360322	61.9409985	62.1511747	
26.71993	60.2742091	60.3360322	61.9409985	62.1511747	
26.73026	60.2742091	60.3360322	61.9409985	62.1511747	
26.74037	60.2742091	60.3360322	61.9409985	62.1511747	
26.75048	60.2742091	60.3360322	61.9409985	62.1511747	
26.76867	60.2742091	60.3360322	61.9409985	62.1511747	
26.77324	60.2742091	60.3360322	61.9409985	62.1511747	
26.78338	60.2742091	60.3360322	61.9409985	62.1511747	
26.79353	60.2742091	60.3360322	61.9409985	62.1511747	
26.8037	60.2742091	60.3360322	61.9409985	62.1511747	
26.81384	60.2742091	60.3360322	61.9409985	62.1511747	
26.82401	60.2742091	60.3360322	61.9409985	62.1511747	
26.83418	60.2742091	60.3360322	61.9409985	62.1511747	
26.84433	60.2742091	60.3360322	61.9409985	62.1511747	
26.85449	60.2742091	60.3360322	61.9409985	62.1511747	
26.86459	60.2742091	60.3360322	61.9409985	62.1511747	
26.87478	60.2742091	60.3360322	61.9409985	62.1511747	
26.88492	60.2742091	60.3360322	61.9409985	62.1511747	
26.89506	60.2742091	60.3360322	61.9409985	62.1511747	
26.90523	60.2742091	60.3360322	61.9409985	62.1511747	
26.91544	60.2742091	60.3360322	61.9409985	62.1511747	
26.92554	60.2742091	60.3360322	61.9409985	62.1511747	
26.93571	60.2742091	60.3360322	61.9409985	62.1511747	
26.94588	60.2742091	60.3360322	61.9409985	62.1511747	
26.95599	60.2742091	60.3360322	61.9409985	62.1511747	
26.96617	60.2742091	60.3360322	61.9409985	62.1511747	
26.97631	60.2742091	60.3360322	61.9409985	62.1511747	
26.98646	60.2742091	60.3360322	61.9409985	62.1511747	
26.99701	60.2742091	60.3360322	61.9409985	62.1511747	
27.00678	60.2742091	60.3360322	61.9409985	62.1511747	
27.01693	60.2742091	60.3360322	61.9409985	62.1511747	
27.02716	60.2742091	60.3360322	61.9409985	62.1511747	
27.03726	60.2742091	60.3360322	61.9409985	62.1511747	
27.04741	60.2742091	60.3360322	61.9409985	62.1511747	
27.05749	60.2742091	60.3360322	61.9409985	62.1511747	
27.06767	60.2742091	60.3360322	61.9409985	62.1511747	
27.07785	60.2742091	60.3360322	61.9409985	62.1511747	
27.08803	60.2742091	60.3360322	61.9409985	62.1511747	
27.09815	60.2742091	60.3360322	61.9409985	62.1511747	
27.10825	60.2742091	60.3360322	61.9409985	62.1511747	
27.11841	60.2742091	60.3360322	61.9409985	62.1511747	
27.1286	60.2742091	60.3360322	61.9409985	62.1511747	
27.13873	60.2742091	60.3360322	61.9409985	62.1511747	
27.14886	60.2742091	60.3360322	61.9409985	62.1511747	
27.16006	60.2742091	60.3360322	61.9409985	62.1511747	
27.17702	60.2742091	60.3360322	61.9409985	62.1511747	
27.18158	60.2742091	60.3360322	61.9409985	62.1511747	
27.19173	60.2742091	60.3360322	61.9409985	62.1511747	
27.20194	60.2742091	60.3360322	61.9409985	62.1511747	
27.21208	60.2742091	60.3360322	61.9409985	62.1511747	
27.22223	60.2742091	60.3360322	61.9409985	62.1511747	
27.23238	60.2742091	60.3360322	61.9409985	62.1511747	
27.24273	60.2742091	60.3360322	61.9409985	62.1511747	
27.25279	60.2742091	60.3360322	61.9409985	62.1511747	
27.26293	60.2742091	60.3360322	61.9409985	62.1511747	
27.27309	60.2742091	60.3360322	61.9409985	62.1511747	
27.28335	60.2742091	60.3360322	61.9409985	62.1511747	
27.29341	60.2742091	60.3360322	61.9409985	62.1511747	
27.30357	60.2742091	60.3360322	61.9409985	62.1511747	
27.31371	60.2742091	60.3360322	61.9409985	62.1511747	
27.32387	60.2742091	60.3360322	61.9409985	62.1511747	
27.33401	60.2742091	60.3360322	61.9409985	62.1511747	
27.34415	60.2742091	60.3360322	61.9409985	62.1511747	
27.35432	60.2742091	60.3360322	61.9409985	62.1511747	
27.36443	60.2742091	60.3360322	61.9409985	62.1511747	
27.37461	60.2742091	60.3360322	61.9409985	62.1511747	
27.38477	60.2742091	60.3360322	61.9409985	62.1511747	
27.39493	60.2742091	60.3360322	61.9409985	62.1511747	
27.40509	60.2742091	60.3360322	61.9409985	62.1511747	
27.41522	60.2742091	60.3360322	61.9409985	62.1511747	
27.42537	60.2742091	60.3360322	61.9409985	62.1511747	
27.43559	60.2742091	60.3360322	61.9409985	62.1511747	
27.44568	60.2742091	60.3360322	61.9409985	62.1511747	
27.45588	60.2742091	60.3360322	61.9409985	62.1511747	
27.46601	60.2742091	60.3360322	61.9409985	62.1511747	
27.47616	60.2742091	60.3360322	61.9409985	62.1511747	
27.48631	60.2742091	60.3360322	61.9409985	62.1511747	
27.49641	60.2742091	60.3360322	61.9409985	62.1511747	
27.50666	60.2742091	60.3360322	61.9409985	62.1511747	
27.51684	60.2742091	60.3360322	61.9409985	62.1511747	
27.52694	60.2742091	60.3360322	61.9409985	62.1511747	
27.53792	60.2742091	60.3360322	61.9409985	62.1511747	
27.5479	60.2742091	60.3360322	61.9409985	62.1511747	
27.55813	60.2742091	60.3360322	61.9409985	62.1511747	
27.56817	60.2742091	60.3360322	61.9409985	62.1511747	
27.57838	60.2742091	60.3360322	61.9409985	62.1511747	
27.58857	60.2742091	60.3360322	61.9409985	62.1511747	
27.59867	60.2742091	60.3360322	61.9409985	62.1511747	
27.6088	60.2742091	60.3360322	61.9409985	62.1511747	
27.61896	60.2742091	60.3360322	61.9409985	62.1511747	
27.62919	60.2742091	60.3360322	61.9409985	62.1511747	
27.63931	60.2742091	60.3360322	61.9409985	62.1511747	
27.64942	60.2742091	60.3360322	61.9409985	62.1511747	
27.65963	60.2742091	60.3360322	61.9409985	62.1511747	
27.66972	60.2742091	60.3360322	61.9409985	62.1511747	
27.67986	60.2742091	60.3360322	61.9409985	62.1511747	
27.69004	60.2742091	60.3360322	61.9409985	62.1511747	
27.70017	60.2742091	60.3360322	61.9409985	62.1511747	
27.7103	60.2742091	60.3360322	61.9409985	62.1511747	
27.72048	60.2742091	60.3360322	61.9409985	62.1511747	
27.73992	60.2742091	60.3360322	61.9409985	62.1511747	
27.7445	60.2742091	60.3360322	61.9409985	62.1511747	
27.75464	60.2742091	60.3360322	61.9409985	62.1511747	
27.7651	60.2742091	60.3360322	61.9409985	62.1511747	
27.77498	60.2742091	60.3360322	61.9409985	62.1511747	
27.78512	60.2742091	60.3360322	61.9409985	62.1511747	
27.79536	60.2742091	60.3360322	61.9409985	62.1511747	
27.80543	60.2742091	60.3360322	61.9409985	62.1511747	
27.81558	60.2742091	60.3360322	61.9409985	62.1511747	
27.82573	60.2742091	60.3360322	61.9409985	62.1511747	
27.83589	60.2742091	60.3360322	61.9409985	62.1511747	
27.84603	60.2742091	60.3360322	61.9409985	62.1511747	
27.85619	60.2742091	60.3360322	61.9409985	62.1511747	
27.8663	60.2742091	60.3360322	61.9409985	62.1511747	
27.87651	60.2742091	60.3360322	61.9409985	62.1511747	
27.88668	60.2742091	60.3360322	61.9409985	62.1511747	
27.89682	60.2742091	60.3360322	61.9409985	62.1511747	
27.90696	60.2742091	60.3360322	61.9409985	62.1511747	
27.91711	60.2742091	60.3360322	61.9409985	62.1511747	
27.92726	60.2742091	60.3360322	61.9409985	62.1511747	
27.93739	60.2742091	60.3360322	61.9409985	62.1511747	
27.94756	60.2742091	60.3360322	61.9409985	62.1511747	
27.95766	60.2742091	60.3360322	61.9409985	62.1511747	
27.96786	60.2742091	60.3360322	61.9409985	62.1511747	
27.97807	60.2742091	60.3360322	61.9409985	62.1511747	
27.98815	60.2742091	60.3360322	61.9409985	62.1511747	
27.99852	60.2742091	60.3360322	61.9409985	62.1511747	
28.00844	60.2742091	60.3360322	61.9409985	62.1511747	
28.0186	60.2742091	60.3360322	61.9409985	62.1511747	
28.0288	60.2742091	60.3360322	61.9409985	62.1511747	
28.0389	60.2742091	60.3360322	61.9409985	62.1511747	
28.04903	60.2742091	60.3360322	61.9409985	62.1511747	
28.05929	60.2742091	60.3360322	61.9409985	62.1511747	
28.06945	60.2742091	60.3360322	61.9409985	62.1511747	
28.07968	60.2742091	60.3360322	61.9409985	62.1511747	
28.08964	60.2742091	60.3360322	61.9409985	62.1511747	
28.09979	60.2742091	60.3360322	61.9409985	62.1511747	
28.10989	60.2742091	60.3360322	61.9409985	62.1511747	
28.12007	60.2742091	60.3360322	61.9409985	62.1511747	
28.13022	60.2742091	60.3360322	61.9409985	62.1511747	
28.14043	60.2742091	60.3360322	61.9409985	62.1511747	
28.15047	60.2742091	60.3360322	61.9409985	62.1511747	
28.16861	60.2742091	60.3360322	61.9409985	62.1511747	
28.17325	60.2742091	60.3360322	61.9409985	62.1511747	
28.18343	60.2742091	60.3360322	61.9409985	62.1511747	
28.19356	60.2742091	60.3360322	61.9409985	62.1511747	
28.20374	60.2742091	60.3360322	61.9409985	62.1511747	
28.21388	60.2742091	60.3360322	61.9409985	62.1511747	
28.22405	60.2742091	60.3360322	61.9409985	62.1511747	
28.23422	60.2742091	60.3360322	61.9409985	62.1511747	
28.24436	60.2742091	60.3360322	61.9409985	62.1511747	
28.25457	60.2742091	60.3360322	61.9409985	62.1511747	
28.26472	60.2742091	60.3360322	61.9409985	62.1511747	
28.27483	60.2742091	60.3360322	61.9409985	62.1511747	
28.28501	60.2742091	60.3360322	61.9409985	62.1511747	
28.29519	60.2742091	60.3360322	61.9409985	62.1511747	
28.30531	60.2742091	60.3360322	61.9409985	62.1511747	
28.31552	60.2742091	60.3360322	61.9409985	62.1511747	
28.32562	60.2742091	60.3360322	61.9409985	62.1511747	
28.33578	60.2742091	60.3360322	61.9409985	62.1511747	
28.34597	60.2742091	60.3360322	61.9409985	62.1511747	
28.35606	60.2742091	60.3360322	61.9409985	62.1511747	
28.36621	60.2742091	60.3360322	61.9409985	62.1511747	
28.37637	60.2742091	60.3360322	61.9409985	62.1511747	
28.38657	60.2742091	60.3360322	61.9409985	62.1511747	
28.3968	60.2742091	60.3360322	61.9409985	62.1511747	
28.40687	60.2742091	60.3360322	61.9409985	62.1511747	
28.41701	60.2742091	60.3360322	61.9409985	62.1511747	
28.42721	60.2742091	60.3360322	61.9409985	62.1511747	
28.43733	60.2742091	60.3360322	61.9409985	62.1511747	
28.44746	60.2742091	60.3360322	61.9409985	62.1511747	
28.4576	60.2742091	60.3360322	61.9409985	62.1511747	
28.46784	60.2742091	60.3360322	61.9409985	62.1511747	
28.47792	60.2742091	60.3360322	61.9409985	62.1511747	
28.48805	60.2742091	60.3360322	61.9409985	62.1511747	
28.49849	60.2742091	60.3360322	61.9409985	62.1511747	
28.50836	60.2742091	60.3360322	61.9409985	62.1511747	
28.51849	60.2742091	60.3360322	61.9409985	62.1511747	
28.52863	60.2742091	60.3360322	61.9409985	62.1511747	
28.53954	60.2742091	60.3360322	61.9409985	62.1511747	
28.54958	60.2742091	60.3360322	61.9409985	62.1511747	
28.55969	60.2742091	60.3360322	61.9409985	62.1511747	
28.56989	60.2742091	60.3360322	61.9409985	62.1511747	
28.58002	60.2742091	60.3360322	61.9409985	62.1511747	
28.59015	60.2742091	60.3360322	61.9409985	62.1511747	
28.60032	60.2742091	60.3360322	61.9409985	62.1511747	
28.61045	60.2742091	60.3360322	61.9409985	62.1511747	
28.62852	60.2742091	60.3360322	61.9409985	62.1511747	
28.63306	60.2742091	60.3360322	61.9409985	62.1511747	
28.64327	60.2742091	60.3360322	61.9409985	62.1511747	
28.65339	60.2742091	60.3360322	61.9409985	62.1511747	
28.66361	60.2742091	60.3360322	61.9409985	62.1511747	
28.67377	60.2742091	60.3360322	61.9409985	62.1511747	
28.68395	60.2742091	60.3360322	61.9409985	62.1511747	
28.69409	60.2742091	60.3360322	61.9409985	62.1511747	
28.71678	60.2742091	60.3360322	61.9409985	62.1511747	
28.72158	60.2742091	60.3360322	61.9409985	62.1511747	
28.733	60.2742091	60.3360322	61.9409985	62.1511747	
