9.829171	
9.836931	
9.847022	
9.857156	
9.86733	
9.877456	
9.887599	
9.897824	
9.908347	
9.91865	
9.928535	
9.93868	
9.948845	
9.958966	
9.969116	
9.979297	
9.989469	
9.999563	
10.00979	
10.01987	
10.04024	
10.0447	
10.05479	
10.06495	
10.07511	
10.08519	
10.09538	
10.10549	
10.11571	
10.12585	
10.13598	
10.14609	
10.15631	
10.16639	
10.17653	
10.18676	
10.19684	
10.20696	
10.21713	
10.22726	
10.23741	
10.24754	
10.25769	
10.27572	
10.28011	
10.29027	
10.30051	
10.31059	
10.32075	
10.3309	
10.34104	
10.35118	
10.36135	
10.37147	
10.38164	
10.39178	
10.40194	
10.41208	
10.42227	
10.43277	
10.4427	
10.45272	
10.46282	
10.47302	
10.48318	
10.49331	
10.50346	
10.5136	
10.5238	
10.53403	
10.54415	
10.55429	
10.56454	
10.5746	
10.5847	
10.59492	
10.60505	
10.61518	
10.62534	
10.63551	
10.64565	
10.65578	
10.66594	
10.67608	
10.6862	
10.69633	
10.7065	
10.71668	
10.72678	
10.73699	
10.74709	
10.7572	
10.76732	
10.77747	
10.7876	
10.79782	
10.80794	
10.81804	
10.8285	
10.83837	
10.84847	
10.85861	
10.86881	
10.87891	
10.88904	
10.89922	
10.90939	
10.91949	
10.92964	
10.93986	
10.95011	
10.96025	
10.97043	
10.9806	
10.99071	
11.00088	
11.01108	
11.02121	
11.03134	
11.04148	
11.05169	
11.06187	
11.07199	
11.08209	
11.09232	
11.10239	
11.11257	
11.12274	
11.1329	
11.14306	
11.15321	
11.16337	
11.17351	
11.18364	
11.19378	
11.20396	
11.21412	
11.22427	
11.23441	
11.24462	
11.25472	
11.26488	
11.27506	
11.28517	
11.29536	
11.30547	
11.31562	
11.32579	
11.33585	
11.34605	
11.3562	
11.36635	
11.37651	
11.38662	
11.39686	
11.40689	
11.41703	
11.4272	
11.43939	
11.44745	
11.45758	
11.46806	
11.47795	
11.48804	
11.4982	
11.50838	
11.51846	
11.52861	
11.53871	
11.54894	
11.55905	
11.56917	
11.5794	
11.58953	
11.59967	
11.60984	
11.62001	
11.63018	
11.64033	
11.6505	
11.66069	
11.67079	
11.68099	
11.69116	
11.70129	
11.71143	
11.72157	
11.73175	
11.74192	
11.75204	
11.76221	
11.77242	
11.78255	
11.79268	
11.80284	
11.81301	
11.82311	
11.83327	
11.84345	
11.85359	
11.86374	
11.87388	
11.88422	
11.89421	
11.90447	
11.91452	
11.92471	
11.93482	
11.94496	
11.9552	
11.96527	
11.97543	
11.98557	
11.99575	
12.00589	
12.01602	
12.02921	
12.03736	
12.04745	
12.05758	
12.06776	
12.07797	
12.08804	
12.09822	
12.10839	
12.11876	
12.12862	
12.13876	
12.14896	
12.15904	
12.1692	
12.17937	
12.18959	
12.19977	
12.20988	
12.22005	
12.23025	
12.2404	
12.25058	
12.26076	
12.27087	
12.28103	
12.29124	
12.30138	
12.3115	
12.32165	
12.33178	
12.34197	
12.35211	
12.36226	
12.37243	
12.38256	
12.39271	
12.40421	
12.41306	
12.42323	
12.4333	
12.44351	
12.45366	
12.4638	
12.47392	
12.48413	
12.49424	
12.50453	
12.51468	
12.52488	
12.53498	
12.54512	
12.55526	
12.56545	
12.57558	
12.58567	
12.59587	
12.606	
12.61618	
12.62629	
12.63649	
12.64658	
12.65671	
12.66687	
12.67706	
12.68715	
12.69729	
12.70744	
12.71758	
12.7278	
12.73793	
12.74808	
12.75827	
12.76838	
12.77853	
12.78874	
12.7988	
12.80896	
12.8191	
12.82928	
12.83942	
12.84954	
12.85969	
12.86986	
12.88002	
12.89019	
12.90033	
12.91047	
12.92062	
12.93081	
12.94097	
12.95111	
12.96126	
12.97146	
12.98158	
12.99172	
13.00189	
13.01207	
13.02231	
13.03243	
13.04258	
13.05283	
13.06288	
13.07304	
13.08322	
13.09333	
13.10345	
13.11387	
13.12392	
13.13914	788.908362	788.906275	758.007308	758.005221	
13.15237	788.911144	788.906275	758.01009	758.005221	
13.15696	788.912117	788.906275	758.011062	758.005221	
13.16706	788.915039	788.906275	758.013985	758.005221	
13.17724	788.918605	788.906275	758.01755	758.005221	
13.18742	788.922794	788.915002	758.02174	758.005221	
13.19753	788.927568	788.915002	758.026514	758.005221	
13.20767	788.932969	788.923728	758.031915	758.005221	
13.21787	788.93903	788.923728	758.037975	758.005221	
13.22844	788.946001	788.932455	758.044947	758.005221	
13.24691	788.960662	788.941182	758.059607	758.013947	
13.2516	788.964312	788.949908	758.063258	758.013947	
13.2617	788.972968	788.958635	758.071913	758.013947	
13.27185	788.982278	788.958635	758.081223	758.013947	
13.28198	788.992199	788.976088	758.091144	758.022674	
13.29218	789.002815	788.976088	758.101761	758.031401	
13.30235	789.014005	788.984815	758.112951	758.040127	
13.3125	789.025794	788.984815	758.124739	758.048854	
13.32266	789.03823	788.993542	758.137176	758.066307	
13.33286	789.051317	788.993542	758.150263	758.083761	
13.34562	789.068807	788.993542	758.167753	758.109941	
13.36131	789.091887	788.993542	758.190832	758.153574	
13.36592	789.098636	789.002268	758.197581	758.1623	
13.376	789.114173	789.010995	758.213119	758.18848	
13.38617	789.130493	789.019722	758.229438	758.21466	
13.39635	789.147437	789.028448	758.246382	758.24084	
13.40654	789.165029	789.045902	758.263975	758.275747	
13.41664	789.183072	789.072081	758.282017	758.2932	
13.42678	789.201816	789.098261	758.300761	758.31938	
13.43718	789.221694	789.124441	758.320639	758.34556	
13.44986	789.246987	789.168075	758.345932	758.37174	
13.46005	789.26783	789.202981	758.366776	758.389193	
13.47016	789.289138	789.237888	758.388083	758.406647	
13.48024	789.310995	789.281521	758.409941	758.4241	
13.49042	789.333694	789.325154	758.43264	758.441553	
13.50062	789.357065	789.360061	758.456011	758.459006	
13.51073	789.380834	789.403694	758.479779	758.47646	
13.52088	789.405298	789.447327	758.504243	758.485186	
13.53101	789.430361	789.482234	758.529307	758.50264	
13.54119	789.456161	789.51714	758.555107	758.520093	
13.55264	789.486024	789.560774	758.58497	758.546273	
13.56281	789.513094	789.59568	758.612039	758.563726	
13.573	789.540873	789.62186	758.639819	758.589906	
13.58307	789.568897	789.656767	758.667842	758.607359	
13.59321	789.597789	789.682947	758.696734	758.633539	
13.60343	789.627488	789.709127	758.726433	758.668446	
13.61354	789.657504	789.735307	758.75645	758.703352	
13.62369	789.688252	789.761487	758.787198	758.738259	
13.63385	789.719648	789.77894	758.818593	758.781892	
13.64401	789.751643	789.796393	758.850588	758.816799	
13.65537	789.78828	789.822573	758.887226	758.869159	
13.66571	789.822224	789.840026	758.92117	758.904065	
13.67569	789.855567	789.85748	758.954512	758.947699	
13.68579	789.889905	789.874933	758.988851	758.991332	
13.69593	789.925001	789.901113	759.023946	759.034965	
13.7061	789.960973	789.918566	759.059919	759.069872	
13.71627	789.99731	789.936019	759.096255	759.104778	
13.72651	790.034637	789.970926	759.133582	759.139685	
13.73658	790.071943	789.997106	759.170888	759.174591	
13.74705	790.11142	790.023286	759.210366	759.209498	
13.75802	790.153522	790.058193	759.252467	759.244405	
13.76825	790.193385	790.101826	759.29233	759.279311	
13.77832	790.23322	790.145459	759.332165	759.305491	
13.78843	790.273844	790.180366	759.372789	759.340398	
13.79873	790.315907	790.232725	759.414853	759.366578	
13.80873	790.357246	790.285085	759.456191	759.401484	
13.81888	790.399878	790.337445	759.498823	759.445117	
13.82904	790.443185	790.389805	759.54213	759.480024	
13.83913	790.486802	790.442165	759.585748	759.523657	
13.85954	790.57816	790.546885	759.677105	759.602197	
13.8724	790.636382	790.581791	759.735327	759.637104	
13.87703	790.657363	790.660331	759.756308	759.706917	
13.88711	790.703844	790.721418	759.80279	759.768003	
13.89729	790.751374	790.782504	759.85032	759.82909	
13.90758	790.800061	790.843591	759.899006	759.88145	
13.91757	790.847946	790.904677	759.946892	759.951263	
13.92771	790.897152	790.965764	759.996098	760.003623	
13.94581	790.987423	791.018124	760.086369	760.064709	
13.9505	791.01074	791.096663	760.109685	760.125796	
13.9715	791.118912	791.218836	760.217857	760.239242	
13.97612	791.142558	791.245016	760.241504	760.265422	
13.98626	791.195459	791.306103	760.294404	760.317782	
13.99647	791.249054	791.358463	760.348	760.370142	
14.00697	791.305006	791.410823	760.403952	760.413775	
14.01671	791.357482	791.463183	760.456428	760.457408	
14.02811	791.419757	791.515542	760.518703	760.509768	
14.03702	791.468766	791.559176	760.567711	760.544675	
14.04848	791.533602	791.602809	760.632548	760.597035	
14.06706	791.638955	791.690075	760.737901	760.684301	
14.07195	791.66682	791.716255	760.765765	760.710481	
14.08208	791.725353	791.751162	760.824299	760.762841	
14.09226	791.784822	791.794795	760.883768	760.823928	
14.10243	791.844788	791.838428	760.943733	760.876287	
14.11261	791.905542	791.873335	761.004488	760.937374	
14.1228	791.966932	791.916968	761.065877	760.99846	
14.13299	792.028864	791.960601	761.12781	761.068274	
14.14309	792.090969	792.012961	761.189914	761.138087	
14.15322	792.153793	792.065321	761.252739	761.216627	
14.16593	792.233805	792.117681	761.332751	761.28644	
14.17379	792.283522	792.170041	761.382468	761.36498	
14.18387	792.34792	792.239854	761.446866	761.434793	
14.19405	792.413549	792.300941	761.512495	761.513333	
14.20418	792.479521	792.370754	761.578467	761.591872	
14.21444	792.546983	792.449294	761.645929	761.661686	
14.22451	792.613751	792.519107	761.712697	761.731499	
14.23466	792.681758	792.597647	761.780704	761.801312	
14.2449	792.750939	792.676186	761.849885	761.862398	
14.25496	792.819464	792.763453	761.91841	761.932212	
14.2673	792.90471	792.850719	762.003656	761.993298	
14.27551	792.961549	792.937986	762.060495	762.054385	
14.28549	793.031417	793.042706	762.130363	762.115471	
14.29562	793.102927	793.129972	762.201872	762.176558	
14.30576	793.175102	793.225965	762.274048	762.237644	
14.31588	793.247822	793.321958	762.346767	762.298731	
14.32608	793.321684	793.409225	762.42063	762.368544	
14.33616	793.395349	793.505218	762.494295	762.438357	
14.34638	793.470595	793.592484	762.56954	762.50817	
14.35652	793.54591	793.679751	762.644855	762.577983	
14.36698	793.624237	793.758291	762.723183	762.656523	
14.37976	793.721048	793.86301	762.819994	762.761243	
14.38966	793.79652	793.932823	762.895465	762.848509	
14.39969	793.873574	794.002637	762.97252	762.927049	
14.40981	793.951961	794.07245	763.050906	763.014316	
14.42	794.031546	794.133536	763.130492	763.101582	
14.43013	794.111198	794.194623	763.210143	763.188849	
14.4403	794.191826	794.255709	763.290771	763.276115	
14.45063	794.27444	794.316796	763.373385	763.372108	
14.4606	794.354649	794.369156	763.453595	763.450648	
14.47252	794.451602	794.430242	763.550547	763.537915	
14.48124	794.522796	794.491329	763.621741	763.616454	
14.49108	794.603795	794.552415	763.702741	763.694994	
14.5013	794.688611	794.613502	763.787557	763.782261	
14.51135	794.772526	794.683315	763.871472	763.8608	
14.52157	794.858535	794.753128	763.95748	763.93934	
14.53175	794.944836	794.822941	764.043781	764.01788	
14.54185	795.031043	794.892755	764.129988	764.105147	
14.55202	795.11853	794.971294	764.217476	764.183686	
14.56214	795.206175	795.049834	764.30512	764.270953	
14.57235	795.295227	795.137101	764.394173	764.349493	
14.58258	795.385127	795.233094	764.484073	764.436759	
14.59267	795.474244	795.329087	764.573189	764.524026	
14.60285	795.564978	795.42508	764.663923	764.620019	
14.61301	795.65599	795.521073	764.754936	764.707285	
14.62315	795.74753	795.625793	764.846475	764.803278	
14.63331	795.839898	795.739239	764.938843	764.899271	
14.64353	795.933394	795.852686	765.032339	765.003991	
14.65364	796.026494	795.966132	765.125439	765.099984	
14.66377	796.120328	796.079578	765.219274	765.195977	
14.67392	796.215089	796.201751	765.314034	765.29197	
14.68417	796.31136	796.315198	765.410305	765.39669	
14.69433	796.407373	796.437371	765.506319	765.50141	
14.70449	796.504025	796.550817	765.60297	765.597403	
14.71464	796.601247	796.67299	765.700193	765.693396	
14.72483	796.699448	796.786437	765.798394	765.789389	
14.73492	796.797294	796.899883	765.89624	765.885382	
14.74514	796.897031	797.01333	765.995976	765.981375	
14.75525	796.996245	797.126776	766.09519	766.077369	
14.76543	797.096849	797.231496	766.195795	766.164635	
14.77579	797.199801	797.336215	766.298747	766.269355	
14.7858	797.300026	797.440935	766.398971	766.365348	
14.79594	797.40201	797.536928	766.500955	766.461341	
14.80607	797.504508	797.632921	766.603453	766.557334	
14.81626	797.608269	797.720188	766.707214	766.653327	
14.82636	797.712032	797.816181	766.810977	766.758047	
14.83655	797.816795	797.903447	766.915741	766.862767	
14.8467	797.922063	797.999441	767.021009	766.967486	
14.85684	798.027708	798.07798	767.126654	767.072206	
14.86694	798.133737	798.165247	767.232682	767.185653	
14.87721	798.24207	798.252513	767.341015	767.299099	
14.88846	798.361674	798.348506	767.46062	767.421272	
14.89809	798.464293	798.427046	767.563238	767.534719	
14.90872	798.578585	798.523039	767.677531	767.648165	
14.91841	798.683112	798.610306	767.782058	767.770338	
14.92872	798.795098	798.697572	767.894044	767.883784	
14.93866	798.903593	798.802292	768.002538	767.997231	
14.9489	799.014169	798.898285	768.113115	768.110677	
14.95897	799.122282	799.003005	768.221227	768.224124	
14.9691	799.230408	799.116451	768.329354	768.328843	
14.97926	799.338643	799.221171	768.437588	768.433563	
14.99103	799.462526	799.360797	768.561472	768.564463	
15.00087	799.56566	799.48297	768.664606	768.669183	
15.01103	799.671573	799.605144	768.770518	768.773902	
15.0212	799.777101	799.727317	768.876046	768.878622	
15.03136	799.881831	799.858216	768.980777	768.974615	
15.04149	799.985666	799.989116	769.084611	769.079335	
15.05169	800.08962	800.111289	769.188565	769.175328	
15.06184	800.192365	800.242189	769.291311	769.280048	
15.07194	800.294022	800.373088	769.392968	769.376041	
15.08208	800.395532	800.495261	769.494477	769.480761	
15.09358	800.509912	800.617434	769.608858	769.58548	
15.10344	800.607302	800.739608	769.706247	769.6902	
15.11365	800.707543	800.853054	769.806488	769.79492	
15.12386	800.807293	800.9665	769.906238	769.890913	
15.13394	800.904993	801.07122	770.003938	769.995633	
15.14413	801.003315	801.167213	770.102261	770.091626	
15.15427	801.100709	801.263206	770.199654	770.187619	
15.16444	801.197237	801.350473	770.296182	770.292339	
15.17461	801.293428	801.437739	770.392374	770.388332	
15.18472	801.388524	801.525006	770.487469	770.493052	
15.19623	801.495958	801.612272	770.594904	770.597771	
15.20618	801.588171	801.682085	770.687116	770.693764	
15.21629	801.681322	801.751898	770.780268	770.789758	
15.22675	801.777096	801.821712	770.876042	770.885751	
15.23699	801.870152	801.882798	770.969098	770.981744	
15.24673	801.958188	801.943885	771.057133	771.077737	
15.25687	802.049182	802.013698	771.148128	771.165003	
15.26702	802.139736	802.074784	771.238682	771.260996	
15.27718	802.229663	802.135871	771.328608	771.339536	
15.28732	802.31884	802.205684	771.417786	771.426803	
15.29893	802.420151	802.284224	771.519096	771.522796	
15.30883	802.505906	802.354037	771.604851	771.601336	
15.31891	802.592633	802.432577	771.691579	771.679875	
15.32902	802.679116	802.50239	771.778061	771.767142	
15.33923	802.765775	802.589657	771.864721	771.845682	
15.35727	802.916536	802.746736	772.015482	771.994035	
15.36185	802.954824	802.781643	772.05377	772.028941	
15.37199	803.038921	802.877636	772.137867	772.107481	
15.38214	803.122501	802.973629	772.221447	772.186021	
15.39231	803.205675	803.078349	772.304621	772.273287	
15.40283	803.291085	803.183068	772.390031	772.351827	
15.41266	803.370172	803.287788	772.469117	772.439094	
15.42281	803.45133	803.392508	772.550276	772.52636	
15.43295	803.53181	803.505954	772.630756	772.613627	
15.4431	803.611714	803.619401	772.71066	772.700893	
15.45336	803.691914	803.724121	772.79086	772.78816	
15.46346	803.770251	803.837567	772.869197	772.875426	
15.47359	803.848176	803.951013	772.947122	772.962692	
15.48373	803.925587	804.055733	773.024533	773.041232	
15.49387	804.002392	804.160453	773.101337	773.128499	
15.50439	804.08144	804.256446	773.180386	773.207039	
15.51421	804.154638	804.352439	773.253583	773.285578	
15.52437	804.229796	804.439706	773.328741	773.355392	
15.53461	804.30491	804.526972	773.403855	773.425205	
15.54476	804.37873	804.605512	773.477676	773.495018	
15.55494	804.452187	804.684052	773.551132	773.564831	
15.56519	804.525506	804.745138	773.624451	773.634644	
15.57528	804.597421	804.806225	773.696367	773.704457	
15.5854	804.668294	804.867311	773.76724	773.765544	
15.59572	804.740814	804.919671	773.839759	773.835357	
15.60671	804.816248	804.972031	773.915193	773.90517	
15.61683	804.885543	805.015664	773.984488	773.966257	
15.62699	804.954523	805.059297	774.053469	774.03607	
15.63714	805.022804	805.094204	774.121749	774.097156	
15.64728	805.090466	805.137837	774.189411	774.16697	
15.6574	805.157366	805.172744	774.256311	774.228056	
15.66758	805.224096	805.20765	774.323042	774.297869	
15.6777	805.289813	805.242557	774.388759	774.367683	
15.68794	805.355695	805.277464	774.454641	774.437496	
15.69845	805.422788	805.321097	774.521733	774.507309	
15.70973	805.493716	805.36473	774.592662	774.577122	
15.71948	805.55459	805.41709	774.653536	774.646935	
15.72958	805.617103	805.46945	774.716049	774.708022	
15.73976	805.6795	805.52181	774.778445	774.769108	
15.75019	805.742775	805.57417	774.841721	774.838921	
15.76013	805.802476	805.643983	774.901422	774.900008	
15.77028	805.862823	805.705069	774.961769	774.961094	
15.78048	805.922879	805.774882	775.021824	775.022181	
15.79062	805.981968	805.853422	775.080913	775.083268	
15.80079	806.040681	805.923235	775.139627	775.144354	
15.81204	806.104863	806.010502	775.203808	775.205441	
15.82237	806.16309	806.097768	775.262036	775.266527	
15.83243	806.219259	806.167581	775.318205	775.318887	
15.84262	806.275531	806.254848	775.374477	775.379973	
15.85276	806.330974	806.324661	775.42992	775.432333	
15.86293	806.385926	806.403201	775.484871	775.484693	
15.87308	806.440156	806.481741	775.539102	775.537053	
15.88322	806.493815	806.551554	775.59276	775.589413	
15.89342	806.547116	806.621367	775.646062	775.641773	
15.90353	806.599332	806.682454	775.698277	775.694133	
15.91503	806.657994	806.752267	775.75694	775.755219	
15.92494	806.707901	806.804627	775.806847	775.798853	
15.93505	806.758278	806.865713	775.857224	775.851212	
15.94518	806.808154	806.909346	775.907099	775.903572	
15.95553	806.859615	806.961706	775.95856	775.947205	
15.9657	806.907349	807.00534	776.006295	775.999565	
15.9758	806.955257	807.040246	776.054202	776.043199	
15.98595	807.002821	807.075153	776.101767	776.095558	
15.9961	807.049793	807.110059	776.148739	776.147918	
16.00624	807.096079	807.144966	776.195024	776.191552	
16.01791	807.148553	807.179872	776.247499	776.243911	
16.02872	807.197571	807.214779	776.296516	776.287545	
16.03769	807.235774	807.240959	776.334719	776.331178	
16.04786	807.27978	807.267139	776.378725	776.374811	
16.05847	807.324997	807.293319	776.423943	776.418444	
16.06814	807.365678	807.319499	776.464624	776.462078	
16.07826	807.407635	807.345679	776.506581	776.496984	
16.08843	807.449217	807.371859	776.548163	776.549344	
16.09857	807.490075	807.406765	776.58902	776.584251	
16.10881	807.530734	807.441672	776.62968	776.627884	
16.12018	807.57504	807.476578	776.673986	776.671517	
16.13034	807.614106	807.511485	776.713051	776.706424	
16.1405	807.652568	807.546392	776.751514	776.750057	
16.15067	807.690453	807.581298	776.789399	776.79369	
16.16085	807.727796	807.624931	776.826742	776.828597	
16.17102	807.764493	807.668565	776.863438	776.863503	
16.1812	807.80061	807.703471	776.899556	776.89841	
16.19135	807.83606	807.755831	776.935006	776.942043	
16.20147	807.870793	807.799464	776.969739	776.97695	
16.2117	807.905292	807.843098	777.004237	777.011856	
16.22292	807.942376	807.895457	777.041321	777.046763	
16.23308	807.975376	807.947817	777.074322	777.090396	
16.24323	808.007768	807.991451	777.106714	777.116576	
16.25344	808.03973	808.035084	777.138676	777.151483	
16.26353	808.070758	808.078717	777.169704	777.186389	
16.27385	808.101851	808.12235	777.200797	777.221296	
16.284	808.131842	808.165983	777.230787	777.247476	
16.29419	808.161366	808.209617	777.260312	777.273656	
16.30434	808.190195	808.244523	777.289141	777.299836	
16.31446	808.218343	808.27943	777.317289	777.334742	
16.32586	808.249266	808.323063	777.348211	777.360922	
16.33561	808.275205	808.349243	777.37415	777.387102	
16.34582	808.301745	808.375423	777.400691	777.413282	
16.35598	808.327584	808.401603	777.42653	777.439462	
16.36606	808.352642	808.419056	777.451587	777.465642	
16.37622	808.377311	808.43651	777.476257	777.483095	
16.38637	808.401342	808.462689	777.500287	777.509275	
16.39656	808.424896	808.471416	777.523841	777.526728	
16.40671	808.447788	808.488869	777.546733	777.544182	
16.41707	808.47053	808.488869	777.569476	777.570362	
16.4282	808.494214	808.497596	777.59316	777.587815	
16.43859	808.515749	808.506323	777.614694	777.605268	
16.45056	808.539766	808.506323	777.638712	777.622722	
16.45897	808.556204	808.506323	777.65515	777.640175	
16.46875	808.574823	808.515049	777.673769	777.648902	
16.47886	808.593483	808.523776	777.692428	777.666355	
16.48904	808.611686	808.523776	777.710632	777.683808	
16.49918	808.629267	808.532503	777.728213	777.692535	
16.50938	808.646346	808.541229	777.745291	777.709988	
16.51991	808.663345	808.558683	777.76229	777.727441	
16.53096	808.680517	808.576136	777.779463	777.744895	
16.54112	808.695733	808.593589	777.794679	777.762348	
16.55117	808.710238	808.611042	777.809183	777.779801	
16.5613	808.724295	808.637222	777.823241	777.788528	
16.57149	808.737853	808.663402	777.836799	777.814708	
16.58163	808.750795	808.689582	777.849741	777.832161	
16.5918	808.763197	808.715762	777.862143	777.849614	
16.60196	808.775041	808.750669	777.873986	777.867068	
16.61209	808.786283	808.776849	777.885229	777.884521	
16.62227	808.79703	808.803029	777.895976	777.893248	
16.63356	808.808243	808.829209	777.907188	777.910701	
16.64376	808.817827	808.855389	777.916773	777.928154	
16.65384	808.826776	808.881568	777.925722	777.936881	
16.66399	808.835246	808.907748	777.934191	777.954334	
16.6741	808.84315	808.925202	777.942096	777.963061	
16.6843	808.850592	808.942655	777.949538	777.963061	
16.69451	808.8575	808.960108	777.956446	777.963061	
16.7046	808.863822	808.977562	777.962767	777.963061	
16.71476	808.869673	808.995015	777.968618	777.963061	
16.72488	808.874998	808.995015	777.973943	777.963061	
16.73627	808.880334	808.995015	777.97928	777.963061	
16.74634	808.884607	808.995015	777.983552	777.963061	
16.75652	808.888449	808.995015	777.987394	777.963061	
16.76674	808.891838	808.986288	777.990783	777.963061	
16.77714	808.894822	808.977562	777.993768	777.963061	
16.78695	808.897254	808.977562	777.9962	777.963061	
16.79719	808.899376	808.960108	777.998321	777.963061	
16.80726	808.901096	808.960108	778.000042	777.963061	
16.81739	808.906275	808.942655	778.005221	777.963061	
16.82753	808.906275	808.933928	778.005221	777.963061	
16.83921	808.906275	808.925202	778.005221	777.963061	
16.84907	808.906275	808.907748	778.005221	777.963061	
16.8592	808.906275	808.899022	778.005221	777.963061	
16.87727	808.906275	808.890295	778.005221	777.963061	
16.88185	808.906275	808.881568	778.005221	777.963061	
16.89202	808.906275	808.872842	778.005221	777.963061	
16.90218	808.906275	808.872842	778.005221	777.963061	
16.91243	808.906275	808.881568	778.005221	777.963061	
16.92258	808.906275	808.881568	778.005221	777.963061	
16.93274	808.906275	808.890295	778.005221	777.963061	
16.94293	808.906275	808.890295	778.005221	777.963061	
16.95315	808.906275	808.899022	778.005221	777.963061	
16.96326	808.906275	808.907748	778.005221	777.963061	
16.97347	808.906275	808.907748	778.005221	777.963061	
16.98353	808.906275	808.916475	778.005221	777.963061	
16.99371	808.906275	808.916475	778.005221	777.963061	
17.00392	808.906275	808.925202	778.005221	777.963061	
17.01403	808.906275	808.925202	778.005221	777.963061	
17.02418	808.906275	808.925202	778.005221	777.963061	
17.03431	808.906275	808.925202	778.005221	777.963061	
17.04458	808.906275	808.925202	778.005221	777.963061	
17.05476	808.906275	808.925202	778.005221	777.963061	
17.06486	808.906275	808.925202	778.005221	777.963061	
17.07501	808.906275	808.925202	778.005221	777.963061	
17.08519	808.906275	808.925202	778.005221	777.963061	
17.09536	808.906275	808.925202	778.005221	777.963061	
17.1055	808.906275	808.925202	778.005221	777.963061	
17.11563	808.906275	808.925202	778.005221	777.963061	
17.12578	808.906275	808.925202	778.005221	777.963061	
17.13587	808.906275	808.925202	778.005221	777.963061	
17.14682	808.906275	808.925202	778.005221	777.963061	
17.15696	808.906275	808.925202	778.005221	777.963061	
17.16709	808.906275	808.925202	778.005221	777.963061	
17.17722	808.906275	808.925202	778.005221	777.963061	
17.18739	808.906275	808.925202	778.005221	777.963061	
17.19758	808.906275	808.925202	778.005221	777.963061	
17.20768	808.906275	808.925202	778.005221	777.963061	
17.22572	808.906275	808.925202	778.005221	777.963061	
17.23027	808.906275	808.925202	778.005221	777.963061	
17.24044	808.906275	808.925202	778.005221	777.963061	
17.25065	808.906275	808.925202	778.005221	777.963061	
17.26124	808.906275	808.925202	778.005221	777.963061	
17.27118	808.906275	808.925202	778.005221	777.963061	
17.28127	808.906275	808.925202	778.005221	777.963061	
17.29148	808.906275	808.925202	778.005221	777.963061	
17.30164	808.906275	808.925202	778.005221	777.963061	
17.31178	808.906275	808.925202	778.005221	777.963061	
17.32196	808.906275	808.925202	778.005221	777.963061	
17.33208	808.906275	808.925202	778.005221	777.963061	
17.34225	808.906275	808.925202	778.005221	777.963061	
17.35247	808.906275	808.925202	778.005221	777.963061	
17.36266	808.906275	808.925202	778.005221	777.963061	
17.37277	808.906275	808.925202	778.005221	777.963061	
17.38295	808.906275	808.925202	778.005221	777.963061	
17.39305	808.906275	808.925202	778.005221	777.963061	
17.40325	808.906275	808.925202	778.005221	777.963061	
17.41346	808.906275	808.925202	778.005221	777.963061	
17.42357	808.906275	808.925202	778.005221	777.963061	
17.4337	808.906275	808.925202	778.005221	777.963061	
17.44387	808.906275	808.925202	778.005221	777.963061	
17.45737	808.906275	808.925202	778.005221	777.963061	
17.46726	808.906275	808.925202	778.005221	777.963061	
17.47742	808.906275	808.925202	778.005221	777.963061	
17.48752	808.906275	808.925202	778.005221	777.963061	
17.4977	808.906275	808.925202	778.005221	777.963061	
17.508	808.906275	808.925202	778.005221	777.963061	
17.51809	808.906275	808.925202	778.005221	777.963061	
17.52826	808.906275	808.925202	778.005221	777.963061	
17.53835	808.906275	808.925202	778.005221	777.963061	
17.54874	808.906275	808.925202	778.005221	777.963061	
17.55995	808.906275	808.925202	778.005221	777.963061	
17.5701	808.906275	808.925202	778.005221	777.963061	
17.58022	808.906275	808.925202	778.005221	777.963061	
17.59036	808.906275	808.925202	778.005221	777.963061	
17.60053	808.906275	808.925202	778.005221	777.963061	
17.61069	808.906275	808.925202	778.005221	777.963061	
17.62086	808.906275	808.925202	778.005221	777.963061	
17.63102	808.906275	808.925202	778.005221	777.963061	
17.64113	808.906275	808.925202	778.005221	777.963061	
17.65132	808.906275	808.925202	778.005221	777.963061	
17.66286	808.906275	808.925202	778.005221	777.963061	
17.67272	808.906275	808.925202	778.005221	777.963061	
17.68287	808.906275	808.925202	778.005221	777.963061	
17.69303	808.906275	808.925202	778.005221	777.963061	
17.70314	808.906275	808.925202	778.005221	777.963061	
17.71334	808.906275	808.925202	778.005221	777.963061	
17.72348	808.906275	808.925202	778.005221	777.963061	
17.73373	808.906275	808.925202	778.005221	777.963061	
17.74379	808.906275	808.925202	778.005221	777.963061	
17.75389	808.906275	808.925202	778.005221	777.963061	
17.76536	808.906275	808.925202	778.005221	777.963061	
17.77538	808.906275	808.925202	778.005221	777.963061	
17.78553	808.906275	808.925202	778.005221	777.963061	
17.79569	808.906275	808.925202	778.005221	777.963061	
17.80585	808.906275	808.925202	778.005221	777.963061	
17.81598	808.906275	808.925202	778.005221	777.963061	
17.82612	808.906275	808.925202	778.005221	777.963061	
17.83644	808.906275	808.925202	778.005221	777.963061	
17.84647	808.906275	808.925202	778.005221	777.963061	
17.85695	808.906275	808.925202	778.005221	777.963061	
17.86797	808.906275	808.925202	778.005221	777.963061	
17.87805	808.906275	808.925202	778.005221	777.963061	
17.88821	808.906275	808.925202	778.005221	777.963061	
17.89827	808.906275	808.925202	778.005221	777.963061	
17.90883	808.906275	808.925202	778.005221	777.963061	
17.92662	808.906275	808.925202	778.005221	777.963061	
17.93118	808.906275	808.925202	778.005221	777.963061	
17.94142	808.906275	808.925202	778.005221	777.963061	
17.95146	808.906275	808.925202	778.005221	777.963061	
17.96166	808.906275	808.925202	778.005221	777.963061	
17.97221	808.906275	808.925202	778.005221	777.963061	
17.98205	808.906275	808.925202	778.005221	777.963061	
17.99219	808.906275	808.925202	778.005221	777.963061	
18.00231	808.906275	808.925202	778.005221	777.963061	
18.01252	808.906275	808.925202	778.005221	777.963061	
18.02269	808.906275	808.925202	778.005221	777.963061	
18.04286	808.906275	808.925202	778.005221	777.963061	
18.04745	808.906275	808.925202	778.005221	777.963061	
18.05759	808.906275	808.925202	778.005221	777.963061	
18.07037	808.906275	808.925202	778.005221	777.963061	
18.07799	808.906275	808.925202	778.005221	777.963061	
18.08805	808.906275	808.925202	778.005221	777.963061	
18.0982	808.906275	808.925202	778.005221	777.963061	
18.10835	808.906275	808.925202	778.005221	777.963061	
18.11873	808.906275	808.925202	778.005221	777.963061	
18.1286	808.906275	808.925202	778.005221	777.963061	
18.13879	808.906275	808.925202	778.005221	777.963061	
18.14894	808.906275	808.925202	778.005221	777.963061	
18.15905	808.906275	808.925202	778.005221	777.963061	
18.1717	808.906275	808.925202	778.005221	777.963061	
18.1797	808.906275	808.925202	778.005221	777.963061	
18.18965	808.906275	808.925202	778.005221	777.963061	
18.19974	808.906275	808.925202	778.005221	777.963061	
18.20986	808.906275	808.925202	778.005221	777.963061	
18.22009	808.906275	808.925202	778.005221	777.963061	
18.23022	808.906275	808.925202	778.005221	777.963061	
18.24037	808.906275	808.925202	778.005221	777.963061	
18.25054	808.906275	808.925202	778.005221	777.963061	
18.26067	808.906275	808.925202	778.005221	777.963061	
18.2709	808.906275	808.925202	778.005221	777.963061	
18.28114	808.906275	808.925202	778.005221	777.963061	
18.29123	808.906275	808.925202	778.005221	777.963061	
18.30145	808.906275	808.925202	778.005221	777.963061	
18.3115	808.906275	808.925202	778.005221	777.963061	
18.32169	808.906275	808.925202	778.005221	777.963061	
18.33184	808.906275	808.925202	778.005221	777.963061	
18.342	808.906275	808.925202	778.005221	777.963061	
18.35214	808.906275	808.925202	778.005221	777.963061	
18.36225	808.906275	808.925202	778.005221	777.963061	
18.37243	808.906275	808.925202	778.005221	777.963061	
18.38271	808.906275	808.925202	778.005221	777.963061	
18.39281	808.906275	808.925202	778.005221	777.963061	
18.40296	808.906275	808.925202	778.005221	777.963061	
18.41316	808.906275	808.925202	778.005221	777.963061	
18.42324	808.906275	808.925202	778.005221	777.963061	
18.43343	808.906275	808.925202	778.005221	777.963061	
18.44357	808.906275	808.925202	778.005221	777.963061	
18.4558	808.906275	808.925202	778.005221	777.963061	
18.46387	808.906275	808.925202	778.005221	777.963061	
18.474	808.906275	808.925202	778.005221	777.963061	
18.48422	808.906275	808.925202	778.005221	777.963061	
18.49441	808.906275	808.925202	778.005221	777.963061	
18.50454	808.906275	808.925202	778.005221	777.963061	
18.51472	808.906275	808.925202	778.005221	777.963061	
18.52481	808.906275	808.925202	778.005221	777.963061	
18.53503	808.906275	808.925202	778.005221	777.963061	
18.54517	808.906275	808.925202	778.005221	777.963061	
18.55536	808.906275	808.925202	778.005221	777.963061	
18.56553	808.906275	808.925202	778.005221	777.963061	
18.57573	808.906275	808.925202	778.005221	777.963061	
18.58666	808.906275	808.925202	778.005221	777.963061	
18.59656	808.906275	808.925202	778.005221	777.963061	
18.60673	808.906275	808.925202	778.005221	777.963061	
18.61684	808.906275	808.925202	778.005221	777.963061	
18.62719	808.906275	808.925202	778.005221	777.963061	
18.63713	808.906275	808.925202	778.005221	777.963061	
18.64726	808.906275	808.925202	778.005221	777.963061	
18.65742	808.906275	808.925202	778.005221	777.963061	
18.66753	808.906275	808.925202	778.005221	777.963061	
18.67797	808.906275	808.925202	778.005221	777.971787	
18.68907	808.906275	808.925202	778.005221	777.971787	
18.69932	808.906275	808.925202	778.005221	777.971787	
18.70951	808.906275	808.925202	778.005221	777.971787	
18.71952	808.906275	808.925202	778.005221	777.980514	
18.72997	808.906275	808.925202	778.005221	777.980514	
18.74015	808.906275	808.925202	778.005221	777.980514	
18.75029	808.906275	808.925202	778.005221	777.989241	
18.76047	808.906275	808.925202	778.005221	777.989241	
18.77057	808.906275	808.925202	778.005221	777.989241	
18.78079	808.906275	808.925202	778.005221	777.989241	
18.79117	808.906275	808.925202	778.005221	777.989241	
18.8013	808.906275	808.925202	778.005221	777.989241	
18.81146	808.906275	808.925202	778.005221	777.989241	
18.82174	808.906275	808.925202	778.005221	777.989241	
18.83175	808.906275	808.925202	778.005221	777.989241	
18.84196	808.906275	808.925202	778.005221	777.989241	
18.85214	808.906275	808.925202	778.005221	777.989241	
18.86227	808.906275	808.925202	778.005221	777.989241	
18.87241	808.906275	808.925202	778.005221	777.989241	
18.88255	808.906275	808.925202	778.005221	777.989241	
18.89275	808.906275	808.925202	778.005221	777.989241	
18.90297	808.906275	808.925202	778.005221	777.989241	
18.91318	808.906275	808.925202	778.005221	777.989241	
18.92334	808.906275	808.925202	778.005221	777.989241	
18.93354	808.906275	808.925202	778.005221	777.989241	
18.94366	808.906275	808.925202	778.005221	777.989241	
18.95395	808.906275	808.925202	778.005221	777.989241	
18.96402	808.906275	808.925202	778.005221	777.989241	
18.97414	808.906275	808.925202	778.005221	777.989241	
18.98428	808.906275	808.925202	778.005221	777.989241	
18.99441	808.906275	808.925202	778.005221	777.989241	
19.00464	808.906275	808.925202	778.005221	777.989241	
19.01484	808.906275	808.925202	778.005221	777.989241	
19.02496	808.906275	808.925202	778.005221	777.989241	
19.03516	808.906275	808.925202	778.005221	777.989241	
19.04541	808.906275	808.925202	778.005221	777.989241	
19.05548	808.906275	808.925202	778.005221	777.989241	
19.06575	808.906275	808.925202	778.005221	777.989241	
19.07579	808.906275	808.925202	778.005221	777.989241	
19.08588	808.906275	808.925202	778.005221	777.989241	
19.09609	808.906275	808.925202	778.005221	777.989241	
19.10618	808.906275	808.925202	778.005221	777.989241	
19.11638	808.906275	808.925202	778.005221	777.989241	
19.12653	808.906275	808.925202	778.005221	777.989241	
19.1367	808.906275	808.925202	778.005221	777.989241	
19.14684	808.906275	808.925202	778.005221	777.989241	
19.15697	808.906275	808.925202	778.005221	777.989241	
19.16714	808.906275	808.925202	778.005221	777.989241	
19.17727	808.906275	808.925202	778.005221	777.989241	
19.18741	808.906275	808.925202	778.005221	777.989241	
19.19762	808.906275	808.925202	778.005221	777.989241	
19.20773	808.906275	808.925202	778.005221	777.989241	
19.21794	808.906275	808.925202	778.005221	777.989241	
19.22807	808.906275	808.925202	778.005221	777.989241	
19.23824	808.906275	808.925202	778.005221	777.989241	
19.24831	808.906275	808.925202	778.005221	777.989241	
19.25846	808.906275	808.925202	778.005221	777.989241	
19.26867	808.906275	808.925202	778.005221	777.989241	
19.27882	808.906275	808.925202	778.005221	777.989241	
19.28896	808.906275	808.925202	778.005221	777.989241	
19.29911	808.906275	808.925202	778.005221	777.989241	
19.30934	808.906275	808.925202	778.005221	777.989241	
19.31945	808.906275	808.925202	778.005221	777.989241	
19.32954	808.906275	808.925202	778.005221	777.989241	
19.33972	808.906275	808.925202	778.005221	777.989241	
19.3499	808.906275	808.925202	778.005221	777.989241	
19.36004	808.906275	808.925202	778.005221	777.989241	
19.37016	808.906275	808.925202	778.005221	777.989241	
19.38032	808.906275	808.925202	778.005221	777.989241	
19.3905	808.906275	808.925202	778.005221	777.989241	
19.40065	808.906275	808.925202	778.005221	777.989241	
19.41086	808.906275	808.925202	778.005221	777.989241	
19.42099	808.906275	808.925202	778.005221	777.989241	
19.43114	808.906275	808.925202	778.005221	777.989241	
19.44132	808.906275	808.925202	778.005221	777.989241	
19.45145	808.906275	808.925202	778.005221	777.989241	
19.46168	808.906275	808.925202	778.005221	777.989241	
19.47174	808.906275	808.925202	778.005221	777.989241	
19.48187	808.906275	808.925202	778.005221	777.989241	
19.49207	808.906275	808.925202	778.005221	777.989241	
19.5022	808.906275	808.925202	778.005221	777.989241	
19.51236	808.906275	808.925202	778.005221	777.989241	
19.52252	808.906275	808.925202	778.005221	777.989241	
19.53269	808.906275	808.925202	778.005221	777.989241	
19.54289	808.906275	808.925202	778.005221	777.989241	
19.553	808.906275	808.925202	778.005221	777.989241	
19.56315	808.906275	808.925202	778.005221	777.989241	
19.57336	808.906275	808.925202	778.005221	777.989241	
19.58344	808.906275	808.925202	778.005221	777.989241	
19.59361	808.906275	808.925202	778.005221	777.989241	
19.60381	808.906275	808.925202	778.005221	777.989241	
19.61397	808.906275	808.925202	778.005221	777.989241	
19.6241	808.906275	808.925202	778.005221	777.989241	
19.63423	808.906275	808.925202	778.005221	777.989241	
19.6444	808.906275	808.925202	778.005221	777.989241	
19.65457	808.906275	808.925202	778.005221	777.989241	
19.66471	808.906275	808.925202	778.005221	777.989241	
19.67489	808.906275	808.925202	778.005221	777.989241	
19.685	808.906275	808.925202	778.005221	777.989241	
19.69517	808.906275	808.925202	778.005221	777.989241	
19.70535	808.906275	808.925202	778.005221	777.989241	
19.71549	808.906275	808.925202	778.005221	777.989241	
19.72572	808.906275	808.925202	778.005221	777.989241	
19.73579	808.906275	808.925202	778.005221	777.989241	
19.74594	808.906275	808.925202	778.005221	777.989241	
19.75613	808.906275	808.925202	778.005221	777.989241	
19.7662	808.906275	808.925202	778.005221	777.989241	
19.77638	808.906275	808.925202	778.005221	777.989241	
19.78653	808.906275	808.925202	778.005221	777.989241	
19.79672	808.906275	808.925202	778.005221	777.989241	
19.80685	808.906275	808.925202	778.005221	777.989241	
19.81712	808.906275	808.925202	778.005221	777.989241	
19.82713	808.906275	808.925202	778.005221	777.989241	
19.83727	808.906275	808.925202	778.005221	777.989241	
19.84744	808.906275	808.925202	778.005221	777.989241	
19.85757	808.906275	808.925202	778.005221	777.989241	
19.86771	808.906275	808.925202	778.005221	777.989241	
19.87797	808.906275	808.925202	778.005221	777.989241	
19.88802	808.906275	808.925202	778.005221	777.989241	
19.89821	808.906275	808.925202	778.005221	777.989241	
19.9083	808.906275	808.925202	778.005221	777.989241	
19.91851	808.906275	808.925202	778.005221	777.989241	
19.92864	808.906275	808.925202	778.005221	777.989241	
19.93879	808.906275	808.925202	778.005221	777.989241	
19.94893	808.906275	808.925202	778.005221	777.989241	
19.95939	808.906275	808.925202	778.005221	777.989241	
19.96953	808.906275	808.925202	778.005221	777.989241	
19.97969	808.906275	808.925202	778.005221	777.989241	
19.9899	808.906275	808.925202	778.005221	777.989241	
20.00001	808.906275	808.925202	778.005221	777.989241	
20.01017	808.906275	808.925202	778.005221	777.989241	
20.02037	808.906275	808.925202	778.005221	777.989241	
20.03999	808.906275	808.925202	778.005221	777.989241	
20.04459	808.906275	808.925202	778.005221	777.989241	
20.05475	808.906275	808.925202	778.005221	777.989241	
20.06489	808.906275	808.925202	778.005221	777.989241	
20.07507	808.906275	808.925202	778.005221	777.989241	
20.08515	808.906275	808.925202	778.005221	777.989241	
20.09537	808.906275	808.925202	778.005221	777.989241	
20.10589	808.906275	808.925202	778.005221	777.989241	
20.1157	808.906275	808.925202	778.005221	777.989241	
20.12589	808.906275	808.925202	778.005221	777.989241	
20.14692	808.906275	808.925202	778.005221	777.989241	
20.15176	808.906275	808.925202	778.005221	777.989241	
20.16207	808.906275	808.925202	778.005221	777.989241	
