8.60201	
8.612218	
8.622404	
8.632476	
8.642659	
8.652798	
8.662944	
8.673087	
8.683196	
8.693396	
8.703572	
8.713682	
8.72385	
8.734008	
8.74416	
8.754298	
8.764447	
8.774663	
8.784758	
8.794873	
8.805079	
8.815195	
8.825372	
8.83551	
8.845685	
8.863713	
8.868081	
8.878278	
8.888375	
8.898512	
8.908617	
8.918867	
8.929057	
8.939182	
8.94933	
8.959508	
8.969644	
8.979816	
8.989935	
9.00016	
9.010314	
9.020435	
9.030608	
9.040704	
9.050831	
9.061023	
9.071149	
9.081283	
9.091431	
9.101581	
9.111774	
9.129899	
9.13435	
9.144432	
9.154534	
9.164724	
9.174887	
9.18498	
9.195179	
9.205357	
9.215479	
9.225644	
9.235771	
9.245963	
9.256125	
9.26627	
9.276416	
9.286622	
9.296729	
9.306872	
9.317057	
9.32719	
9.337361	
9.347482	
9.35768	
9.367807	
9.379133	
9.388046	
9.398166	
9.408316	
9.418458	
9.42864	
9.438874	
9.44895	
9.459111	
9.469267	
9.479385	
9.489513	
9.499646	
9.5098	
9.519981	
9.530145	
9.540346	
9.550601	
9.56061	
9.570748	
9.580888	
9.591033	
9.601175	
9.611307	
9.621445	
9.631633	
9.641822	
9.651916	
9.662058	
9.672209	
9.682329	
9.692522	
9.702744	
9.712834	
9.72299	
9.733181	
9.743298	
9.753467	
9.763613	
9.773778	
9.783985	
9.794066	
9.804219	
9.814383	
9.824537	
9.834671	
9.844831	
9.855021	
9.865121	
9.875291	
9.885439	
9.895598	
9.905698	
9.91588	
9.926043	
9.936192	
9.946346	
9.956595	
9.966703	
9.976815	
9.986941	
9.997139	
10.00727	
10.01741	
10.02756	
10.03772	
10.04787	
10.058	
10.06816	
10.07832	
10.08844	
10.09862	
10.10922	
10.11929	
10.12945	
10.13958	
10.14971	
10.15985	
10.17002	
10.18818	
10.1926	
10.20276	
10.2129	
10.22308	
10.23321	
10.24337	
10.25351	
10.26367	
10.27385	
10.28401	
10.29414	
10.30429	
10.31443	
10.32459	
10.33477	
10.34488	
10.35502	
10.36523	
10.37553	
10.38583	
10.39593	
10.40608	
10.41624	
10.42643	
10.43657	
10.44672	
10.45688	
10.46702	
10.47743	
10.48732	
10.49745	
10.50759	
10.51778	
10.52791	
10.53809	
10.5482	
10.55836	
10.5685	
10.57862	
10.58887	
10.59904	
10.6091	
10.61923	
10.62941	
10.63953	
10.64963	
10.65978	
10.66992	
10.68016	
10.69077	
10.70052	
10.71075	
10.7208	
10.73095	
10.74109	
10.75125	
10.76139	
10.77152	
10.78173	
10.79182	
10.80198	
10.81212	
10.82229	
10.83244	
10.84259	
10.85275	
10.86299	
10.87317	
10.88419	
10.89471	
10.90471	
10.91485	
10.92498	
10.93517	
10.9453	
10.95685	
10.96564	
10.97578	
10.98591	
10.99612	
11.00627	
11.01639	
11.02655	
11.03668	
11.04686	
11.05697	
11.06711	
11.07731	
11.08743	
11.09756	
11.10776	
11.11786	
11.12802	
11.13816	
11.14829	
11.15842	
11.16858	
11.17871	
11.18887	
11.19905	
11.21165	748.939664	748.938235	718.03861	718.037181	
11.22207	748.94143	748.938235	718.040375	718.037181	
11.23199	748.943687	748.938235	718.042633	718.037181	
11.24201	748.946568	748.938235	718.045514	718.037181	
11.25229	748.95017	748.938235	718.049116	718.037181	
11.26245	748.954344	748.938235	718.053289	718.037181	
11.27258	748.959121	748.938235	718.058066	718.045908	
11.28273	748.964522	748.938235	718.063468	718.045908	
11.29285	748.970531	748.946962	718.069476	718.045908	
11.30309	748.977239	748.946962	718.076185	718.054634	
11.31445	748.985491	748.955689	718.084437	718.054634	
11.3245	748.993353	748.955689	718.092299	718.063361	
11.33479	749.002053	748.964415	718.100998	718.063361	
11.34485	749.011161	748.973142	718.110106	718.063361	
11.35497	749.020936	748.981869	718.119881	718.063361	
11.36514	749.031381	748.990595	718.130326	718.063361	
11.3753	749.042431	748.990595	718.141377	718.063361	
11.39533	749.067239	749.008048	718.166185	718.089541	
11.39991	749.072803	749.016775	718.171749	718.089541	
11.41002	749.085917	749.025502	718.184862	718.098267	
11.42037	749.099988	749.034228	718.198934	718.124447	
11.43045	749.114281	749.042955	718.213226	718.133174	
11.44054	749.129211	749.060408	718.228156	718.159354	
11.45064	749.144755	749.077862	718.243701	718.185534	
11.46106	749.161477	749.095315	718.260423	718.211714	
11.47105	749.178075	749.121495	718.277021	718.237894	
11.48116	749.195488	749.147675	718.294433	718.2728	
11.49128	749.213541	749.165128	718.312487	718.29898	
11.50145	749.232304	749.200035	718.33125	718.32516	
11.51176	749.251961	749.234941	718.350907	718.342614	
11.52212	749.272378	749.269848	718.371323	718.368793	
11.54001	749.30993	749.304754	718.408876	718.394973	
11.54468	749.31967	749.339661	718.418615	718.412427	
11.55477	749.341519	749.374568	718.440465	718.438607	
11.56497	749.364223	749.418201	718.463169	718.45606	
11.57515	749.387514	749.453107	718.486459	718.473513	
11.58526	749.411238	749.488014	718.510184	718.490967	
11.59544	749.435755	749.522921	718.534701	718.50842	
11.60553	749.460684	749.549101	718.55963	718.525873	
11.61824	749.493139	749.584007	718.592085	718.543326	
11.62592	749.512976	749.610187	718.611922	718.56078	
11.63608	749.540018	749.636367	718.638963	718.58696	
11.64623	749.567478	749.65382	718.666423	718.604413	
11.65637	749.595595	749.68	718.694541	718.630593	
11.66657	749.624514	749.697454	718.723459	718.656773	
11.67672	749.65391	749.714907	718.752855	718.691679	
11.6869	749.68404	749.73236	718.782985	718.726586	
11.69701	749.714531	749.749813	718.813476	718.761493	
11.70712	749.745669	749.767267	718.844615	718.796399	
11.71738	749.77791	749.78472	718.876855	718.840032	
11.72751	749.810341	749.793447	718.909286	718.883666	
11.73772	749.843636	749.8109	718.942582	718.918572	
11.74781	749.877177	749.828353	718.976123	718.962205	
11.75797	749.911555	749.854533	719.010501	718.997112	
11.76817	749.946708	749.880713	719.045654	719.032019	
11.77828	749.982144	749.898166	719.08109	719.066925	
11.7884	750.018208	749.933073	719.117153	719.101832	
11.79856	750.055093	749.959253	719.154039	719.136738	
11.80869	750.092444	749.99416	719.191389	719.171645	
11.81937	750.13254	750.037793	719.231486	719.206552	
11.82905	750.169404	750.072699	719.268349	719.232731	
11.83922	750.208785	750.116333	719.307731	719.267638	
11.84934	750.24855	750.159966	719.347496	719.302545	
11.85946	750.288998	750.212326	719.387943	719.337451	
11.86966	750.330327	750.264686	719.429272	719.372358	
11.87979	750.371993	750.317045	719.470939	719.407264	
11.88991	750.41427	750.369405	719.513216	719.450898	
11.90004	750.457189	750.430492	719.556134	719.494531	
11.91024	750.501034	750.491578	719.59998	719.538164	
11.92078	750.54701	750.543938	719.645956	719.590524	
11.93105	750.592437	750.596298	719.691383	719.634157	
11.94073	750.635782	750.657385	719.734727	719.695244	
11.9509	750.681974	750.718471	719.78092	719.747604	
11.96098	750.72837	750.770831	719.827316	719.799963	
11.97117	750.775875	750.831918	719.874821	719.852323	
11.98134	750.823926	750.893004	719.922871	719.904683	
11.99144	750.872217	750.945364	719.971162	719.957043	
12.00164	750.921647	750.997724	720.020592	720.01813	
12.01174	750.971237	751.050084	720.070182	720.061763	
12.02223	751.023337	751.102444	720.122283	720.122849	
12.03306	751.077908	751.154803	720.176854	720.166483	
12.0433	751.130094	751.198437	720.229039	720.218842	
12.05343	751.182315	751.250797	720.28126	720.262476	
12.06349	751.234806	751.29443	720.333752	720.314836	
12.07369	751.288663	751.338063	720.387608	720.367195	
12.08384	751.342817	751.381696	720.441763	720.410829	
12.09403	751.39787	751.42533	720.496815	720.463189	
12.11425	751.510157	751.512596	720.609102	720.559182	
12.11928	751.537977	751.530049	720.636923	720.585362	
12.13147	751.606695	751.573682	720.70564	720.637722	
12.13914	751.650066	751.617316	720.749011	720.690081	
12.14933	751.708512	751.669676	720.807458	720.751168	
12.15943	751.767006	751.713309	720.865952	720.812254	
12.16955	751.826206	751.765669	720.925152	720.873341	
12.17972	751.886381	751.818029	720.985327	720.934427	
12.18987	751.947043	751.879115	721.045989	720.995514	
12.20002	752.008269	751.931475	721.107214	721.065327	
12.21022	752.070464	751.992562	721.16941	721.13514	
12.22033	752.132715	752.062375	721.231661	721.204954	
12.23089	752.198465	752.123461	721.29741	721.26604	
12.24063	752.259594	752.193274	721.358539	721.335853	
12.25081	752.324165	752.263088	721.423111	721.405666	
12.26097	752.389216	752.341627	721.488162	721.47548	
12.27109	752.454631	752.411441	721.553576	721.536566	
12.28126	752.521017	752.48998	721.619963	721.597653	
12.29141	752.587792	752.56852	721.686737	721.667466	
12.30164	752.655789	752.655787	721.754735	721.728552	
12.31175	752.723579	752.734326	721.822524	721.798365	
12.32184	752.791872	752.812866	721.890817	721.859452	
12.33227	752.863316	752.900133	721.962261	721.929265	
12.34238	752.932804	752.969946	722.03175	721.990352	
12.35287	753.005777	753.057212	722.104723	722.060165	
12.36274	753.074941	753.127026	722.173887	722.129978	
12.37287	753.146601	753.205565	722.245546	722.199791	
12.38342	753.223903	753.284105	722.322848	722.269604	
12.39317	753.292029	753.353918	722.390974	722.348144	
12.40331	753.365626	753.423732	722.464572	722.417957	
12.41347	753.439938	753.502271	722.538883	722.496497	
12.42358	753.514532	753.572084	722.613477	722.56631	
12.43376	753.590281	753.641898	722.689227	722.64485	
12.44392	753.666486	753.711711	722.765432	722.72339	
12.45405	753.74305	753.790251	722.841996	722.80193	
12.4725	753.885105	753.912424	722.984051	722.950283	
12.47713	753.920628	753.94733	723.019574	722.985189	
12.48723	753.998936	754.017143	723.097881	723.055003	
12.49743	754.078732	754.086957	723.177678	723.142269	
12.50757	754.158643	754.15677	723.257588	723.220809	
12.51776	754.239588	754.23531	723.338534	723.299349	
12.52789	754.320679	754.305123	723.419624	723.377888	
12.53809	754.403552	754.383663	723.502498	723.465155	
12.54829	754.486163	754.462202	723.585108	723.543695	
12.55866	754.570826	754.540742	723.669772	723.630961	
12.56861	754.652836	754.619282	723.751782	723.709501	
12.5787	754.736624	754.706549	723.83557	723.796767	
12.58929	754.825305	754.785088	723.92425	723.875307	
12.59902	754.907302	754.872355	724.006248	723.962574	
12.60914	754.993264	754.968348	724.09221	724.04984	
12.61926	755.079746	755.064341	724.178692	724.137107	
12.62942	755.167277	755.151607	724.266223	724.215646	
12.63957	755.255392	755.247601	724.354338	724.31164	
12.64974	755.344136	755.343594	724.443082	724.390179	
12.65992	755.433668	755.448313	724.532613	724.486173	
12.67007	755.523589	755.53558	724.622534	724.573439	
12.68034	755.615191	755.6403	724.714137	724.660705	
12.69077	755.708924	755.736293	724.807869	724.756699	
12.70056	755.797328	755.832286	724.896274	724.843965	
12.71065	755.889164	755.928279	724.98811	724.939958	
12.72078	755.982	756.024272	725.080945	725.035951	
12.73093	756.075544	756.120265	725.17449	725.131944	
12.7411	756.169969	756.216258	725.268915	725.227937	
12.75144	756.266666	756.312251	725.365612	725.323931	
12.76986	756.4413	756.478058	725.540246	725.498463	
12.77452	756.485359	756.512964	725.584304	725.550823	
12.78457	756.581259	756.608957	725.680205	725.63809	
12.79476	756.679181	756.70495	725.778126	725.74281	
12.80491	756.777228	756.792217	725.876174	725.838803	
12.81507	756.8761	756.879483	725.975045	725.934796	
12.82524	756.97565	756.96675	726.074596	726.030789	
12.83533	757.074977	757.054016	726.173922	726.126782	
12.84554	757.176183	757.150009	726.275129	726.231502	
12.85575	757.277915	757.246003	726.376861	726.327495	
12.86603	757.381112	757.333269	726.480058	726.432215	
12.87617	757.483437	757.437989	726.582382	726.536934	
12.88635	757.586757	757.525255	726.685702	726.641654	
12.89648	757.690296	757.629975	726.789241	726.737647	
12.90664	757.794721	757.725968	726.893667	726.851094	
12.91678	757.899495	757.821961	726.99844	726.955813	
12.92702	758.005965	757.926681	727.104911	727.060533	
12.93714	758.111809	758.031401	727.210755	727.165253	
12.94723	758.217971	758.144847	727.316916	727.269973	
12.95783	758.330198	758.258294	727.429144	727.383419	
12.96777	758.435906	758.37174	727.534852	727.488139	
12.97788	758.54416	758.485186	727.643105	727.592859	
12.98823	758.65598	758.598633	727.754926	727.697578	
12.99818	758.763273	758.712079	727.862218	727.802298	
13.00841	758.874634	758.834252	727.97358	727.915744	
13.0185	758.985111	758.956425	728.084057	728.029191	
13.02865	759.09499	759.078598	728.193936	728.142637	
13.03886	759.204936	759.200771	728.303882	728.256084	
13.04928	759.316443	759.322944	728.415388	728.360803	
13.05939	759.423998	759.445117	728.522944	728.482976	
13.06958	759.531813	759.56729	728.630758	728.596423	
13.07967	759.637921	759.689464	728.736867	728.709869	
13.08998	759.745837	759.811637	728.844782	728.823316	
13.09998	759.849796	759.93381	728.948742	728.945489	
13.11022	759.955587	760.055983	729.054532	729.058935	
13.12823	760.139379	760.256696	729.238324	729.250921	
13.13279	760.186039	760.309055	729.284984	729.303281	
13.143	760.289539	760.422502	729.388485	729.408001	
13.15307	760.391118	760.527222	729.490063	729.503994	
13.16331	760.493658	760.631941	729.592604	729.599987	
13.17355	760.595631	760.736661	729.694577	729.704707	
13.18365	760.695663	760.832654	729.794609	729.791973	
13.19374	760.794909	760.928647	729.893854	729.896693	
13.20393	760.894524	761.015914	729.99347	729.98396	
13.21416	760.993933	761.10318	730.092879	730.079953	
13.22436	761.092372	761.190447	730.191318	730.175946	
13.23445	761.189172	761.277713	730.288118	730.263212	
13.2446	761.285941	761.36498	730.384886	730.350479	
13.25484	761.382947	761.443519	730.481892	730.446472	
13.26498	761.478385	761.522059	730.57733	730.542465	
13.27516	761.573606	761.591872	730.672552	730.629731	
13.28534	761.668153	761.679139	730.767099	730.725725	
13.29548	761.761771	761.748952	730.860716	730.821718	
13.30561	761.854592	761.827492	730.953538	730.917711	
13.31576	761.947126	761.906032	731.046072	731.013704	
13.32595	762.03933	761.984571	731.138276	731.109697	
13.3361	762.130451	762.063111	731.229397	731.20569	
13.34624	762.220994	762.150378	731.319939	731.301683	
13.35638	762.310948	762.220191	731.409894	731.397676	
13.36746	762.408446	762.316184	731.507391	731.502396	
13.37761	762.497573	762.394724	731.596518	731.589663	
13.38977	762.602438	762.490717	731.701383	731.676929	
13.39785	762.672082	762.577983	731.771027	731.764195	
13.4081	762.760468	762.673977	731.859414	731.851462	
13.41816	762.845267	762.761243	731.944213	731.938728	
13.42838	762.931492	762.857236	732.030438	732.025995	
13.43849	763.016191	762.953229	732.115136	732.104535	
13.4486	763.100255	763.057949	732.1992	732.191801	
13.45911	763.18703	763.145215	732.285976	732.270341	
13.47016	763.277451	763.258662	732.376396	732.357607	
13.48034	763.360183	763.354655	732.459129	732.444874	
13.49042	763.441484	763.450648	732.54043	732.514687	
13.50052	763.522354	763.546641	732.6213	732.601954	
13.51106	763.606046	763.633908	732.704992	732.680493	
13.52136	763.687216	763.721174	732.786161	732.759033	
13.53109	763.76333	763.808441	732.862275	732.8463	
13.5411	763.841068	763.895707	732.940013	732.933566	
13.55128	763.919472	763.982973	733.018418	733.012106	
13.56142	763.997011	764.061513	733.095956	733.099372	
13.57281	764.083294	764.140053	733.18224	733.186639	
13.58307	764.160347	764.218593	733.259293	733.273905	
13.59312	764.235205	764.288406	733.334151	733.352445	
13.60324	764.310077	764.358219	733.409022	733.422258	
13.61366	764.386488	764.428032	733.485434	733.500798	
13.62359	764.458684	764.489119	733.55763	733.570611	
13.63375	764.531946	764.558932	733.630892	733.649151	
13.64391	764.604608	764.620019	733.703554	733.718964	
13.65405	764.676551	764.681105	733.775497	733.780051	
13.66423	764.748069	764.742192	733.847014	733.849864	
13.67548	764.826404	764.803278	733.92535	733.919677	
13.68568	764.89683	764.864365	733.995776	733.980764	
13.69578	764.965914	764.925451	734.06486	734.050577	
13.70592	765.034747	764.995264	734.133693	734.111663	
13.71603	765.102709	765.047624	734.201655	734.17275	
13.72623	765.170669	765.117437	734.269614	734.233836	
13.7443	765.288637	765.230884	734.387583	734.347283	
13.74887	765.318577	765.257064	734.417522	734.382189	
13.75906	765.384444	765.326877	734.483389	734.443276	
13.76945	765.451065	765.39669	734.55001	734.504362	
13.77931	765.51364	765.466503	734.612586	734.574176	
13.78954	765.577951	765.536317	734.676896	734.643989	
13.79964	765.640787	765.60613	734.739733	734.713802	
13.80977	765.70322	765.675943	734.802166	734.783615	
13.81994	765.765411	765.745756	734.864357	734.853428	
13.83017	765.827189	765.815569	734.926135	734.914515	
13.84033	765.88803	765.885382	734.986976	734.984328	
13.85042	765.947808	765.955196	735.046754	735.045414	
13.86056	766.007255	766.025009	735.1062	735.115228	
13.87107	766.068257	766.094822	735.167202	735.176314	
13.88371	766.140532	766.182088	735.239478	735.254854	
13.89399	766.198776	766.251902	735.297722	735.307214	
13.90405	766.25517	766.312988	735.354116	735.3683	
13.91418	766.311391	766.374075	735.410337	735.429387	
13.92439	766.36742	766.435161	735.466365	735.481747	
13.93455	766.422543	766.496248	735.521488	735.534107	
13.94469	766.476971	766.548607	735.575916	735.586467	
13.95485	766.530853	766.600967	735.629798	735.6301	
13.96499	766.584074	766.653327	735.683019	735.68246	
13.97519	766.636961	766.705687	735.735907	735.726093	
13.98537	766.689138	766.74932	735.788084	735.769726	
13.99554	766.740668	766.792954	735.839614	735.813359	
14.0057	766.791533	766.836587	735.890479	735.865719	
14.01584	766.841701	766.88022	735.940646	735.909352	
14.02595	766.891054	766.915127	735.99	735.961712	
14.03617	766.940398	766.95876	736.039344	736.005346	
14.04633	766.988817	767.002393	736.087762	736.066432	
14.05654	767.036861	767.0373	736.135807	736.110065	
14.0668	767.084551	767.080933	736.183497	736.162425	
14.07674	767.130109	767.124566	736.229054	736.214785	
14.08706	767.17682	767.159473	736.275766	736.267145	
14.09711	767.221723	767.203106	736.320668	736.310778	
14.11595	767.303299	767.281646	736.402245	736.406771	
14.12058	767.323399	767.299099	736.422344	736.424225	
14.13104	767.368031	767.342732	736.466977	736.467858	
14.14087	767.409455	767.386366	736.5084	736.511491	
14.15105	767.451683	767.421272	736.550628	736.555124	
14.16115	767.492978	767.473632	736.591924	736.598758	
14.17127	767.533778	767.517265	736.632724	736.633664	
14.18142	767.574097	767.560898	736.673043	736.668571	
14.19169	767.614235	767.604532	736.713181	736.703477	
14.20188	767.653474	767.648165	736.752419	736.74711	
14.21202	767.691934	767.691798	736.790879	736.782017	
14.22213	767.729649	767.735431	736.828594	736.816924	
14.23233	767.767142	767.779065	736.866088	736.85183	
14.24251	767.803903	767.822698	736.902849	736.886737	
14.25262	767.839847	767.866331	736.938792	736.921643	
14.26282	767.875493	767.909964	736.974438	736.965277	
14.27292	767.910176	767.944871	737.009121	737.000183	
14.28308	767.944468	767.979777	737.043413	737.03509	
14.29327	767.978287	768.014684	737.077233	737.069996	
14.3035	768.011611	768.049591	737.110556	737.104903	
14.31365	768.044076	768.084497	737.143022	737.131083	
14.32374	768.075746	768.119404	737.174691	737.16599	
14.33397	768.107248	768.145584	737.206194	737.200896	
14.34411	768.137872	768.171764	737.236818	737.227076	
14.35425	768.167888	768.20667	737.266833	737.261983	
14.36445	768.197504	768.23285	737.29645	737.296889	
14.37453	768.226183	768.25903	737.325129	737.323069	
14.38473	768.254588	768.276483	737.353534	737.349249	
14.39607	768.285397	768.31139	737.384342	737.375429	
14.40622	768.312396	768.328843	737.411342	737.401609	
14.41634	768.338713	768.346297	737.437659	737.427789	
14.42644	768.364415	768.36375	737.46336	737.445242	
14.43662	768.38972	768.38993	737.488665	737.471422	
14.44676	768.414318	768.398656	737.513263	737.488875	
14.45708	768.438742	768.41611	737.537687	737.506329	
14.46708	768.461841	768.433563	737.560786	737.532509	
14.47723	768.484689	768.451016	737.583634	737.549962	
14.48734	768.506875	768.459743	737.60582	737.576142	
14.49888	768.531388	768.477196	737.630334	737.593595	
14.50898	768.552301	768.485923	737.651246	737.619775	
14.51915	768.572767	768.503376	737.671713	737.645955	
14.52919	768.592385	768.512103	737.691331	737.663408	
14.53953	768.611997	768.529556	737.710943	737.680862	
14.54963	768.630561	768.538283	737.729506	737.707042	
14.5597	768.648498	768.555736	737.747444	737.724495	
14.5698	768.665927	768.573189	737.764872	737.750675	
14.57993	768.682819	768.590643	737.781765	737.768128	
14.59028	768.699475	768.608096	737.798421	737.785581	
14.60149	768.716777	768.625549	737.815722	737.803035	
14.61959	768.742525	768.677909	737.84147	737.820488	
14.62417	768.749099	768.677909	737.848045	737.829215	
14.63428	768.762882	768.712816	737.861828	737.846668	
14.6445	768.776251	768.738996	737.875196	737.855395	
14.6546	768.7889	768.765176	737.887846	737.872848	
14.66478	768.801076	768.782629	737.900021	737.881575	
14.67493	768.812655	768.817536	737.911601	737.890301	
14.68505	768.823643	768.834989	737.922589	737.899028	
14.69526	768.834174	768.852442	737.93312	737.916481	
14.70544	768.844113	768.878622	737.943059	737.925208	
14.71561	768.853488	768.896075	737.952434	737.933934	
14.72579	768.862321	768.913529	737.961266	737.942661	
14.73592	768.870576	768.922255	737.969521	737.951388	
14.74604	768.87829	768.939709	737.977236	737.960114	
14.75621	768.885509	768.939709	737.984454	737.960114	
14.76638	768.892193	768.948435	737.991138	737.968841	
14.77662	768.898394	768.948435	737.99734	737.977568	
14.78668	768.90399	768.948435	738.002935	737.986294	
14.79679	768.909113	768.939709	738.008058	737.986294	
14.80712	768.913825	768.939709	738.01277	737.995021	
14.81722	768.917961	768.930982	738.016906	737.995021	
14.82734	768.921637	768.922255	738.020582	737.995021	
14.83749	768.924863	768.922255	738.023809	737.995021	
14.84759	768.927641	768.922255	738.026587	737.995021	
14.8578	768.930023	768.922255	738.028968	737.995021	
14.86813	768.93202	768.922255	738.030966	737.995021	
14.87814	768.933607	768.922255	738.032553	737.995021	
14.88828	768.938235	768.922255	738.037181	737.995021	
14.89838	768.938235	768.922255	738.037181	737.995021	
14.90943	768.938235	768.930982	738.037181	737.995021	
14.9196	768.938235	768.930982	738.037181	737.995021	
14.92973	768.938235	768.930982	738.037181	737.995021	
14.93986	768.938235	768.930982	738.037181	737.995021	
14.95004	768.938235	768.922255	738.037181	737.995021	
14.96039	768.938235	768.922255	738.037181	737.995021	
14.97035	768.938235	768.922255	738.037181	737.995021	
14.98057	768.938235	768.922255	738.037181	737.995021	
14.9906	768.938235	768.922255	738.037181	737.995021	
15.00101	768.938235	768.922255	738.037181	737.995021	
15.01217	768.938235	768.922255	738.037181	737.995021	
15.02272	768.938235	768.922255	738.037181	737.995021	
15.03284	768.938235	768.922255	738.037181	737.995021	
15.04296	768.938235	768.922255	738.037181	737.995021	
15.05316	768.938235	768.922255	738.037181	737.995021	
15.06337	768.938235	768.922255	738.037181	737.995021	
15.07349	768.938235	768.922255	738.037181	737.995021	
15.08365	768.938235	768.922255	738.037181	737.995021	
15.09381	768.938235	768.922255	738.037181	737.995021	
15.10398	768.938235	768.922255	738.037181	737.995021	
15.11489	768.938235	768.922255	738.037181	737.995021	
15.12507	768.938235	768.922255	738.037181	737.995021	
15.13529	768.938235	768.922255	738.037181	737.995021	
15.14538	768.938235	768.922255	738.037181	737.995021	
15.15547	768.938235	768.922255	738.037181	737.995021	
15.16571	768.938235	768.922255	738.037181	737.995021	
15.17584	768.938235	768.922255	738.037181	737.995021	
15.186	768.938235	768.922255	738.037181	737.995021	
15.19615	768.938235	768.922255	738.037181	737.995021	
15.20627	768.938235	768.922255	738.037181	737.995021	
15.21762	768.938235	768.922255	738.037181	737.995021	
15.22779	768.938235	768.922255	738.037181	737.995021	
15.23796	768.938235	768.922255	738.037181	737.995021	
15.24806	768.938235	768.922255	738.037181	737.995021	
15.25819	768.938235	768.922255	738.037181	737.995021	
15.26836	768.938235	768.922255	738.037181	737.995021	
15.2785	768.938235	768.922255	738.037181	737.995021	
15.28881	768.938235	768.922255	738.037181	737.995021	
15.29886	768.938235	768.922255	738.037181	737.995021	
15.30929	768.938235	768.922255	738.037181	737.995021	
15.32032	768.938235	768.922255	738.037181	737.995021	
15.3307	768.938235	768.922255	738.037181	737.995021	
15.34057	768.938235	768.922255	738.037181	737.995021	
15.35065	768.938235	768.922255	738.037181	737.995021	
15.36105	768.938235	768.922255	738.037181	737.995021	
15.37097	768.938235	768.922255	738.037181	737.995021	
15.38111	768.938235	768.922255	738.037181	737.995021	
15.3932	768.938235	768.922255	738.037181	737.995021	
15.40142	768.938235	768.922255	738.037181	737.995021	
15.41182	768.938235	768.922255	738.037181	737.995021	
15.42305	768.938235	768.922255	738.037181	737.995021	
15.43334	768.938235	768.922255	738.037181	737.995021	
15.4433	768.938235	768.922255	738.037181	737.995021	
15.45343	768.938235	768.922255	738.037181	737.995021	
15.46364	768.938235	768.922255	738.037181	737.995021	
15.47377	768.938235	768.922255	738.037181	737.995021	
15.48392	768.938235	768.922255	738.037181	737.995021	
15.49412	768.938235	768.922255	738.037181	737.995021	
15.50422	768.938235	768.922255	738.037181	737.995021	
15.5144	768.938235	768.922255	738.037181	737.995021	
15.52573	768.938235	768.922255	738.037181	737.995021	
15.53614	768.938235	768.922255	738.037181	737.995021	
15.54596	768.938235	768.922255	738.037181	737.995021	
15.5561	768.938235	768.922255	738.037181	737.995021	
15.56623	768.938235	768.922255	738.037181	737.995021	
15.57642	768.938235	768.922255	738.037181	737.995021	
15.58657	768.938235	768.922255	738.037181	737.995021	
15.59677	768.938235	768.922255	738.037181	737.995021	
15.60686	768.938235	768.922255	738.037181	737.995021	
15.61697	768.938235	768.922255	738.037181	737.995021	
15.62834	768.938235	768.922255	738.037181	737.995021	
15.6385	768.938235	768.922255	738.037181	737.995021	
15.65644	768.938235	768.922255	738.037181	737.995021	
15.66095	768.938235	768.922255	738.037181	737.995021	
15.67121	768.938235	768.922255	738.037181	737.995021	
15.68127	768.938235	768.922255	738.037181	737.995021	
15.6914	768.938235	768.922255	738.037181	737.995021	
15.70157	768.938235	768.922255	738.037181	737.995021	
15.71172	768.938235	768.922255	738.037181	737.995021	
15.7222	768.938235	768.922255	738.037181	737.995021	
15.73236	768.938235	768.922255	738.037181	737.995021	
15.74254	768.938235	768.922255	738.037181	737.995021	
15.75278	768.938235	768.922255	738.037181	737.995021	
15.76285	768.938235	768.922255	738.037181	737.995021	
15.77304	768.938235	768.922255	738.037181	737.995021	
15.78328	768.938235	768.922255	738.037181	737.995021	
15.79335	768.938235	768.922255	738.037181	737.995021	
15.80352	768.938235	768.922255	738.037181	737.995021	
15.81364	768.938235	768.922255	738.037181	737.995021	
15.82383	768.938235	768.922255	738.037181	737.995021	
15.83402	768.938235	768.922255	738.037181	737.995021	
15.84418	768.938235	768.922255	738.037181	737.995021	
15.85434	768.938235	768.922255	738.037181	737.995021	
15.86449	768.938235	768.922255	738.037181	737.995021	
15.8746	768.938235	768.922255	738.037181	737.995021	
15.8848	768.938235	768.922255	738.037181	737.995021	
15.89495	768.938235	768.922255	738.037181	737.995021	
15.90506	768.938235	768.922255	738.037181	737.995021	
15.91527	768.938235	768.922255	738.037181	737.995021	
15.92538	768.938235	768.922255	738.037181	737.995021	
15.93663	768.938235	768.922255	738.037181	737.995021	
15.94675	768.938235	768.922255	738.037181	737.995021	
15.95687	768.938235	768.922255	738.037181	737.995021	
15.96704	768.938235	768.922255	738.037181	737.995021	
15.97714	768.938235	768.922255	738.037181	737.995021	
15.98733	768.938235	768.922255	738.037181	737.995021	
15.99747	768.938235	768.922255	738.037181	737.995021	
16.00769	768.938235	768.922255	738.037181	737.995021	
16.01781	768.938235	768.922255	738.037181	737.995021	
16.02814	768.938235	768.922255	738.037181	737.995021	
16.0393	768.938235	768.922255	738.037181	737.995021	
16.04938	768.938235	768.922255	738.037181	737.995021	
16.05952	768.938235	768.922255	738.037181	737.995021	
16.06967	768.938235	768.922255	738.037181	737.995021	
16.0798	768.938235	768.922255	738.037181	737.995021	
16.08992	768.938235	768.922255	738.037181	737.995021	
16.10129	768.938235	768.922255	738.037181	737.995021	
16.11054	768.938235	768.922255	738.037181	737.995021	
16.12067	768.938235	768.922255	738.037181	737.995021	
16.13103	768.938235	768.922255	738.037181	737.995021	
16.14196	768.938235	768.922255	738.037181	737.995021	
16.15235	768.938235	768.922255	738.037181	737.995021	
16.16253	768.938235	768.922255	738.037181	737.995021	
16.17268	768.938235	768.922255	738.037181	737.995021	
16.18283	768.938235	768.922255	738.037181	737.995021	
16.19298	768.938235	768.922255	738.037181	737.995021	
16.20315	768.938235	768.922255	738.037181	737.995021	
16.21331	768.938235	768.922255	738.037181	737.995021	
16.22352	768.938235	768.922255	738.037181	737.995021	
16.23363	768.938235	768.922255	738.037181	737.995021	
16.24468	768.938235	768.922255	738.037181	737.995021	
16.25479	768.938235	768.922255	738.037181	737.995021	
16.26497	768.938235	768.922255	738.037181	737.995021	
16.2751	768.938235	768.922255	738.037181	737.995021	
16.28522	768.938235	768.922255	738.037181	737.995021	
16.29546	768.938235	768.922255	738.037181	737.995021	
16.30556	768.938235	768.922255	738.037181	737.995021	
16.31572	768.938235	768.922255	738.037181	737.995021	
16.32593	768.938235	768.922255	738.037181	737.995021	
16.33604	768.938235	768.922255	738.037181	737.995021	
16.34733	768.938235	768.922255	738.037181	737.995021	
16.35749	768.938235	768.922255	738.037181	737.995021	
16.36769	768.938235	768.922255	738.037181	737.995021	
16.3778	768.938235	768.922255	738.037181	737.995021	
16.38816	768.938235	768.922255	738.037181	737.995021	
16.39872	768.938235	768.922255	738.037181	737.995021	
16.40892	768.938235	768.922255	738.037181	737.995021	
16.41896	768.938235	768.922255	738.037181	737.995021	
16.42911	768.938235	768.922255	738.037181	737.995021	
16.4395	768.938235	768.922255	738.037181	737.995021	
16.45004	768.938235	768.922255	738.037181	737.995021	
16.46047	768.938235	768.922255	738.037181	737.995021	
16.47038	768.938235	768.922255	738.037181	737.995021	
16.48053	768.938235	768.922255	738.037181	737.995021	
16.49095	768.938235	768.922255	738.037181	737.995021	
16.50078	768.938235	768.922255	738.037181	737.995021	
16.51094	768.938235	768.922255	738.037181	737.995021	
16.52106	768.938235	768.922255	738.037181	737.995021	
16.53122	768.938235	768.922255	738.037181	737.995021	
16.54142	768.938235	768.922255	738.037181	737.995021	
16.55288	768.938235	768.922255	738.037181	737.995021	
16.56298	768.938235	768.922255	738.037181	737.995021	
16.57311	768.938235	768.922255	738.037181	737.995021	
16.58332	768.938235	768.922255	738.037181	737.995021	
16.59343	768.938235	768.922255	738.037181	737.995021	
16.6036	768.938235	768.922255	738.037181	737.995021	
16.61377	768.938235	768.922255	738.037181	737.995021	
16.62394	768.938235	768.922255	738.037181	737.995021	
16.63403	768.938235	768.922255	738.037181	737.995021	
16.64425	768.938235	768.922255	738.037181	737.995021	
16.65547	768.938235	768.922255	738.037181	737.995021	
16.66562	768.938235	768.922255	738.037181	737.995021	
16.67576	768.938235	768.922255	738.037181	737.995021	
16.68599	768.938235	768.922255	738.037181	737.995021	
16.69605	768.938235	768.922255	738.037181	737.995021	
16.70627	768.938235	768.922255	738.037181	737.995021	
16.71647	768.938235	768.922255	738.037181	737.995021	
16.72663	768.938235	768.922255	738.037181	737.995021	
16.73687	768.938235	768.922255	738.037181	737.995021	
16.74711	768.938235	768.922255	738.037181	737.995021	
16.75816	768.938235	768.922255	738.037181	737.995021	
16.76829	768.938235	768.922255	738.037181	737.995021	
16.77843	768.938235	768.922255	738.037181	737.995021	
16.78855	768.938235	768.922255	738.037181	737.995021	
16.7987	768.938235	768.922255	738.037181	737.995021	
16.82223	768.938235	768.922255	738.037181	737.995021	
