19.91706	
19.92343	
19.93426	
19.94376	
19.95384	
19.964	
19.97417	
19.98435	
19.99456	
20.00462	
20.01482	
20.02505	
20.03512	
20.04537	
20.05541	
20.06564	
20.07571	
20.08588	
20.09602	
20.10617	
20.1163	
20.12648	
20.13657	
20.14675	
20.15693	
20.16704	
20.17726	
20.18732	
20.19747	
20.20766	
20.21776	
20.22797	
20.23815	
20.24835	
20.26634	
20.27066	
20.28091	
20.29099	
20.30115	
20.3113	
20.32143	
20.33178	
20.34178	
20.35195	
20.36208	
20.37222	
20.38236	
20.39254	
20.4027	
20.41285	
20.42299	
20.4332	
20.44329	
20.45344	
20.46361	
20.47375	
20.48391	
20.49404	
20.50419	
20.51434	
20.52449	
20.53464	
20.54481	
20.55495	
20.56509	
20.5752	
20.59542	
20.60774	
20.6121	
20.62226	
20.63239	
20.64265	
20.65273	
20.66289	
20.67312	
20.6832	
20.69335	
20.70349	
20.71364	
20.72378	
20.7339	
20.74407	
20.75423	
20.76436	
20.77454	
20.78467	
20.79481	
20.80498	
20.8151	
20.82529	
20.83548	
20.84558	
20.85582	
20.86588	
20.87602	
20.88612	
20.89632	
20.90652	
20.91661	
20.92672	
20.93767	
20.94703	
20.95719	
20.96728	
20.97749	
20.98762	
20.99774	
21.00793	
21.01806	
21.02825	
21.03838	
21.04865	
21.05875	
21.06888	
21.07903	
21.08925	
21.09931	
21.10947	
21.11964	
21.12981	
21.13996	
21.15011	
21.16027	
21.17046	
21.18058	
21.19074	
21.2009	
21.21104	
21.22123	
21.23138	
21.24157	
21.25167	
21.26182	
21.27201	
21.28213	
21.29228	
21.30242	
21.31259	
21.32274	
21.33307	
21.34305	
21.35329	
21.36334	
21.37349	
21.38361	
21.39381	
21.40393	
21.41407	
21.42427	
21.43441	
21.44455	
21.45471	
21.46485	
21.475	
21.48514	
21.4953	
21.50552	
21.51569	
21.52583	
21.536	
21.54619	
21.55631	
21.56647	
21.57664	
21.5868	
21.59697	
21.60707	
21.61729	
21.62731	
21.6375	
21.64765	
21.6578	
21.66794	
21.67808	
21.68829	
21.69844	
21.70854	
21.71872	
21.72881	
21.73899	
21.74909	
21.75924	
21.76944	
21.77953	
21.78968	
21.80773	
21.8121	
21.82221	
21.83241	
21.84282	
21.85271	
21.86286	
21.87302	
21.88312	
21.89331	
21.90346	
21.91365	
21.92373	
21.93392	
21.94411	
21.9542	
21.96433	
21.97446	
21.98465	
21.99485	
22.00496	
22.01512	
22.02534	
22.03542	
22.04559	
22.05589	
22.06595	
22.07608	
22.08624	
22.09639	
22.10654	
22.11667	
22.12803	
22.137	
22.14708	
22.1574	
22.16752	
22.17768	
22.18782	
22.19797	
22.20814	
22.21831	
22.22844	
22.23854	
22.2487	
22.25909	
22.26898	
22.27912	
22.28934	
22.29942	
22.30955	
22.31971	
22.33838	
22.3428	
22.35292	
22.36333	
22.37321	
22.38333	
22.39356	
22.40361	
22.41384	
22.424	
22.43413	
22.44428	
22.45438	
22.46458	
22.4748	
22.48484	
22.49498	
22.50515	
22.51526	
22.52543	
22.53559	
22.5458	
22.55593	
22.56625	
22.57653	
22.58672	
22.5968	
22.60699	
22.61715	
22.62724	
22.63736	
22.64751	
22.65771	
22.66781	
22.6782	
22.6881	
22.6983	
22.70844	
22.71853	
22.72869	
22.73893	
22.74919	
22.75917	
22.76938	
22.77946	
22.78962	
22.8077	
22.81207	
22.82221	
22.83237	
22.84255	
22.85268	
22.86286	
22.873	
22.88311	
22.8933	
22.90343	
22.91368	
22.92371	
22.93389	
22.94411	
22.95416	
22.96429	
22.97443	
22.98461	
22.99483	
23.0049	
23.01507	
23.02527	
23.03538	
23.04551	
23.05566	
23.06613	
23.07615	
23.08628	
23.09647	
23.10659	
23.11673	
23.12688	
23.13702	
23.14715	
23.1573	
23.16741	
23.1776	
23.18769	
23.19783	
23.20805	
23.21815	
23.22835	
23.23844	
23.24857	
23.25874	
23.26884	
23.27898	
23.28916	
23.29926	
23.30943	
23.31956	
23.32978	
23.33993	
23.35007	
23.36026	
23.37038	
23.3805	
23.39067	
23.40084	
23.41105	
23.42118	
23.43135	
23.44155	
23.45162	
23.46181	
23.47199	
23.48212	
23.49226	
23.50238	
23.51259	
23.52275	
23.53287	
23.54302	
23.55319	
23.56331	
23.57347	
23.58361	
23.59381	
23.60391	
23.61405	
23.62425	
23.63436	
23.64453	
23.65468	
23.66481	
23.67504	
23.68514	
23.69529	
23.70551	
23.71558	
23.72596	
23.73597	
23.74606	
23.75621	
23.76634	
23.77648	
23.78664	
23.79675	
23.80699	
23.81707	
23.82735	
23.83753	
23.84749	
23.85768	
23.86778	
23.8779	
23.8881	
23.89827	
23.9084	
23.91847	
23.92889	
23.93948	
23.94892	
23.95904	
23.96918	
23.97936	
23.98948	
23.99961	
24.01811	
24.02249	
24.03265	
24.04285	
24.05298	
24.06311	
24.07327	
24.08342	
24.09356	
24.10371	
24.1139	
24.12401	
24.14347	
24.14787	
24.15802	
24.16818	
24.18626	
24.19066	
24.20082	
24.21107	
24.22117	
24.2313	
24.25074	
24.25513	
24.26534	
24.27541	
24.28554	
24.29574	
24.30592	
24.3161	
24.32619	
24.33646	
24.34671	
24.35661	
24.36677	
24.37697	
24.3871	
24.39725	
24.40736	
24.41759	
24.42765	
24.4378	
24.44793	
24.45811	
24.46831	
24.47843	
24.48856	
24.49869	
24.50881	
24.51898	
24.52911	
24.53926	
24.5494	
24.56773	
24.57215	
24.5823	
24.59244	
24.61279	
24.61719	
24.6273	
24.63741	
24.64765	
24.65777	
24.66789	
24.67802	
24.68821	
24.70619	
24.71056	
24.72071	
24.73085	
24.74101	
24.75118	
24.7613	
24.77147	
24.78162	
24.79178	
24.80196	
24.81208	
24.82223	
24.83243	
24.84256	
24.85269	
24.86285	
24.87308	
24.8832	
24.89339	
24.90354	
24.91374	
24.92381	
24.93399	
24.94481	
24.95498	
24.96505	
24.9752	
24.98536	
24.99741	116.083157	116.081849	102.312509	102.311201	
25.00727	116.084743	116.081849	102.314095	102.311201	
25.01746	116.087017	116.081849	102.316369	102.311201	
25.02752	116.089865	116.081849	102.319217	102.311201	
25.03771	116.093378	116.081849	102.32273	102.311201	
25.04794	116.097534	116.081849	102.326886	102.311201	
25.05802	116.102232	116.081849	102.331585	102.311201	
25.06813	116.107557	116.081849	102.336909	102.311201	
25.08628	116.119541	116.081849	102.348894	102.311201	
25.09087	116.122501	116.081849	102.351854	102.311201	
25.10129	116.130087	116.081849	102.359439	102.311201	
25.11121	116.137868	116.081849	102.36722	102.311201	
25.12139	116.146482	116.081849	102.375834	102.311201	
25.13148	116.155633	116.081849	102.384985	102.311201	
25.14171	116.165544	116.081849	102.394896	102.311201	
25.15183	116.175967	116.081849	102.405319	102.311201	
25.16202	116.187068	116.081849	102.41642	102.311201	
25.17214	116.198717	116.081849	102.428069	102.311201	
25.18239	116.211163	116.081849	102.440515	102.311201	
25.19249	116.224017	116.081849	102.45337	102.311201	
25.20296	116.238027	116.081849	102.46738	102.311201	
25.2128	116.251726	116.081849	102.481078	102.311201	
25.22294	116.266542	116.081849	102.495894	102.311201	
25.23312	116.281943	116.081849	102.511295	102.311201	
25.24324	116.2979	116.081849	102.527253	102.311201	
25.25344	116.314633	116.081849	102.543985	102.311201	
25.26359	116.331874	116.081849	102.561226	102.319927	
25.27379	116.349837	116.081849	102.57919	102.319927	
25.2839	116.36825	116.081849	102.597602	102.328654	
25.29403	116.387326	116.081849	102.616678	102.337381	
25.30535	116.409456	116.081849	102.638809	102.346107	
25.31527	116.429371	116.081849	102.658724	102.346107	
25.32542	116.450383	116.081849	102.679736	102.363561	
25.33557	116.472024	116.081849	102.701377	102.372287	
25.34597	116.495412	116.081849	102.724764	102.389741	
25.35592	116.517281	116.081849	102.746633	102.407194	
25.36606	116.540732	116.081849	102.770084	102.415921	
25.37627	116.565009	116.081849	102.794361	102.4421	
25.38629	116.589419	116.090575	102.818771	102.459554	
25.39647	116.614848	116.090575	102.844201	102.477007	
25.40818	116.644954	116.090575	102.874306	102.503187	
25.41793	116.670539	116.090575	102.899891	102.529367	
25.42803	116.697668	116.090575	102.92702	102.555547	
25.43816	116.725508	116.099302	102.95486	102.581727	
25.45664	116.778779	116.099302	103.008131	102.607907	
25.46118	116.791782	116.099302	103.021134	102.642813	
25.47134	116.821746	116.108028	103.051099	102.67772	
25.48155	116.852456	116.116755	103.081808	102.712626	
25.49162	116.883351	116.116755	103.112704	102.747533	
25.50182	116.915274	116.134208	103.144626	102.78244	
25.5123	116.948754	116.134208	103.178106	102.817346	
25.52216	116.980773	116.151662	103.210125	102.852253	
25.53231	117.014391	116.151662	103.243744	102.887159	
25.54243	117.048517	116.169115	103.277869	102.930793	
25.55263	117.08357	116.177842	103.312923	102.974426	
25.56278	117.119037	116.195295	103.34839	103.009332	
25.57292	117.155093	116.204022	103.384445	103.052966	
25.5831	117.192022	116.221475	103.421374	103.096599	
25.59327	117.229285	116.238928	103.458637	103.140232	
25.60344	117.267318	116.256381	103.49667	103.183865	
25.61362	117.306061	116.273835	103.535413	103.218772	
25.62378	117.345238	116.291288	103.57459	103.271132	
25.63398	117.385281	116.308741	103.614633	103.314765	
25.64409	117.425514	116.334921	103.654866	103.358398	
25.6542	117.466405	116.361101	103.695757	103.402032	
25.66443	117.508404	116.378555	103.737757	103.445665	
25.67455	117.550555	116.404734	103.779907	103.489298	
25.68469	117.593393	116.430914	103.822746	103.532931	
25.69484	117.636905	116.457094	103.866257	103.585291	
25.705	117.681115	116.483274	103.910467	103.628924	
25.71637	117.731381	116.518181	103.960734	103.681284	
25.72595	117.774176	116.544361	104.003528	103.724917	
25.73611	117.820256	116.579267	104.049608	103.777277	
25.74626	117.866936	116.605447	104.096288	103.820911	
25.75634	117.913874	116.640354	104.143227	103.87327	
25.76654	117.961961	116.67526	104.191313	103.916904	
25.7767	118.010491	116.710167	104.239843	103.969264	
25.78682	118.059467	116.745074	104.28882	104.021623	
25.79697	118.109238	116.77998	104.33859	104.065257	
25.80742	118.161109	116.814887	104.390461	104.117617	
25.81872	118.217999	116.85852	104.447351	104.178703	
25.82865	118.268548	116.902153	104.4979	104.231063	
25.83875	118.320585	116.93706	104.549938	104.283423	
25.8489	118.373468	116.971966	104.602821	104.335783	
25.85917	118.427629	117.0156	104.656981	104.388143	
25.86922	118.481202	117.059233	104.710554	104.440502	
25.87932	118.535704	117.09414	104.765056	104.501589	
25.88957	118.591611	117.137773	104.820963	104.553949	
25.89961	118.646954	117.181406	104.876306	104.615035	
25.92056	118.76593	117.259946	104.995282	104.719755	
25.92511	118.791551	117.286126	105.020903	104.754662	
25.93528	118.849889	117.338486	105.079241	104.815748	
25.94614	118.912824	117.382119	105.142176	104.876835	
25.95629	118.972292	117.425752	105.201644	104.937921	
25.96637	119.031869	117.478112	105.261221	104.999008	
25.97656	119.092806	117.530472	105.322158	105.068821	
25.98671	119.154091	117.574105	105.383444	105.129907	
25.99683	119.215772	117.626465	105.445124	105.199721	
26.0074	119.281005	117.670098	105.510358	105.260807	
26.01988	119.358925	117.722458	105.588277	105.33062	
26.02763	119.407526	117.774818	105.636879	105.400434	
26.03774	119.471657	117.827178	105.701009	105.46152	
26.04787	119.536564	117.879538	105.765916	105.531333	
26.05806	119.602499	117.940624	105.831851	105.601146	
26.06818	119.668542	117.992984	105.897894	105.67096	
26.07847	119.736295	118.054071	105.965647	105.740773	
26.08865	119.804001	118.10643	106.033353	105.810586	
26.09874	119.87173	118.15879	106.101083	105.871672	
26.10884	119.940098	118.219877	106.169451	105.950212	
26.11919	120.0111	118.280963	106.240453	106.020025	
26.12921	120.079948	118.333323	106.309301	106.089839	
26.14855	120.216054	118.455496	106.445406	106.220738	
26.15311	120.248003	118.47295	106.477355	106.255645	
26.16329	120.320326	118.542763	106.549678	106.325458	
26.17347	120.393141	118.603849	106.622493	106.395271	
26.18363	120.466534	118.664936	106.695886	106.465084	
26.19385	120.540973	118.734749	106.770326	106.534898	
26.20393	120.61497	118.795836	106.844322	106.604711	
26.21403	120.689733	118.856922	106.919085	106.674524	
26.22675	120.785037	118.926735	107.01439	106.753064	
26.23442	120.842605	118.996548	107.071957	106.831604	
26.24453	120.9193	119.066362	107.148653	106.901417	
26.2547	120.997081	119.136175	107.226433	106.979957	
26.26482	121.075093	119.197261	107.304445	107.04977	
26.27502	121.154269	119.275801	107.383622	107.128309	
26.28514	121.233491	119.336888	107.462843	107.198123	
26.29531	121.313774	119.415427	107.543126	107.276662	
26.30543	121.394236	119.485241	107.623588	107.355202	
26.31559	121.47562	119.555054	107.704972	107.433742	
26.3281	121.576982	119.624867	107.806334	107.512282	
26.33602	121.641264	119.69468	107.870616	107.590822	
26.3462	121.724711	119.77322	107.954063	107.678088	
26.35628	121.807929	119.843033	108.037281	107.756628	
26.36644	121.892379	119.921573	108.121731	107.843894	
26.37653	121.976922	120.000113	108.206275	107.922434	
26.38668	122.062572	120.078653	108.291924	108.000974	
26.39685	122.149019	120.157192	108.378372	108.096967	
26.40701	122.235967	120.235732	108.465319	108.175507	
26.41715	122.323455	120.322999	108.552807	108.262774	
26.42761	122.414263	120.392812	108.643616	108.35004	
26.43755	122.501213	120.480078	108.730565	108.446033	
26.44763	122.589947	120.567345	108.819299	108.5333	
26.45785	122.680553	120.645885	108.909906	108.620566	
26.4679	122.77019	120.733151	108.999543	108.707832	
26.47805	122.861459	120.811691	109.090811	108.803826	
26.4883	122.95415	120.898957	109.183502	108.891092	
26.49842	123.046339	120.986224	109.275691	108.978358	
26.50852	123.138902	121.07349	109.368254	109.074352	
26.51864	123.232356	121.160757	109.461708	109.170345	
26.52914	123.329954	121.248023	109.559306	109.257611	
26.54725	123.500681	121.405103	109.730033	109.432144	
26.55182	123.543715	121.440009	109.773067	109.475777	
26.56202	123.638595	121.527276	109.867947	109.57177	
26.57209	123.731793	121.614542	109.961146	109.667764	
26.5933	123.924696	121.806528	110.154048	109.868476	
26.59788	123.966364	121.841435	110.195716	109.91211	
26.608	124.057894	121.928702	110.287246	110.008103	
26.61817	124.149251	122.015968	110.378603	110.104096	
26.63899	124.333078	122.103234	110.56243	110.200089	
26.64372	124.374896	122.242861	110.604248	110.348442	
26.65383	124.463509	122.330127	110.692861	110.444435	
26.66398	124.551974	122.417394	110.781326	110.549155	
26.67416	124.640014	122.50466	110.869367	110.645148	
26.6843	124.727135	122.591927	110.956487	110.741141	
26.69445	124.813806	122.670466	111.043158	110.828408	
26.7046	124.89984	122.757733	111.129192	110.933127	
26.71478	124.985488	122.836273	111.21484	111.020394	
26.72486	125.069736	122.923539	111.299089	111.116387	
26.73503	125.154096	123.010806	111.383448	111.21238	
26.74529	125.238577	123.098072	111.467929	111.299646	
26.75544	125.321601	123.176612	111.550953	111.39564	
26.76558	125.40391	123.255152	111.633262	111.491633	
26.77573	125.486104	123.342418	111.715456	111.578899	
26.78616	125.569722	123.429685	111.799075	111.666166	
26.79605	125.647615	123.499498	111.876968	111.762159	
26.80619	125.727549	123.586764	111.956902	111.840698	
26.81635	125.807014	123.665304	112.036366	111.936692	
26.82647	125.885568	123.743844	112.11492	112.015231	
26.83658	125.963509	123.813657	112.192861	112.102498	
26.84685	126.041955	123.900924	112.271307	112.189764	
26.85699	126.118894	123.970737	112.348246	112.268304	
26.86714	126.195224	124.049277	112.424576	112.355571	
26.87724	126.2706	124.127816	112.499952	112.43411	
26.88768	126.347992	124.19763	112.577344	112.503924	
26.89753	126.420283	124.276169	112.649635	112.582463	
26.90766	126.494112	124.354709	112.723465	112.661003	
26.91779	126.567357	124.424522	112.796709	112.739543	
26.92791	126.639968	124.494336	112.86932	112.809356	
26.93811	126.71245	124.572875	112.941802	112.887896	
26.94939	126.791967	124.651415	113.021319	112.957709	
26.95933	126.861358	124.721228	113.09071	113.027522	
26.96944	126.93135	124.791042	113.160702	113.097336	
26.97957	127.00093	124.860855	113.230282	113.167149	
26.9981	127.125805	124.991754	113.355157	113.298048	
27.00268	127.15666	125.026661	113.386012	113.332955	
27.01284	127.224482	125.087747	113.453834	113.394042	
27.02297	127.291532	125.157561	113.520885	113.463855	
27.0331	127.357952	125.227374	113.587305	113.524941	
27.04334	127.424454	125.297187	113.653806	113.594754	
27.06172	127.5415	125.41936	113.770852	113.708201	
27.06654	127.572259	125.454267	113.801611	113.743107	
27.07665	127.635904	125.515353	113.865256	113.804194	
27.08679	127.699245	125.585166	113.928597	113.86528	
27.09735	127.764559	125.646253	113.993911	113.926367	
27.10709	127.824232	125.716066	114.053585	113.987453	
27.11722	127.885687	125.777153	114.11504	114.04854	
27.12737	127.946658	125.838239	114.176011	114.109626	
27.13769	128.00976	125.908052	114.239112	114.170713	
27.14768	128.066912	125.969139	114.296265	114.2318	
27.15787	128.126316	126.030225	114.355669	114.284159	
27.16819	128.185862	126.091312	114.415214	114.345246	
27.17819	128.242995	126.152398	114.472347	114.406332	
27.19628	128.344028	126.222212	114.57338	114.458692	
27.20088	128.369753	126.292025	114.599105	114.528506	
27.21102	128.425777	126.353111	114.655129	114.589592	
27.22121	128.48144	126.414198	114.710792	114.641952	
27.23139	128.536442	126.466558	114.765794	114.703038	
27.24149	128.590434	126.536371	114.819786	114.755398	
27.25419	128.65736	126.588731	114.886712	114.807758	
27.26188	128.697541	126.649817	114.926893	114.868845	
27.27203	128.750032	126.710904	114.979384	114.921205	
27.28223	128.802127	126.77199	115.031479	114.973564	
27.29229	128.852905	126.833077	115.082257	115.025924	
27.30248	128.903804	126.885437	115.133156	115.078284	
27.31264	128.953913	126.937796	115.183265	115.130644	
27.32278	129.003339	126.998883	115.232691	115.183004	
27.33292	129.052198	127.05997	115.28155	115.226637	
27.34328	129.101493	127.112329	115.330846	115.278997	
27.3556	129.159134	127.164689	115.388486	115.331357	
27.36349	129.195767	127.217049	115.425119	115.383717	
27.3736	129.242073	127.269409	115.471425	115.42735	
27.38373	129.287899	127.321769	115.517251	115.470983	
27.39393	129.333425	127.374129	115.562778	115.523343	
27.40405	129.377998	127.426489	115.60735	115.566976	
27.41415	129.421907	127.478849	115.651259	115.61061	
27.42442	129.465958	127.531208	115.69531	115.654243	
27.43474	129.509583	127.574842	115.738935	115.697876	
27.44462	129.550777	127.618475	115.78013	115.741509	
27.45479	129.592606	127.662108	115.821958	115.785143	
27.46522	129.634905	127.705741	115.864258	115.828776	
27.47538	129.675445	127.749375	115.904797	115.872409	
27.4855	129.715262	127.793008	115.944614	115.907316	
27.49563	129.754535	127.827914	115.983887	115.950949	
27.50599	129.794959	127.871548	116.024312	115.985855	
27.51594	129.831531	127.906454	116.060883	116.029489	
27.52608	129.869083	127.950087	116.098435	116.064395	
27.53625	129.906123	127.984994	116.135475	116.099302	
27.54638	129.942462	128.019901	116.171814	116.134208	
27.55648	129.978123	128.054807	116.207475	116.169115	
27.56698	130.01453	128.089714	116.243882	116.204022	
27.57685	130.048206	128.12462	116.277558	116.238928	
27.58721	130.082899	128.159527	116.312251	116.273835	
27.59713	130.115596	128.194434	116.344949	116.308741	
27.60753	130.149262	128.22934	116.378615	116.343648	
27.61743	130.18074	128.25552	116.410092	116.369828	
27.62756	130.212337	128.290427	116.44169	116.396008	
27.6377	130.243425	128.316607	116.472777	116.430914	
27.64785	130.273929	128.351513	116.503281	116.457094	
27.65804	130.303974	128.38642	116.533327	116.483274	
27.66854	130.334297	128.4126	116.563649	116.518181	
27.67866	130.362917	128.43878	116.592269	116.535634	
27.68877	130.390956	128.473686	116.620308	116.561814	
27.69887	130.418406	128.49114	116.647758	116.587994	
27.70917	130.445773	128.526046	116.675125	116.614174	
27.71918	130.471795	128.552226	116.701147	116.640354	
27.72934	130.497616	128.578406	116.726968	116.657807	
27.73953	130.52294	128.595859	116.752292	116.683987	
27.74959	130.547396	128.630766	116.776748	116.70144	
27.77067	130.595424	128.674399	116.824777	116.745074	
27.77526	130.606055	128.683126	116.835407	116.7538	
27.78542	130.62859	128.709306	116.857942	116.77998	
27.79562	130.65074	128.726759	116.880093	116.797434	
27.80571	130.672037	128.752939	116.90139	116.814887	
27.81591	130.693023	128.770392	116.922375	116.83234	
27.82608	130.713352	128.787846	116.942704	116.849793	
27.8362	130.73301	128.805299	116.962362	116.867247	
27.84638	130.752202	128.822752	116.981555	116.8847	
27.8565	130.770736	128.840205	117.000088	116.902153	
27.86893	130.792555	128.857659	117.021907	116.919607	
27.87685	130.806196	128.875112	117.035548	116.928333	
27.88704	130.823119	128.883839	117.052471	116.945787	
27.89718	130.839395	128.901292	117.068747	116.96324	
27.90732	130.855098	128.910019	117.08445	116.971966	
27.91762	130.870486	128.927472	117.099838	116.980693	
27.92755	130.884773	128.936198	117.114125	116.998146	
27.93771	130.898827	128.944925	117.128179	117.006873	
27.94855	130.913159	128.953652	117.142511	117.0156	
27.95872	130.926072	128.962378	117.155424	117.024326	
27.97156	130.941401	128.962378	117.170753	117.033053	
27.97901	130.950094	128.971105	117.179446	117.04178	
27.98912	130.961273	128.979832	117.190625	117.04178	
27.99925	130.971936	128.979832	117.201289	117.050506	
28.00943	130.982105	128.979832	117.211457	117.059233	
28.01963	130.991748	128.979832	117.221101	117.06796	
28.02981	131.00082	128.979832	117.230172	117.06796	
28.03994	131.009323	128.979832	117.238675	117.076686	
28.05024	131.017421	128.979832	117.246773	117.076686	
28.06023	131.02477	128.979832	117.254122	117.076686	
28.07041	131.03173	128.979832	117.261082	117.076686	
28.08103	131.03842	128.979832	117.267772	117.076686	
28.09115	131.044297	128.979832	117.273649	117.076686	
28.10129	131.049691	128.979832	117.279044	117.076686	
28.11147	131.054604	128.979832	117.283956	117.076686	
28.12163	131.059028	128.979832	117.28838	117.076686	
28.13173	131.062964	128.979832	117.292316	117.076686	
28.14324	131.066818	128.979832	117.29617	117.076686	
28.15208	131.069499	128.979832	117.298851	117.076686	
28.16227	131.072129	128.979832	117.301481	117.076686	
28.17241	131.074346	128.979832	117.303698	117.076686	
28.18265	131.076195	128.979832	117.305547	117.076686	
28.19277	131.081849	128.979832	117.311201	117.076686	
28.20291	131.081849	128.979832	117.311201	117.076686	
28.21303	131.081849	128.979832	117.311201	117.076686	
28.22321	131.081849	128.979832	117.311201	117.076686	
28.23338	131.081849	128.979832	117.311201	117.076686	
28.2436	131.081849	128.979832	117.311201	117.076686	
28.25369	131.081849	128.979832	117.311201	117.076686	
28.26382	131.081849	128.979832	117.311201	117.076686	
28.27407	131.081849	128.979832	117.311201	117.076686	
28.2845	131.081849	128.979832	117.311201	117.076686	
28.29457	131.081849	128.979832	117.311201	117.076686	
28.30476	131.081849	128.979832	117.311201	117.076686	
28.31489	131.081849	128.979832	117.311201	117.076686	
28.32503	131.081849	128.979832	117.311201	117.076686	
28.33522	131.081849	128.979832	117.311201	117.076686	
28.34537	131.081849	128.979832	117.311201	117.076686	
28.35558	131.081849	128.979832	117.311201	117.076686	
28.36568	131.081849	128.979832	117.311201	117.076686	
28.37613	131.081849	128.979832	117.311201	117.076686	
28.38667	131.081849	128.979832	117.311201	117.076686	
28.39676	131.081849	128.979832	117.311201	117.076686	
28.40698	131.081849	128.979832	117.311201	117.076686	
28.41707	131.081849	128.979832	117.311201	117.076686	
28.42752	131.081849	128.979832	117.311201	117.076686	
28.43735	131.081849	128.979832	117.311201	117.076686	
28.44752	131.081849	128.979832	117.311201	117.076686	
28.45765	131.081849	128.979832	117.311201	117.076686	
28.46776	131.081849	128.979832	117.311201	117.076686	
28.47793	131.081849	128.979832	117.311201	117.076686	
28.48938	131.081849	128.979832	117.311201	117.076686	
28.50735	131.081849	128.979832	117.311201	117.076686	
28.5119	131.081849	128.979832	117.311201	117.076686	
28.5221	131.081849	128.979832	117.311201	117.076686	
28.53224	131.081849	128.979832	117.311201	117.076686	
28.54239	131.081849	128.979832	117.311201	117.076686	
28.55256	131.081849	128.979832	117.311201	117.076686	
28.56269	131.081849	128.979832	117.311201	117.076686	
28.57281	131.081849	128.979832	117.311201	117.076686	
28.59448	131.081849	128.979832	117.311201	117.076686	
28.59905	131.081849	128.979832	117.311201	117.076686	
28.60925	131.081849	128.979832	117.311201	117.076686	
28.6273	131.081849	128.979832	117.311201	117.076686	
28.63193	131.081849	128.979832	117.311201	117.076686	
28.64208	131.081849	128.979832	117.311201	117.076686	
28.65216	131.081849	128.979832	117.311201	117.076686	
28.6623	131.081849	128.979832	117.311201	117.076686	
28.67246	131.081849	128.979832	117.311201	117.076686	
28.68259	131.081849	128.979832	117.311201	117.076686	
28.69464	131.081849	128.979832	117.311201	117.076686	
28.70476	131.081849	128.979832	117.311201	117.076686	
28.71489	131.081849	128.979832	117.311201	117.076686	
28.72501	131.081849	128.979832	117.311201	117.076686	
28.73525	131.081849	128.979832	117.311201	117.076686	
28.7454	131.081849	128.979832	117.311201	117.076686	
28.75564	131.081849	128.979832	117.311201	117.076686	
28.7658	131.081849	128.979832	117.311201	117.076686	
28.77591	131.081849	128.979832	117.311201	117.076686	
28.78628	131.081849	128.979832	117.311201	117.076686	
28.79754	131.081849	128.979832	117.311201	117.076686	
28.80747	131.081849	128.979832	117.311201	117.076686	
28.8176	131.081849	128.979832	117.311201	117.076686	
28.82774	131.081849	128.979832	117.311201	117.076686	
28.838	131.081849	128.979832	117.311201	117.076686	
28.84806	131.081849	128.979832	117.311201	117.076686	
28.8583	131.081849	128.979832	117.311201	117.076686	
28.86838	131.081849	128.979832	117.311201	117.076686	
28.87846	131.081849	128.979832	117.311201	117.076686	
28.88899	131.081849	128.979832	117.311201	117.076686	
28.90833	131.081849	128.979832	117.311201	117.076686	
28.91295	131.081849	128.979832	117.311201	117.076686	
28.9231	131.081849	128.979832	117.311201	117.076686	
28.93318	131.081849	128.979832	117.311201	117.076686	
28.94362	131.081849	128.979832	117.311201	117.076686	
28.95353	131.081849	128.979832	117.311201	117.076686	
28.96366	131.081849	128.979832	117.311201	117.076686	
28.9738	131.081849	128.979832	117.311201	117.076686	
28.98397	131.081849	128.979832	117.311201	117.076686	
28.99419	131.081849	128.979832	117.311201	117.076686	
29.00439	131.081849	128.979832	117.311201	117.076686	
29.0145	131.081849	128.979832	117.311201	117.076686	
29.02469	131.081849	128.979832	117.311201	117.076686	
29.03482	131.081849	128.979832	117.311201	117.076686	
29.04493	131.081849	128.979832	117.311201	117.076686	
29.05526	131.081849	128.979832	117.311201	117.076686	
29.06538	131.081849	128.979832	117.311201	117.076686	
29.07561	131.081849	128.979832	117.311201	117.076686	
29.08571	131.081849	128.979832	117.311201	117.076686	
29.09614	131.081849	128.979832	117.311201	117.076686	
29.1063	131.081849	128.979832	117.311201	117.076686	
29.11634	131.081849	128.979832	117.311201	117.076686	
29.12648	131.081849	128.979832	117.311201	117.076686	
29.13661	131.081849	128.979832	117.311201	117.076686	
29.14743	131.081849	128.979832	117.311201	117.076686	
29.15726	131.081849	128.979832	117.311201	117.076686	
29.16763	131.081849	128.979832	117.311201	117.076686	
29.17761	131.081849	128.979832	117.311201	117.076686	
29.1877	131.081849	128.979832	117.311201	117.076686	
29.19786	131.081849	128.979832	117.311201	117.076686	
29.20823	131.081849	128.979832	117.311201	117.076686	
29.21832	131.081849	128.979832	117.311201	117.076686	
29.22839	131.081849	128.979832	117.311201	117.076686	
29.23848	131.081849	128.979832	117.311201	117.076686	
29.24896	131.081849	128.979832	117.311201	117.076686	
29.2588	131.081849	128.979832	117.311201	117.076686	
29.26891	131.081849	128.979832	117.311201	117.076686	
29.27906	131.081849	128.979832	117.311201	117.076686	
29.28917	131.081849	128.979832	117.311201	117.076686	
29.29935	131.081849	128.979832	117.311201	117.076686	
29.31071	131.081849	128.979832	117.311201	117.076686	
29.32086	131.081849	128.979832	117.311201	117.076686	
29.33096	131.081849	128.979832	117.311201	117.076686	
29.34109	131.081849	128.979832	117.311201	117.076686	
29.35131	131.081849	128.979832	117.311201	117.076686	
29.36161	131.081849	128.979832	117.311201	117.076686	
29.3717	131.081849	128.979832	117.311201	117.076686	
29.38177	131.081849	128.979832	117.311201	117.076686	
29.39192	131.081849	128.979832	117.311201	117.076686	
29.40217	131.081849	128.979832	117.311201	117.076686	
29.4136	131.081849	128.979832	117.311201	117.076686	
29.42355	131.081849	128.979832	117.311201	117.076686	
29.43374	131.081849	128.979832	117.311201	117.076686	
29.44383	131.081849	128.979832	117.311201	117.076686	
29.45393	131.081849	128.979832	117.311201	117.076686	
29.46414	131.081849	128.979832	117.311201	117.076686	
29.47434	131.081849	128.979832	117.311201	117.076686	
29.48444	131.081849	128.979832	117.311201	117.076686	
29.49458	131.081849	128.979832	117.311201	117.076686	
29.50474	131.081849	128.979832	117.311201	117.076686	
29.51611	131.081849	128.979832	117.311201	117.076686	
29.52616	131.081849	128.979832	117.311201	117.076686	
29.53633	131.081849	128.979832	117.311201	117.076686	
29.54651	131.081849	128.979832	117.311201	117.076686	
29.55657	131.081849	128.979832	117.311201	117.076686	
29.56675	131.081849	128.979832	117.311201	117.076686	
29.577	131.081849	128.979832	117.311201	117.076686	
29.58715	131.081849	128.979832	117.311201	117.076686	
29.59721	131.081849	128.979832	117.311201	117.076686	
29.60764	131.081849	128.979832	117.311201	117.076686	
29.61894	131.081849	128.979832	117.311201	117.076686	
29.62877	131.081849	128.979832	117.311201	117.076686	
29.63894	131.081849	128.979832	117.311201	117.076686	
29.64905	131.081849	128.979832	117.311201	117.076686	
29.65925	131.081849	128.979832	117.311201	117.076686	
29.66937	131.081849	128.979832	117.311201	117.076686	
29.67959	131.081849	128.979832	117.311201	117.076686	
29.68978	131.081849	128.979832	117.311201	117.076686	
29.69985	131.081849	128.979832	117.311201	117.076686	
29.71034	131.081849	128.979832	117.311201	117.076686	
29.72175	131.081849	128.979832	117.311201	117.076686	
29.73166	131.081849	128.979832	117.311201	117.076686	
29.74174	131.081849	128.979832	117.311201	117.076686	
29.75186	131.081849	128.979832	117.311201	117.076686	
29.76212	131.081849	128.979832	117.311201	117.076686	
29.77219	131.081849	128.979832	117.311201	117.076686	
29.78236	131.081849	128.979832	117.311201	117.076686	
29.79251	131.081849	128.979832	117.311201	117.076686	
29.80264	131.081849	128.979832	117.311201	117.076686	
29.81281	131.081849	128.979832	117.311201	117.076686	
29.8244	131.081849	128.979832	117.311201	117.076686	
29.83429	131.081849	128.979832	117.311201	117.076686	
29.84437	131.081849	128.979832	117.311201	117.076686	
29.85454	131.081849	128.979832	117.311201	117.076686	
29.86469	131.081849	128.979832	117.311201	117.076686	
29.87486	131.081849	128.979832	117.311201	117.076686	
29.88514	131.081849	128.979832	117.311201	117.076686	
29.89514	131.081849	128.979832	117.311201	117.076686	
29.90531	131.081849	128.979832	117.311201	117.076686	
29.91546	131.081849	128.979832	117.311201	117.076686	
29.92703	131.081849	128.979832	117.311201	117.076686	
29.93694	131.081849	128.979832	117.311201	117.076686	
29.94772	131.081849	128.979832	117.311201	117.076686	
29.95719	131.081849	128.979832	117.311201	117.076686	
29.96751	131.081849	128.979832	117.311201	117.076686	
29.9774	131.081849	128.979832	117.311201	117.076686	
29.99554	131.081849	128.979832	117.311201	117.076686	
30.00019	131.081849	128.979832	117.311201	117.076686	
30.01051	131.081849	128.979832	117.311201	117.076686	
30.0205	131.081849	128.979832	117.311201	117.076686	
30.03878	131.081849	128.979832	117.311201	117.076686	
30.04337	131.081849	128.979832	117.311201	117.076686	
30.05358	131.081849	128.979832	117.311201	117.076686	
30.06362	131.081849	128.979832	117.311201	117.076686	
30.07384	131.081849	128.979832	117.311201	117.076686	
30.08396	131.081849	128.979832	117.311201	117.076686	
30.09433	131.081849	128.979832	117.311201	117.076686	
30.10426	131.081849	128.979832	117.311201	117.076686	
30.11443	131.081849	128.979832	117.311201	117.076686	
30.1246	131.081849	128.979832	117.311201	117.076686	
30.13477	131.081849	128.979832	117.311201	117.076686	
30.14631	131.081849	128.979832	117.311201	117.076686	
30.15509	131.081849	128.979832	117.311201	117.076686	
30.1652	131.081849	128.979832	117.311201	117.076686	
30.17533	131.081849	128.979832	117.311201	117.076686	
30.18606	131.081849	128.979832	117.311201	117.076686	
30.19618	131.081849	128.979832	117.311201	117.076686	
30.20632	131.081849	128.979832	117.311201	117.076686	
30.21645	131.081849	128.979832	117.311201	117.076686	
30.22658	131.081849	128.979832	117.311201	117.076686	
30.24499	131.081849	128.979832	117.311201	117.076686	
30.24959	131.081849	128.979832	117.311201	117.076686	
30.26771	131.081849	128.979832	117.311201	117.076686	
30.27221	131.081849	128.979832	117.311201	117.076686	
30.28245	131.081849	128.979832	117.311201	117.076686	
30.29255	131.081849	128.979832	117.311201	117.076686	
30.30293	131.081849	128.979832	117.311201	117.076686	
30.31289	131.081849	128.979832	117.311201	117.076686	
30.32298	131.081849	128.979832	117.311201	117.076686	
30.34367	131.081849	128.979832	117.311201	117.076686	
30.34856	131.081849	128.979832	117.311201	117.076686	
30.35846	131.081849	128.979832	117.311201	117.076686	
30.3686	131.081849	128.979832	117.311201	117.076686	
30.37901	131.081849	128.979832	117.311201	117.076686	
30.38888	131.081849	128.979832	117.311201	117.076686	
30.39904	131.081849	128.979832	117.311201	117.076686	
30.40922	131.081849	128.979832	117.311201	117.076686	
30.41931	131.081849	128.979832	117.311201	117.076686	
30.42949	131.081849	128.979832	117.311201	117.076686	
30.44014	131.081849	128.979832	117.311201	117.076686	
30.45029	131.081849	128.979832	117.311201	117.076686	
30.46036	131.081849	128.979832	117.311201	117.076686	
30.47047	131.081849	128.979832	117.311201	117.076686	
30.48066	131.081849	128.979832	117.311201	117.076686	
30.49084	131.081849	128.979832	117.311201	117.076686	
30.50098	131.081849	128.979832	117.311201	117.076686	
30.51116	131.081849	128.979832	117.311201	117.076686	
30.52131	131.081849	128.979832	117.311201	117.076686	
30.53151	131.081849	128.979832	117.311201	117.076686	
30.54263	131.081849	128.979832	117.311201	117.076686	
30.55287	131.081849	128.979832	117.311201	117.076686	
30.56292	131.081849	128.979832	117.311201	117.076686	
30.57305	131.081849	128.979832	117.311201	117.076686	
30.59335	131.081849	128.979832	117.311201	117.076686	
30.59792	131.081849	128.979832	117.311201	117.076686	
30.60806	131.081849	128.979832	117.311201	117.076686	
30.62626	131.081849	128.979832	117.311201	117.076686	
30.63078	131.081849	128.979832	117.311201	117.076686	
30.64253	131.081849	128.979832	117.311201	117.076686	
30.65117	131.081849	128.979832	117.311201	117.076686	
30.66127	131.081849	128.979832	117.311201	117.076686	
30.67144	131.081849	128.979832	117.311201	117.076686	
30.68158	131.081849	128.979832	117.311201	117.076686	
30.69183	131.081849	128.979832	117.311201	117.076686	
30.70194	131.081849	128.979832	117.311201	117.076686	
30.7121	131.081849	128.979832	117.311201	117.076686	
30.72237	131.081849	128.979832	117.311201	117.076686	
30.73238	131.081849	128.979832	117.311201	117.076686	
30.74518	131.081849	128.979832	117.311201	117.076686	
30.75281	131.081849	128.979832	117.311201	117.076686	
30.76291	131.081849	128.979832	117.311201	117.076686	
30.77305	131.081849	128.979832	117.311201	117.076686	
30.78318	131.081849	128.979832	117.311201	117.076686	
30.79337	131.081849	128.979832	117.311201	117.076686	
30.80353	131.081849	128.979832	117.311201	117.076686	
30.81367	131.081849	128.979832	117.311201	117.076686	
30.82389	131.081849	128.979832	117.311201	117.076686	
30.83397	131.081849	128.979832	117.311201	117.076686	
30.84671	131.081849	128.979832	117.311201	117.076686	
30.85458	131.081849	128.979832	117.311201	117.076686	
30.86449	131.081849	128.979832	117.311201	117.076686	
30.87467	131.081849	128.979832	117.311201	117.076686	
30.88476	131.081849	128.979832	117.311201	117.076686	
30.89496	131.081849	128.979832	117.311201	117.076686	
30.90513	131.081849	128.979832	117.311201	117.076686	
30.91525	131.081849	128.979832	117.311201	117.076686	
30.92537	131.081849	128.979832	117.311201	117.076686	
30.93552	131.081849	128.979832	117.311201	117.076686	
30.94572	131.081849	128.979832	117.311201	117.076686	
30.97866	131.081849	128.979832	117.311201	117.076686	
