5.087137	
5.091737	
5.101809	
5.112014	
5.122195	
5.132289	
5.14255	
5.152554	
5.162756	
5.172885	
5.183031	
5.193206	
5.203351	
5.213478	
5.223627	
5.233763	
5.243904	
5.254042	
5.26415	
5.27436	
5.284463	
5.29463	
5.304784	
5.314916	
5.325075	
5.335273	
5.34541	
5.364865	
5.36924	
5.379406	
5.389965	
5.400121	
5.410291	
5.420413	
5.430551	
5.440751	
5.450877	
5.461017	
5.471178	
5.481325	
5.491465	
5.501666	
5.511807	
5.521949	
5.532084	
5.542219	
5.552373	
5.562588	
5.572685	
5.582812	
5.593011	
5.603158	
5.613278	
5.623394	
5.633563	
5.643777	
5.653834	
5.664009	
5.674239	
5.684301	
5.694438	
5.704577	
5.714762	
5.724897	
5.73502	
5.745271	
5.755379	
5.765513	
5.775681	
5.785803	
5.79596	
5.806096	
5.816329	
5.826448	
5.836891	
5.847002	
5.857153	
5.867266	
5.877413	
5.887565	
5.89779	
5.907941	
5.91802	
5.928188	
5.938378	
5.948459	
5.95859	
5.968807	
5.978888	
5.989036	
5.999228	
6.009344	
6.019913	
6.029927	
6.040077	
6.050298	
6.060337	
6.070514	
6.080655	
6.090839	
6.100965	
6.111121	
6.121254	
6.131412	
6.141662	
6.151753	
6.161878	
6.172018	
6.182157	
6.192327	
6.2025	
6.212616	
6.222778	
6.23298	
6.243097	
6.253362	
6.263415	
6.27356	
6.283774	
6.293858	
6.303978	
6.314232	
6.324484	
6.334668	
6.344763	
6.356206	
6.365045	
6.375181	
6.385362	
6.395504	
6.405642	
6.415804	
6.425937	
6.43606	
6.44622	
6.457286	
6.467381	
6.477467	
6.487598	
6.506184	
6.510536	
6.520693	
6.530856	
6.54096	
6.551148	
6.561304	
6.571448	
6.581598	
6.591782	
6.601907	
6.612059	
6.622193	
6.632338	
6.647851	278.958151	278.955974	248.240357	248.23818	
6.657951	278.960001	278.955974	248.242206	248.23818	
6.6681	278.962488	278.955974	248.244693	248.23818	
6.678149	278.965552	278.955974	248.247758	248.23818	
6.688608	278.969414	278.955974	248.251619	248.23818	
6.69852	278.973642	278.955974	248.255848	248.23818	
6.708603	278.978562	278.955974	248.260767	248.246906	
6.718771	278.984144	278.955974	248.26635	248.246906	
6.728898	278.99032	278.955974	248.272525	248.246906	
6.739056	278.997135	278.955974	248.27934	248.246906	
6.750589	279.005716	278.955974	248.287921	248.255633	
6.760767	279.01387	278.955974	248.296075	248.255633	
6.770903	279.022604	278.955974	248.304809	248.264359	
6.780998	279.031915	278.955974	248.314121	248.273086	
6.791183	279.041932	278.964701	248.324137	248.281813	
6.801341	279.05254	278.964701	248.334745	248.290539	
6.811497	279.063768	278.973428	248.345973	248.307993	
6.821966	279.076012	278.973428	248.358217	248.316719	
6.831821	279.088096	278.990881	248.370301	248.325446	
6.841965	279.101166	278.999608	248.383371	248.342899	
6.85327	279.116534	279.017061	248.398739	248.351626	
6.863397	279.130883	279.034514	248.413088	248.360353	
6.873513	279.145824	279.060694	248.428029	248.377806	
6.883719	279.16153	279.086874	248.443735	248.395259	
6.893789	279.177629	279.113054	248.459834	248.412712	
6.90399	279.194578	279.147961	248.476784	248.430166	
6.91414	279.212044	279.174141	248.494249	248.447619	
6.924273	279.230094	279.209047	248.512299	248.465072	
6.934424	279.248803	279.243954	248.531009	248.482526	
6.944531	279.268048	279.27886	248.550253	248.499979	
6.964247	279.308491	279.348673	248.590696	248.552339	
6.968847	279.317826	279.3574	248.600031	248.561065	
6.978958	279.339158	279.392307	248.621363	248.587245	
6.989074	279.361117	279.427213	248.643323	248.604699	
7.007574	279.4038	279.497026	248.686005	248.657059	
7.012197	279.414401	279.505753	248.696606	248.674512	
7.022345	279.438447	279.531933	248.720652	248.700692	
7.032503	279.463153	279.56684	248.745358	248.726872	
7.042686	279.488535	279.59302	248.77074	248.753052	
7.055377	279.521263	279.619199	248.803469	248.779232	
7.06324	279.541757	279.636653	248.823962	248.814138	
7.082828	279.595851	279.671559	248.878056	248.866498	
7.087351	279.608244	279.680286	248.890449	248.883951	
7.097522	279.636965	279.697739	248.91917	248.910131	
7.107651	279.666151	279.715193	248.948356	248.945038	
7.117837	279.696128	279.723919	248.978333	248.971218	
7.127987	279.726619	279.741373	249.008824	248.997398	
7.138075	279.757535	279.758826	249.039741	249.023578	
7.148575	279.790402	279.767552	249.072607	249.058484	
7.169082	279.857727	279.793732	249.139932	249.119571	
7.17364	279.87256	279.802459	249.154765	249.128297	
7.183831	279.906596	279.811186	249.188801	249.163204	
7.193946	279.940977	279.837366	249.223182	249.189384	
7.20409	279.976084	279.863546	249.258289	249.215564	
7.214282	280.012001	279.889725	249.294206	249.25047	
7.22438	280.04817	279.924632	249.330375	249.285377	
7.234607	280.08544	279.968265	249.367645	249.320284	
7.244696	280.122802	280.003172	249.405008	249.35519	
7.254825	280.160941	280.055532	249.443146	249.390097	
7.26513	280.200436	280.099165	249.482641	249.425003	
7.275297	280.239944	280.151525	249.52215	249.468637	
7.285355	280.279644	280.203885	249.561849	249.51227	
7.295492	280.320279	280.264971	249.602484	249.555903	
7.305744	280.362029	280.317331	249.644234	249.599536	
7.315837	280.403717	280.378418	249.685923	249.651896	
7.325973	280.446214	280.439504	249.728419	249.695529	
7.336084	280.48921	280.509317	249.771415	249.747889	
7.346222	280.532938	280.561677	249.815143	249.791523	
7.3574	280.581963	280.622764	249.864168	249.843882	
7.366634	280.622893	280.68385	249.905098	249.896242	
7.376715	280.668223	280.744937	249.950428	249.948602	
7.386909	280.714682	280.806023	249.996887	250.000962	
7.396988	280.76121	280.858383	250.043415	250.044595	
7.407136	280.808718	280.910743	250.090923	250.096955	
7.417282	280.856802	280.963103	250.139007	250.140588	
7.427433	280.905551	281.015463	250.187757	250.192948	
7.437581	280.95487	281.059096	250.237075	250.236582	
7.447762	281.005002	281.102729	250.287207	250.280215	
7.458374	281.057935	281.146363	250.34014	250.323848	
7.469213	281.112718	281.189996	250.394923	250.376208	
7.479394	281.164767	281.233629	250.446972	250.419841	
7.489504	281.21708	281.277262	250.499285	250.472201	
7.507639	281.313314	281.312169	250.595519	250.515834	
7.512176	281.337295	281.347075	250.6195	250.576921	
7.522389	281.392159	281.381982	250.674364	250.629281	
7.532484	281.446981	281.425615	250.729186	250.68164	
7.542627	281.502682	281.460522	250.784887	250.734	
7.552755	281.558927	281.504155	250.841133	250.78636	
7.562935	281.616085	281.539062	250.89829	250.83872	
7.573141	281.674014	281.591422	250.956219	250.899807	
7.583298	281.732277	281.635055	251.014482	250.960893	
7.593465	281.791229	281.687415	251.073435	251.013253	
7.603568	281.850398	281.748501	251.132603	251.083066	
7.613759	281.910713	281.800861	251.192919	251.144153	
7.62394	281.971597	281.861948	251.253802	251.205239	
7.63407	282.032784	281.923034	251.314989	251.275052	
7.644212	282.094667	281.992847	251.376872	251.336139	
7.654363	282.157224	282.06266	251.439429	251.405952	
7.664483	282.220215	282.1412	251.50242	251.475765	
7.674771	282.284886	282.21974	251.567092	251.536852	
7.684878	282.349015	282.289553	251.63122	251.606665	
7.695021	282.414009	282.37682	251.696214	251.676478	
7.705184	282.479733	282.464086	251.761938	251.746291	
7.715587	282.548321	282.542626	251.830526	251.816104	
7.725465	282.612746	282.629892	251.894951	251.885918	
7.735605	282.680177	282.708432	251.962382	251.955731	
7.74576	282.748314	282.795699	252.030519	252.025544	
7.755973	282.817501	282.882965	252.099706	252.086631	
7.765998	282.886006	282.970232	252.168211	252.156444	
7.777171	282.963121	283.057498	252.245326	252.234983	
7.787272	283.033416	283.144765	252.315621	252.29607	
7.797441	283.104814	283.223304	252.387019	252.365883	
7.807524	283.176223	283.301844	252.458428	252.435696	
7.817668	283.248683	283.371657	252.530888	252.496783	
7.827958	283.322811	283.450197	252.605016	252.566596	
7.838756	283.401344	283.52001	252.683549	252.645136	
7.848131	283.469952	283.581097	252.752157	252.714949	
7.858227	283.544532	283.65091	252.826737	252.784762	
7.86863	283.622031	283.720723	252.904237	252.863302	
7.879832	283.706247	283.790536	252.988452	252.941842	
7.890002	283.783308	283.851623	253.065513	253.020382	
7.900161	283.860873	283.912709	253.143078	253.098921	
7.910293	283.93887	283.965069	253.221076	253.177461	
7.920477	284.0179	284.026156	253.300105	253.256001	
7.930671	284.097615	284.087242	253.37982	253.334541	
7.940786	284.177323	284.148329	253.459529	253.421807	
8.081075	285.45593	285.08208	254.738135	254.556271	
8.088376	285.51983	285.151893	254.802035	254.643538	
8.098685	285.610839	285.230433	254.893044	254.730804	
8.108896	285.701633	285.326426	254.983838	254.818071	
8.118942	285.791515	285.422419	255.073721	254.922791	
8.129209	285.88406	285.535866	255.166265	255.02751	
8.147282	286.049309	285.754032	255.331514	255.219497	
8.15181	286.090605	285.815118	255.372811	255.271856	
8.161986	286.18431	285.946018	255.466515	255.376576	
8.172135	286.278383	286.094371	255.560589	255.498749	
8.184859	286.39748	286.233997	255.679685	255.612196	
8.192866	286.472596	286.391077	255.754801	255.725642	
8.203004	286.568416	286.53943	255.850622	255.847815	
8.213144	286.664891	286.687783	255.947097	255.961261	
8.223273	286.761906	286.844863	256.044111	256.074708	
8.233477	286.860217	287.001942	256.142422	256.188154	
8.243601	286.958409	287.159022	256.240614	256.292874	
8.25376	287.057551	287.316101	256.339756	256.397594	
8.263901	287.15751	287.481908	256.439715	256.502314	
8.274047	287.257382	287.638987	256.539588	256.598307	
8.286396	287.380516	287.796067	256.662722	256.703026	
8.294574	287.46221	287.94442	256.744415	256.790293	
8.304545	287.562519	288.084046	256.844724	256.877559	
8.314747	287.665805	288.223673	256.94801	256.973552	
8.325067	287.770948	288.345846	257.053153	257.060819	
8.33502	287.872895	288.459292	257.1551	257.148085	
8.345219	287.978545	288.555285	257.26075	257.235352	
8.355332	288.082901	288.651278	257.365106	257.322618	
8.3655	288.188979	288.729818	257.471184	257.418611	
8.375684	288.296641	288.790905	257.578846	257.505878	
8.385788	288.402402	288.843265	257.684607	257.601871	
8.403986	288.596903	288.913078	257.879109	257.776404	
8.408507	288.64507	288.921804	257.927275	257.820037	
8.418742	288.755098	288.956711	258.037303	257.91603	
8.428837	288.864196	288.991618	258.146401	258.029477	
8.438992	288.974618	289.026524	258.256823	258.134196	
8.449166	289.08578	289.061431	258.367985	258.247643	
8.467142	289.284688	289.122517	258.566893	258.448356	
8.471649	289.334454	289.148697	258.61666	258.509442	
8.481832	289.447766	289.201057	258.729971	258.622889	
8.494558	289.590556	289.253417	258.872761	258.745062	
8.502209	289.676491	289.32323	258.958697	258.867235	
8.512324	289.790906	289.410497	259.073111	258.989408	
8.522556	289.907253	289.515216	259.189458	259.111581	
8.532629	290.022396	289.628663	259.304601	259.225027	
8.542826	290.139595	289.750836	259.4218	259.355927	
8.552958	290.256661	289.881735	259.538866	259.469373	
8.563137	290.374894	290.021362	259.657099	259.591546	
8.573268	290.493183	290.160988	259.775388	259.722446	
8.58337	290.611733	290.309341	259.893938	259.844619	
8.595867	290.759514	290.457694	260.041719	259.966792	
8.603816	290.853744	290.614774	260.135949	260.088965	
8.613872	290.973509	290.771853	260.255714	260.219865	
8.624001	291.09487	290.93766	260.377075	260.342038	
8.634263	291.218038	291.094739	260.500243	260.472938	
8.644305	291.338518	291.260546	260.620723	260.595111	
8.654446	291.460186	291.426352	260.742391	260.717284	
8.6646	291.582058	291.592158	260.864263	260.848183	
8.674782	291.70423	291.757964	260.986435	260.970356	
8.68487	291.825286	291.923771	261.107491	261.092529	
8.697245	291.97393	292.098304	261.256135	261.214702	
8.705442	292.072222	292.255383	261.354427	261.345602	
8.715388	292.191514	292.42119	261.473719	261.467775	
8.725533	292.313242	292.586996	261.595447	261.589948	
8.735671	292.434898	292.735349	261.717103	261.712121	
8.745803	292.556578	292.883702	261.838783	261.834294	
8.756045	292.67941	293.032055	261.961615	261.965194	
8.766132	292.800442	293.162954	262.082647	262.07864	
8.776264	292.922026	293.293854	262.204231	262.20954	
8.786449	293.044282	293.407301	262.326487	262.322987	
8.796888	293.169538	293.529474	262.451743	262.44516	
8.806783	293.288338	293.634193	262.570543	262.567333	
8.816847	293.409034	293.72146	262.691239	262.689506	
8.827069	293.531698	293.817453	262.813903	262.811679	
8.837913	293.661898	293.895993	262.944103	262.916399	
8.847361	293.775262	293.974533	263.057467	263.038572	
8.857494	293.896822	294.053072	263.179027	263.160745	
8.867608	294.01819	294.122886	263.300395	263.265464	
8.877834	294.140878	294.192699	263.423083	263.387637	
8.887899	294.261646	294.262512	263.543851	263.501084	
8.898448	294.388294	294.332325	263.670499	263.623257	
8.908644	294.510682	294.402138	263.792887	263.736703	
8.918431	294.62803	294.471951	263.910235	263.858876	
8.928559	294.749566	294.559218	264.031771	263.972323	
8.938754	294.871918	294.646484	264.154123	264.085769	
8.949086	294.995926	294.742477	264.278131	264.207942	
8.959253	295.11793	294.847197	264.400135	264.321389	
8.969424	295.239958	294.960644	264.522163	264.443562	
8.979535	295.361266	295.07409	264.643471	264.565735	
8.989668	295.482862	295.20499	264.765067	264.687908	
8.999877	295.605418	295.335889	264.887623	264.810081	
9.010071	295.727746	295.484242	265.009951	264.932254	
9.020301	295.85047	295.623869	265.132675	265.063154	
9.030448	295.97221	295.772222	265.254415	265.185327	
9.040567	296.093638	295.920575	265.375843	265.324953	
9.050839	296.216938	296.077654	265.499143	265.447126	
9.06086	296.337166	296.234734	265.619371	265.578026	
9.080734	296.57569	296.548893	265.857895	265.839825	
9.085309	296.63053	296.618706	265.912735	265.892185	
9.095635	296.755438	296.775786	266.037643	266.023085	
9.107755	296.90005	296.941592	266.182255	266.153984	
9.116178	297.001054	297.107399	266.283259	266.284884	
9.125863	297.117214	297.264478	266.399419	266.407057	
9.136095	297.239998	297.421558	266.522203	266.537957	
9.14632	297.362698	297.578637	266.644903	266.66013	
9.156885	297.489526	297.718264	266.771731	266.791029	
9.1665	297.604858	297.85789	266.887063	266.904476	
9.176639	297.726538	297.997516	267.008743	267.026649	
9.186818	297.848698	298.128416	267.130903	267.140095	
9.196911	297.969766	298.250589	267.251971	267.262268	
9.207129	298.092418	298.364036	267.374623	267.375715	
9.217342	298.215034	298.477482	267.497239	267.489161	
9.227392	298.33561	298.582202	267.617815	267.611334	
9.237522	298.457134	298.678195	267.739339	267.724781	
9.247649	298.578658	298.765461	267.860863	267.838227	
9.26615	298.800706	298.852728	268.082911	267.951673	
9.270693	298.855126	298.957448	268.137331	268.100026	
9.28084	298.976926	299.035987	268.259131	268.222199	
9.291056	299.099506	299.114527	268.381711	268.335646	
9.30112	299.220274	299.193067	268.502479	268.457819	
9.313149	299.36479	299.271607	268.646995	268.579992	
9.321708	299.467414	299.358873	268.749619	268.702165	
9.33168	299.58703	299.44614	268.869235	268.824338	
9.341815	299.708614	299.533406	268.990819	268.946511	
9.351936	299.830078	299.638126	269.112283	269.068684	
9.363278	299.966278	299.734119	269.248483	269.190857	
9.372308	300.07453	299.847565	269.356735	269.31303	
9.382465	300.196438	299.952285	269.478643	269.435203	
9.39261	300.31819	300.074458	269.600395	269.54865	
9.402808	300.440554	300.205358	269.722759	269.679549	
9.412899	300.561634	300.336258	269.843839	269.792996	
9.423499	300.688894	300.475884	269.971099	269.923895	
9.433298	300.806434	300.624237	270.088639	270.037342	
9.443442	300.92815	300.77259	270.210355	270.168242	
9.45354	301.049374	300.920943	270.331579	270.290415	
9.463717	301.171462	301.069296	270.453667	270.412588	
9.473879	301.293418	301.226376	270.575623	270.534761	
9.484075	301.415746	301.383455	270.697951	270.66566	
9.494178	301.536994	301.540535	270.819199	270.787833	
9.504304	301.658542	301.697614	270.940747	270.910006	
9.514492	301.780774	301.854694	271.062979	271.040906	
9.524899	301.90573	302.003047	271.187935	271.171806	
9.534807	302.024554	302.1514	271.306759	271.293979	
9.54496	302.146366	302.30848	271.428571	271.424879	
9.555128	302.268394	302.448106	271.550599	271.547052	
9.565206	302.39203	302.587732	271.674235	271.677951	
9.583437	302.60815	302.832079	271.890355	271.896118	
9.587994	302.662762	302.893165	271.944967	271.957204	
9.598147	302.784646	303.024065	272.066851	272.07065	
9.608247	302.90581	303.146238	272.188015	272.192823	
9.621078	303.05995	303.268411	272.342155	272.314997	
9.628964	303.154462	303.373131	272.436667	272.43717	
9.638692	303.271162	303.486577	272.553367	272.550616	
9.648872	303.393322	303.58257	272.675527	272.664062	
9.659009	303.514966	303.678563	272.797171	272.786235	
9.669165	303.636874	303.774556	272.919079	272.899682	
9.67937	303.759322	303.861823	273.041527	273.021855	
9.689487	303.880678	303.949089	273.162883	273.135301	
9.699613	304.002202	304.027629	273.284407	273.248748	
9.709716	304.123474	304.106169	273.405679	273.370921	
9.71992	304.24591	304.193435	273.528115	273.484367	
9.730159	304.368874	304.271975	273.651079	273.597814	
9.74035	304.491046	304.359242	273.773251	273.719987	
9.750481	304.612618	304.455235	273.894823	273.833433	
9.760584	304.73389	304.542501	274.016095	273.946879	
9.77088	304.857442	304.647221	274.139647	274.069052	
9.78093	304.978066	304.751941	274.260271	274.191225	
9.791113	305.10019	304.85666	274.382395	274.304672	
9.801275	305.222146	304.978833	274.504351	274.435572	
9.811375	305.343334	305.101007	274.625539	274.549018	
9.821559	305.465566	305.22318	274.747771	274.679918	
9.831756	305.587978	305.362806	274.870183	274.802091	
9.84235	305.715118	305.511159	274.997323	274.93299	
9.852438	305.836102	305.659512	275.118307	275.06389	
9.862576	305.957746	305.799138	275.239951	275.186063	
9.87273	306.079678	305.956218	275.361883	275.316963	
9.882942	306.202174	306.104571	275.484379	275.447863	
9.893072	306.323746	306.26165	275.605951	275.578762	
9.903198	306.445222	306.41873	275.727427	275.700935	
9.913382	306.56743	306.57581	275.849635	275.831835	
9.923526	306.689194	306.724163	275.971399	275.962735	
9.934127	306.816466	306.881242	276.098671	276.084908	
9.94385	306.933082	307.038322	276.215287	276.215807	
9.954017	307.054134	307.177948	276.336339	276.33798	
9.964226	307.175108	307.335028	276.457313	276.460154	
9.974275	307.293516	307.474654	276.575721	276.591053	
9.984466	307.413077	307.614281	276.695282	276.7045	
9.994685	307.53227	307.74518	276.814475	276.826673	
10.00496	307.651414	307.87608	276.933619	276.948846	
10.01508	307.768311	308.00698	277.050517	277.071019	
10.02518	307.884265	308.120426	277.16647	277.184465	
10.03646	308.013024	308.242599	277.295229	277.306638	
10.04623	308.124023	308.347319	277.406228	277.420085	
10.05642	308.239113	308.452039	277.521319	277.533531	
10.06658	308.353237	308.548032	277.635442	277.646977	
10.07699	308.469613	308.635298	277.751818	277.751697	
10.08683	308.578826	308.722565	277.861031	277.865144	
10.09698	308.691134	308.809831	277.973339	277.97859	
10.10715	308.802814	308.888371	278.085019	278.08331	
10.11728	308.913605	308.966911	278.19581	278.188029	
10.12742	309.023857	309.045451	278.306062	278.292749	
10.13882	309.1469	309.132717	278.429106	278.406196	
10.14892	309.255377	309.211257	278.537582	278.519642	
10.15902	309.363329	309.289797	278.645534	278.624362	
10.1692	309.47147	309.377063	278.753675	278.720355	
10.18759	309.664323	309.534143	278.946528	278.903614	
10.19214	309.712456	309.569049	278.994661	278.955974	
10.2023	309.817917	309.656316	279.100122	279.060694	
10.21248	309.923434	309.761036	279.205639	279.165414	
10.22258	310.027503	309.857029	279.309708	279.270134	
10.23277	310.131815	309.961749	279.414021	279.374853	
10.24323	310.238291	310.066468	279.520496	279.479573	
10.2533	310.340143	310.179915	279.622348	279.584293	
10.26345	310.442236	310.284634	279.724442	279.689013	
10.27361	310.543863	310.389354	279.826068	279.793732	
10.28375	310.644527	310.511527	279.926732	279.907179	
10.29392	310.744998	310.624974	280.027203	280.011899	
10.30427	310.846912	310.73842	280.129117	280.116618	
10.31422	310.943631	310.860593	280.225836	280.221338	
10.3246	311.044256	310.982766	280.326462	280.334784	
10.33452	311.139764	311.104939	280.421969	280.439504	
10.34478	311.238078	311.227112	280.520283	280.544224	
10.35496	311.334821	311.349285	280.617026	280.648944	
10.36634	311.442247	311.471458	280.724452	280.753663	
10.37514	311.524926	311.593631	280.807131	280.858383	
10.38547	311.623482	311.707078	280.905687	280.954376	
10.39553	311.714499	311.820524	280.996704	281.050369	
10.40564	311.807631	311.925244	281.089836	281.137636	
10.41577	311.900324	312.029964	281.182529	281.233629	
10.42594	311.992692	312.134683	281.274897	281.312169	
10.43604	312.083881	312.239403	281.366086	281.408162	
10.44704	312.182477	312.335396	281.464682	281.495428	
10.45686	312.269864	312.422663	281.552069	281.573968	
10.46707	312.360108	312.509929	281.642313	281.661235	
10.47715	312.448626	312.588469	281.730831	281.731048	
10.48731	312.537271	312.667009	281.819477	281.809588	
10.49749	312.625404	312.745549	281.907609	281.896854	
10.50762	312.712518	312.806635	281.994723	281.975394	
10.52568	312.865447	312.867722	282.147652	282.045207	
10.5302	312.903776	312.946262	282.185981	282.149927	
10.54042	312.98968	313.007348	282.271885	282.228467	
10.55064	313.074969	313.077161	282.357174	282.315733	
10.56073	313.158471	313.129521	282.440676	282.403	
10.57098	313.242751	313.199334	282.524956	282.490266	
10.581	313.32458	313.251694	282.606785	282.568806	
10.5912	313.40718	313.321507	282.689385	282.656072	
10.60139	313.489129	313.39132	282.771334	282.743339	
10.61151	313.569892	313.461134	282.852097	282.830605	
10.62166	313.650271	313.530947	282.932476	282.917872	
10.63177	313.72971	313.609487	283.011915	282.996412	
10.64199	313.809412	313.688026	283.091618	283.074951	
10.65248	313.890648	313.775293	283.172853	283.162218	
10.66233	313.966229	313.853833	283.248434	283.240758	
10.67248	314.043499	313.941099	283.325705	283.328024	
10.68263	314.120254	314.037092	283.40246	283.406564	
10.69276	314.196144	314.124359	283.478349	283.476377	
10.70295	314.271959	314.220352	283.554164	283.554917	
10.7131	314.346777	314.316345	283.628983	283.633457	
10.72351	314.422962	314.403611	283.705167	283.711997	
10.7334	314.494662	314.499605	283.776868	283.790536	
10.74352	314.567466	314.586871	283.849671	283.86035	
10.7553	314.651421	314.691591	283.933626	283.947616	
10.7649	314.719263	314.778857	284.001468	284.026156	
10.77511	314.790759	314.866124	284.072964	284.095969	
10.7853	314.861567	314.944664	284.143773	284.165782	
10.79574	314.933449	315.03193	284.215655	284.235595	
10.80557	315.000576	315.11047	284.282781	284.305409	
10.81568	315.068951	315.18901	284.351157	284.366495	
10.8262	315.139438	315.258823	284.421643	284.436308	
10.836	315.204549	315.337363	284.486754	284.497395	
10.84613	315.271313	315.398449	284.553518	284.567208	
10.85767	315.346495	315.476989	284.6287	284.637021	
10.86752	315.410062	315.538075	284.692268	284.698108	
10.87775	315.475509	315.590435	284.757714	284.759194	
10.88787	315.53961	315.651522	284.821815	284.820281	
10.89838	315.605583	315.695155	284.887788	284.881367	
10.90814	315.666258	315.747515	284.948464	284.942454	
10.91826	315.72853	315.799875	285.010735	285.00354	
10.92843	315.790567	315.834781	285.072772	285.064627	
10.93855	315.851628	315.887141	285.133833	285.116987	
10.94872	315.912465	315.922048	285.19467	285.1868	
10.96842	316.02735	315.974408	285.309555	285.247886	
10.97303	316.054236	316.026768	285.336441	285.326426	
10.98315	316.112693	316.061674	285.394898	285.387513	
10.99328	316.17052	316.096581	285.452725	285.439873	
11.00348	316.228202	316.148941	285.510407	285.500959	
11.01361	316.284811	316.183847	285.567016	285.562046	
11.02376	316.340939	316.236207	285.623144	285.614405	
11.03393	316.396603	316.27984	285.678808	285.675492	
11.04409	316.451597	316.323474	285.733802	285.727852	
11.05426	316.506028	316.375834	285.788233	285.780212	
11.06446	316.560056	316.43692	285.842261	285.832572	
11.08374	316.659315	316.550366	285.941521	285.928565	
11.08833	316.683016	316.56782	285.965221	285.954745	
11.09841	316.734349	316.637633	286.016554	286.007105	
11.10865	316.785857	316.698719	286.068063	286.059464	
11.11869	316.835762	316.759806	286.117967	286.111824	
11.12888	316.885795	316.829619	286.168	286.164184	
11.13908	316.935288	316.890706	286.217493	286.216544	
11.15713	317.02053	317.004152	286.302735	286.30381	
11.1646	317.055702	317.039059	286.337907	286.32999	
11.17187	317.08958	317.100145	286.371785	286.373624	
11.18201	317.136224	317.161232	286.418429	286.43471	
11.19215	317.182257	317.231045	286.464463	286.478343	
11.20229	317.227655	317.283405	286.50986	286.530703	
11.21251	317.272826	317.344491	286.555031	286.583063	
11.22261	317.316844	317.396851	286.599049	286.626696	
11.23279	317.360604	317.449211	286.642809	286.67033	
11.24302	317.404001	317.492844	286.686206	286.713963	
11.25307	317.446001	317.545204	286.728206	286.757596	
11.26563	317.498338	317.580111	286.780543	286.801229	
11.27348	317.529414	317.623744	286.811619	286.844863	
11.28357	317.569776	317.658651	286.851981	286.879769	
11.29371	317.609765	317.68483	286.89197	286.923402	
11.30383	317.649041	317.719737	286.931246	286.958309	
11.31401	317.687995	317.745917	286.9702	287.001942	
11.32432	317.726774	317.772097	287.008979	287.036849	
11.33434	317.763873	317.78955	287.046078	287.071755	
11.3445	317.800923	317.81573	287.083128	287.106662	
11.35462	317.837198	317.84191	287.119403	287.132842	
11.36821	317.884764	317.859363	287.166969	287.167748	
11.37495	317.908168	317.876817	287.190373	287.202655	
11.38511	317.942784	317.89427	287.224989	287.228835	
11.39531	317.976926	317.911723	287.259131	287.263742	
11.40541	318.010145	317.929177	287.29235	287.289922	
11.41568	318.043568	317.955356	287.325774	287.316101	
11.42574	318.075228	317.981536	287.357433	287.351008	
11.43585	318.106681	318.007716	287.388886	287.385915	
11.44598	318.137629	318.033896	287.419834	287.412095	
11.45618	318.168178	318.068803	287.450384	287.438275	
11.46626	318.19778	318.103709	287.479985	287.473181	
11.47679	318.228043	318.138616	287.510248	287.499361	
11.48686	318.256385	318.173523	287.53859	287.525541	
11.497	318.284369	318.217156	287.566574	287.560448	
11.50721	318.311896	318.252062	287.594101	287.586627	
11.51733	318.338638	318.295696	287.620843	287.612807	
11.52747	318.364823	318.330602	287.647028	287.647714	
11.53764	318.390476	318.374236	287.672682	287.673894	
11.55566	318.433662	318.417869	287.715867	287.700074	
11.56038	318.445026	318.461502	287.727231	287.73498	
11.57054	318.468757	318.505135	287.750962	287.769887	
11.58077	318.492031	318.540042	287.774236	287.796067	
11.59088	318.514437	318.574948	287.796642	287.822247	
11.60102	318.536348	318.609855	287.818553	287.848427	
11.61119	318.557721	318.636035	287.839926	287.874607	
11.6213	318.578387	318.662215	287.860592	287.89206	
11.63148	318.5986	318.688395	287.880805	287.909513	
11.64166	318.618239	318.714575	287.900444	287.935693	
11.65181	318.637233	318.732028	287.919438	287.953147	
11.66194	318.655614	318.749481	287.937819	287.9706	
11.6721	318.673444	318.758208	287.955649	287.988053	
11.68234	318.690856	318.766935	287.973061	288.005507	
11.69251	318.707533	318.766935	287.989738	288.014233	
11.70261	318.723545	318.766935	288.00575	288.031686	
11.71274	318.739025	318.766935	288.02123	288.040413	
11.72301	318.754127	318.766935	288.036332	288.04914	
11.73309	318.768387	318.766935	288.050592	288.04914	
11.74323	318.782163	318.766935	288.064368	288.057866	
11.75338	318.795389	318.766935	288.077595	288.066593	
11.76352	318.80803	318.766935	288.090235	288.066593	
11.77371	318.820165	318.766935	288.10237	288.066593	
11.78394	318.831791	318.766935	288.113997	288.066593	
11.79406	318.842711	318.766935	288.124916	288.066593	
11.80422	318.853128	318.766935	288.135333	288.066593	
11.81434	318.862957	318.766935	288.145162	288.066593	
11.82445	318.87225	318.766935	288.154455	288.07532	
11.83469	318.881057	318.775661	288.163262	288.07532	
11.84548	318.88973	318.784388	288.171935	288.084046	
11.85559	318.897348	318.801841	288.179554	288.084046	
11.86574	318.904462	318.810568	288.186667	288.084046	
11.87589	318.911052	318.828021	288.193257	288.1015	
11.88614	318.917338	318.836748	288.199543	288.110226	
11.89629	318.922718	318.862928	288.204923	288.118953	
11.9065	318.927787	318.880381	288.209992	288.136406	
11.91663	318.932334	318.897834	288.214539	288.15386	
11.92697	318.936465	318.915288	288.218671	288.171313	
11.93685	318.939981	318.941468	288.222186	288.188766	
11.94707	318.943147	318.958921	288.225352	288.206219	
11.95714	318.945842	318.976374	288.228047	288.223673	
11.96727	318.948137	318.993827	288.230343	288.232399	
11.97744	318.950047	319.002554	288.232252	288.249853	
11.98826	318.955974	319.011281	288.23818	288.258579	
11.99843	318.955974	319.020007	288.23818	288.267306	
12.00857	318.955974	319.028734	288.23818	288.267306	
12.01868	318.955974	319.028734	288.23818	288.267306	
12.02886	318.955974	319.037461	288.23818	288.267306	
12.039	318.955974	319.037461	288.23818	288.258579	
12.04914	318.955974	319.028734	288.23818	288.258579	
12.05935	318.955974	319.028734	288.23818	288.258579	
12.0695	318.955974	319.028734	288.23818	288.258579	
12.07992	318.955974	319.020007	288.23818	288.258579	
12.0911	318.955974	319.011281	288.23818	288.258579	
12.10118	318.955974	319.011281	288.23818	288.258579	
12.1113	318.955974	319.002554	288.23818	288.258579	
12.12143	318.955974	318.993827	288.23818	288.258579	
12.13165	318.955974	318.985101	288.23818	288.258579	
12.14177	318.955974	318.976374	288.23818	288.258579	
12.15193	318.955974	318.967647	288.23818	288.258579	
12.16208	318.955974	318.958921	288.23818	288.258579	
12.17222	318.955974	318.958921	288.23818	288.258579	
12.1824	318.955974	318.950194	288.23818	288.258579	
12.19295	318.955974	318.941468	288.23818	288.258579	
12.20318	318.955974	318.941468	288.23818	288.258579	
12.21325	318.955974	318.932741	288.23818	288.258579	
12.22339	318.955974	318.932741	288.23818	288.249853	
12.23354	318.955974	318.932741	288.23818	288.249853	
12.24372	318.955974	318.932741	288.23818	288.249853	
12.25385	318.955974	318.941468	288.23818	288.249853	
12.26398	318.955974	318.941468	288.23818	288.249853	
12.27415	318.955974	318.950194	288.23818	288.249853	
12.28427	318.955974	318.958921	288.23818	288.249853	
12.29447	318.955974	318.958921	288.23818	288.249853	
12.30461	318.955974	318.958921	288.23818	288.249853	
12.31476	318.955974	318.958921	288.23818	288.249853	
12.32505	318.955974	318.958921	288.23818	288.249853	
12.33509	318.955974	318.958921	288.23818	288.249853	
12.34521	318.955974	318.958921	288.23818	288.249853	
12.35542	318.955974	318.967647	288.23818	288.249853	
12.36547	318.955974	318.967647	288.23818	288.249853	
12.37563	318.955974	318.967647	288.23818	288.249853	
12.38585	318.955974	318.967647	288.23818	288.249853	
12.39594	318.955974	318.967647	288.23818	288.249853	
12.40612	318.955974	318.967647	288.23818	288.249853	
12.41622	318.955974	318.967647	288.23818	288.249853	
12.42645	318.955974	318.967647	288.23818	288.249853	
12.43665	318.955974	318.967647	288.23818	288.249853	
12.44672	318.955974	318.967647	288.23818	288.249853	
12.45685	318.955974	318.967647	288.23818	288.249853	
12.4671	318.955974	318.967647	288.23818	288.249853	
12.47715	318.955974	318.967647	288.23818	288.249853	
12.48731	318.955974	318.967647	288.23818	288.249853	
12.49758	318.955974	318.967647	288.23818	288.249853	
12.50761	318.955974	318.967647	288.23818	288.249853	
12.51783	318.955974	318.967647	288.23818	288.249853	
12.52794	318.955974	318.967647	288.23818	288.249853	
12.53806	318.955974	318.967647	288.23818	288.249853	
12.54819	318.955974	318.967647	288.23818	288.249853	
12.55834	318.955974	318.967647	288.23818	288.249853	
12.56852	318.955974	318.967647	288.23818	288.249853	
12.57863	318.955974	318.967647	288.23818	288.249853	
12.58877	318.955974	318.967647	288.23818	288.249853	
12.59893	318.955974	318.967647	288.23818	288.249853	
12.60907	318.955974	318.967647	288.23818	288.249853	
12.62813	318.955974	318.967647	288.23818	288.249853	
12.63274	318.955974	318.967647	288.23818	288.249853	
12.64288	318.955974	318.967647	288.23818	288.249853	
12.65303	318.955974	318.967647	288.23818	288.249853	
12.66318	318.955974	318.967647	288.23818	288.249853	
12.67333	318.955974	318.967647	288.23818	288.249853	
12.68352	318.955974	318.967647	288.23818	288.249853	
12.69364	318.955974	318.967647	288.23818	288.249853	
12.7038	318.955974	318.967647	288.23818	288.249853	
12.71401	318.955974	318.967647	288.23818	288.249853	
12.72413	318.955974	318.967647	288.23818	288.249853	
12.73429	318.955974	318.967647	288.23818	288.249853	
12.74442	318.955974	318.967647	288.23818	288.249853	
12.7546	318.955974	318.967647	288.23818	288.249853	
12.76476	318.955974	318.967647	288.23818	288.249853	
12.77491	318.955974	318.967647	288.23818	288.249853	
12.78507	318.955974	318.967647	288.23818	288.249853	
12.79536	318.955974	318.967647	288.23818	288.249853	
12.80545	318.955974	318.967647	288.23818	288.249853	
12.81561	318.955974	318.967647	288.23818	288.249853	
12.82578	318.955974	318.967647	288.23818	288.249853	
12.83591	318.955974	318.967647	288.23818	288.249853	
12.84672	318.955974	318.967647	288.23818	288.249853	
12.85706	318.955974	318.967647	288.23818	288.249853	
12.86701	318.955974	318.967647	288.23818	288.249853	
12.87713	318.955974	318.967647	288.23818	288.249853	
12.88725	318.955974	318.967647	288.23818	288.249853	
12.89741	318.955974	318.967647	288.23818	288.249853	
12.90756	318.955974	318.967647	288.23818	288.249853	
12.91792	318.955974	318.967647	288.23818	288.249853	
12.92792	318.955974	318.967647	288.23818	288.249853	
12.93801	318.955974	318.967647	288.23818	288.249853	
12.94845	318.955974	318.967647	288.23818	288.249853	
12.95829	318.955974	318.967647	288.23818	288.249853	
12.96843	318.955974	318.967647	288.23818	288.249853	
12.97859	318.955974	318.967647	288.23818	288.249853	
12.98876	318.955974	318.967647	288.23818	288.249853	
12.99891	318.955974	318.967647	288.23818	288.249853	
13.00906	318.955974	318.967647	288.23818	288.249853	
13.01931	318.955974	318.967647	288.23818	288.249853	
13.02941	318.955974	318.967647	288.23818	288.249853	
13.0396	318.955974	318.967647	288.23818	288.249853	
13.05004	318.955974	318.967647	288.23818	288.249853	
13.05993	318.955974	318.967647	288.23818	288.249853	
13.08048	318.955974	318.967647	288.23818	288.249853	
13.08512	318.955974	318.967647	288.23818	288.249853	
13.09529	318.955974	318.967647	288.23818	288.249853	
13.10545	318.955974	318.967647	288.23818	288.249853	
13.11568	318.955974	318.967647	288.23818	288.249853	
13.12578	318.955974	318.967647	288.23818	288.249853	
13.13596	318.955974	318.967647	288.23818	288.249853	
13.14604	318.955974	318.967647	288.23818	288.249853	
13.1563	318.955974	318.967647	288.23818	288.249853	
13.16647	318.955974	318.967647	288.23818	288.249853	
13.17659	318.955974	318.967647	288.23818	288.249853	
13.18677	318.955974	318.967647	288.23818	288.249853	
13.19685	318.955974	318.967647	288.23818	288.249853	
13.20698	318.955974	318.967647	288.23818	288.249853	
13.2171	318.955974	318.967647	288.23818	288.249853	
13.22734	318.955974	318.967647	288.23818	288.249853	
13.23742	318.955974	318.967647	288.23818	288.249853	
13.24757	318.955974	318.967647	288.23818	288.249853	
13.25782	318.955974	318.967647	288.23818	288.249853	
13.26792	318.955974	318.967647	288.23818	288.249853	
13.27803	318.955974	318.967647	288.23818	288.249853	
13.28817	318.955974	318.967647	288.23818	288.249853	
13.29829	318.955974	318.967647	288.23818	288.249853	
13.30843	318.955974	318.967647	288.23818	288.249853	
13.31857	318.955974	318.967647	288.23818	288.249853	
13.32891	318.955974	318.967647	288.23818	288.249853	
13.33893	318.955974	318.967647	288.23818	288.249853	
13.34904	318.955974	318.967647	288.23818	288.249853	
13.35924	318.955974	318.967647	288.23818	288.249853	
13.3696	318.955974	318.967647	288.23818	288.249853	
13.37958	318.955974	318.967647	288.23818	288.249853	
13.38969	318.955974	318.967647	288.23818	288.249853	
13.39987	318.955974	318.967647	288.23818	288.249853	
13.41002	318.955974	318.967647	288.23818	288.249853	
13.42017	318.955974	318.967647	288.23818	288.249853	
13.43032	318.955974	318.967647	288.23818	288.249853	
13.44046	318.955974	318.967647	288.23818	288.249853	
13.45065	318.955974	318.967647	288.23818	288.249853	
13.4608	318.955974	318.967647	288.23818	288.249853	
13.47096	318.955974	318.967647	288.23818	288.249853	
13.48111	318.955974	318.967647	288.23818	288.249853	
13.49132	318.955974	318.967647	288.23818	288.258579	
13.50145	318.955974	318.967647	288.23818	288.258579	
13.51159	318.955974	318.967647	288.23818	288.258579	
13.52178	318.955974	318.967647	288.23818	288.258579	
13.53192	318.955974	318.967647	288.23818	288.258579	
13.5421	318.955974	318.967647	288.23818	288.258579	
13.55223	318.955974	318.967647	288.23818	288.258579	
13.56243	318.955974	318.967647	288.23818	288.258579	
13.58052	318.955974	318.967647	288.23818	288.258579	
13.58504	318.955974	318.967647	288.23818	288.258579	
13.59529	318.955974	318.967647	288.23818	288.258579	
13.60535	318.955974	318.967647	288.23818	288.258579	
13.61549	318.955974	318.967647	288.23818	288.258579	
13.62562	318.955974	318.967647	288.23818	288.258579	
13.63578	318.955974	318.967647	288.23818	288.258579	
13.64594	318.955974	318.967647	288.23818	288.258579	
13.65608	318.955974	318.967647	288.23818	288.258579	
13.66621	318.955974	318.967647	288.23818	288.258579	
13.6764	318.955974	318.967647	288.23818	288.258579	
13.68651	318.955974	318.967647	288.23818	288.258579	
13.69666	318.955974	318.967647	288.23818	288.258579	
13.70679	318.955974	318.967647	288.23818	288.258579	
13.71694	318.955974	318.967647	288.23818	288.258579	
13.72708	318.955974	318.967647	288.23818	288.258579	
13.73721	318.955974	318.967647	288.23818	288.258579	
13.74754	318.955974	318.967647	288.23818	288.258579	
13.75755	318.955974	318.967647	288.23818	288.258579	
13.76775	318.955974	318.967647	288.23818	288.258579	
13.77791	318.955974	318.967647	288.23818	288.258579	
13.78799	318.955974	318.967647	288.23818	288.258579	
13.79812	318.955974	318.967647	288.23818	288.258579	
13.80825	318.955974	318.967647	288.23818	288.258579	
13.81841	318.955974	318.967647	288.23818	288.258579	
13.8286	318.955974	318.967647	288.23818	288.258579	
13.83872	318.955974	318.967647	288.23818	288.258579	
13.84889	318.955974	318.967647	288.23818	288.258579	
13.85908	318.955974	318.967647	288.23818	288.258579	
13.87707	318.955974	318.967647	288.23818	288.258579	
13.88159	318.955974	318.967647	288.23818	288.258579	
13.89172	318.955974	318.967647	288.23818	288.258579	
13.90192	318.955974	318.967647	288.23818	288.258579	
13.91206	318.955974	318.967647	288.23818	288.258579	
13.92222	318.955974	318.967647	288.23818	288.258579	
13.93238	318.955974	318.967647	288.23818	288.258579	
13.94249	318.955974	318.967647	288.23818	288.258579	
13.95269	318.955974	318.967647	288.23818	288.258579	
13.96285	318.955974	318.967647	288.23818	288.258579	
13.97298	318.955974	318.967647	288.23818	288.258579	
13.98313	318.955974	318.967647	288.23818	288.258579	
13.99327	318.955974	318.967647	288.23818	288.258579	
14.00348	318.955974	318.967647	288.23818	288.258579	
14.01357	318.955974	318.967647	288.23818	288.258579	
14.02372	318.955974	318.967647	288.23818	288.258579	
14.03392	318.955974	318.967647	288.23818	288.258579	
14.04404	318.955974	318.967647	288.23818	288.258579	
14.0542	318.955974	318.967647	288.23818	288.258579	
14.06454	318.955974	318.967647	288.23818	288.258579	
14.07452	318.955974	318.967647	288.23818	288.258579	
14.08474	318.955974	318.967647	288.23818	288.258579	
14.0948	318.955974	318.967647	288.23818	288.258579	
14.10497	318.955974	318.967647	288.23818	288.258579	
14.11515	318.955974	318.967647	288.23818	288.258579	
14.12521	318.955974	318.967647	288.23818	288.258579	
14.13541	318.955974	318.967647	288.23818	288.258579	
14.14554	318.955974	318.967647	288.23818	288.258579	
14.15572	318.955974	318.967647	288.23818	288.258579	
14.16584	318.955974	318.967647	288.23818	288.258579	
14.17604	318.955974	318.967647	288.23818	288.258579	
14.18618	318.955974	318.967647	288.23818	288.258579	
14.20978	318.955974	318.967647	288.23818	288.258579	
