14.15849	
14.16306	
14.17322	
14.1835	
14.19353	
14.20367	
14.21382	
14.22398	
14.2341	
14.2443	
14.25444	
14.2646	
14.27477	
14.28491	
14.29503	
14.30587	
14.31597	
14.32613	
14.33625	
14.34639	
14.35656	
14.36672	
14.37701	
14.38701	
14.39715	
14.40734	
14.41746	
14.42759	
14.43774	
14.44797	
14.45811	
14.4682	
14.4784	
14.4885	
14.49862	
14.50873	
14.51889	
14.52908	
14.5392	
14.54932	
14.56741	
14.57175	
14.58191	
14.59209	
14.60223	
14.61238	
14.62253	
14.6327	
14.64282	
14.653	
14.66315	
14.67329	
14.68364	
14.69362	
14.70403	
14.7139	
14.72405	
14.7342	
14.74436	
14.75451	
14.76461	
14.7748	
14.78502	
14.79511	
14.80526	
14.81545	
14.82556	
14.83571	
14.84585	
14.85601	
14.86614	
14.87629	
14.88646	
14.89657	
14.90676	
14.91687	
14.92704	
14.93719	
14.94732	
14.95747	
14.96769	
14.97777	
14.98791	
14.99813	
15.00823	
15.0184	
15.02851	
15.03865	
15.04878	
15.05895	
15.06912	
15.07925	
15.0894	
15.09958	
15.10971	
15.11991	
15.12998	
15.14021	
15.15175	
15.16053	
15.17067	
15.181	
15.19101	
15.2012	
15.21133	
15.2215	
15.23172	
15.24179	
15.25196	
15.26211	
15.27226	
15.2824	
15.29255	
15.30334	
15.31284	
15.32298	
15.33311	
15.34325	
15.35339	
15.36354	
15.3737	
15.38393	
15.39403	
15.40417	
15.41453	
15.4245	
15.43464	
15.44478	
15.45494	
15.4652	
15.47528	
15.48542	
15.49566	
15.50573	
15.51582	
15.52605	
15.53617	
15.54629	
15.55644	
15.56658	
15.57673	
15.58686	
15.59705	
15.60715	
15.61729	
15.62744	
15.6376	
15.64778	
15.65789	
15.67589	
15.68021	
15.69041	
15.70066	
15.71077	
15.72088	
15.73102	
15.74121	
15.75137	
15.76146	
15.77166	
15.78178	
15.792	
15.80216	
15.81224	
15.82243	
15.83314	
15.84322	
15.85337	
15.86353	
15.87363	
15.88382	
15.89396	
15.90413	
15.91426	
15.92439	
15.93458	
15.94493	
15.95483	
15.97396	
15.97838	
15.98848	
15.99862	
16.00873	
16.01891	
16.03394	518.949508	518.947473	488.179354	488.177318	
16.03944	518.950276	518.947473	488.180122	488.177318	
16.04957	518.952447	518.947473	488.182293	488.177318	
16.06732	518.958548	518.947473	488.188393	488.177318	
16.07185	518.960048	518.947473	488.189894	488.177318	
16.08201	518.964205	518.9562	488.19405	488.177318	
16.09216	518.968978	518.9562	488.198823	488.186045	
16.10235	518.974388	518.9562	488.204233	488.186045	
16.11245	518.980361	518.9562	488.210206	488.186045	
16.12259	518.986977	518.964926	488.216823	488.186045	
16.13535	518.996387	518.973653	488.226232	488.194772	
16.14292	519.002189	518.973653	488.232035	488.194772	
16.1543	519.011829	518.98238	488.241674	488.203498	
16.16326	519.019816	518.98238	488.249662	488.212225	
16.17338	519.029513	518.991106	488.259358	488.220952	
16.18368	519.040009	518.991106	488.269854	488.238405	
16.19372	519.050844	518.991106	488.28069	488.247132	
16.20388	519.06243	518.991106	488.292275	488.264585	
16.21403	519.07463	518.991106	488.304475	488.273312	
16.22418	519.087436	518.991106	488.317282	488.290765	
16.23435	519.100886	518.999833	488.330731	488.308218	
16.24457	519.115044	519.00856	488.34489	488.316945	
16.25474	519.129744	519.017286	488.359589	488.334398	
16.26486	519.144977	519.026013	488.374823	488.343125	
16.27504	519.160944	519.043466	488.39079	488.360578	
16.28515	519.177398	519.069646	488.407243	488.378031	
16.29543	519.194762	519.095826	488.424608	488.395485	
16.30614	519.213586	519.122006	488.443431	488.412938	
16.31561	519.230692	519.156913	488.460537	488.430391	
16.32571	519.24959	519.183093	488.479435	488.447844	
16.33604	519.269586	519.226726	488.499431	488.465298	
16.34612	519.289677	519.261632	488.519522	488.482751	
16.35628	519.310553	519.305266	488.540398	488.500204	
16.36649	519.332161	519.340172	488.562006	488.526384	
16.37657	519.354091	519.375079	488.583936	488.552564	
16.38714	519.377787	519.409985	488.607632	488.578744	
16.39688	519.400132	519.453619	488.629977	488.596197	
16.40702	519.424055	519.488525	488.6539	488.622377	
16.41725	519.448832	519.532158	488.678677	488.657284	
16.42728	519.473704	519.567065	488.703549	488.683464	
16.43746	519.499599	519.593245	488.729444	488.709644	
16.44772	519.526302	519.619425	488.756147	488.735824	
16.45781	519.553178	519.654331	488.783024	488.762004	
16.46801	519.580978	519.680511	488.810824	488.79691	
16.47813	519.609178	519.706691	488.839024	488.831817	
16.48862	519.639061	519.724145	488.868906	488.857997	
16.49838	519.667407	519.741598	488.897252	488.884177	
16.50848	519.697399	519.759051	488.927244	488.919083	
16.51867	519.728244	519.776505	488.958089	488.945263	
16.52878	519.759495	519.793958	488.98934	488.971443	
16.53897	519.791613	519.811411	489.021458	488.997623	
16.55022	519.827876	519.828864	489.057722	489.03253	
16.56036	519.8611	519.846318	489.090946	489.05871	
16.5705	519.894988	519.863771	489.124834	489.08489	
16.58061	519.929337	519.881224	489.159182	489.11107	
16.5908	519.964614	519.898678	489.194459	489.145976	
16.60096	520.000427	519.933584	489.230272	489.180883	
16.61111	520.036797	519.951037	489.266643	489.215789	
16.62131	520.073958	519.985944	489.303803	489.250696	
16.6314	520.111351	520.020851	489.341197	489.285603	
16.64159	520.149749	520.055757	489.379594	489.320509	
16.65284	520.192939	520.108117	489.422784	489.372869	
16.66302	520.232585	520.15175	489.46243	489.416502	
16.68118	520.305715	520.239017	489.53556	489.495042	
16.68589	520.324635	520.265197	489.55448	489.512495	
16.696	520.36601	520.317557	489.595855	489.556129	
16.70603	520.407675	520.369916	489.637521	489.599762	
16.71618	520.45041	520.431003	489.680255	489.652122	
16.72634	520.493892	520.49209	489.723738	489.704482	
16.73645	520.537703	520.544449	489.767549	489.756841	
16.74656	520.582172	520.605536	489.812017	489.809201	
16.7568	520.627809	520.666622	489.857655	489.852835	
16.76696	520.673711	520.718982	489.903557	489.905194	
16.77713	520.720284	520.780069	489.950129	489.948828	
16.78725	520.767235	520.841155	489.997081	490.001187	
16.7974	520.814979	520.893515	490.044824	490.044821	
16.80755	520.863321	520.945875	490.093166	490.088454	
16.81768	520.912139	520.998235	490.141985	490.140814	
16.82783	520.961716	521.050595	490.191562	490.184447	
16.83802	521.012139	521.102955	490.241984	490.22808	
16.84858	521.065041	521.146588	490.294887	490.271714	
16.85877	521.116702	521.190221	490.346548	490.324073	
16.86896	521.168981	521.242581	490.398826	490.367707	
16.87909	521.221566	521.286214	490.451411	490.41134	
16.8893	521.275188	521.329848	490.505033	490.4637	
16.90772	521.374443	521.399661	490.604288	490.559693	
16.91226	521.398861	521.417114	490.628707	490.577146	
16.92242	521.454216	521.452021	490.684061	490.638233	
16.93257	521.510162	521.50438	490.740007	490.690593	
16.9427	521.566651	521.539287	490.796497	490.751679	
16.95288	521.624021	521.58292	490.853866	490.804039	
16.96309	521.682146	521.626554	490.911991	490.865125	
16.97331	521.741024	521.678913	490.970869	490.926212	
16.98343	521.799862	521.731273	491.029707	490.996025	
16.99359	521.859571	521.783633	491.089416	491.057112	
17.00369	521.91956	521.835993	491.149406	491.118198	
17.01385	521.980552	521.89708	491.210397	491.179285	
17.02406	522.042404	521.958166	491.272249	491.240371	
17.03415	522.104197	522.027979	491.334042	491.310184	
17.04431	522.167009	522.097792	491.396854	491.379998	
17.05448	522.230478	522.167606	491.460324	491.441084	
17.06469	522.294894	522.246145	491.524739	491.510897	
17.07484	522.359503	522.324685	491.589348	491.571984	
17.08497	522.424626	522.403225	491.654471	491.641797	
17.09536	522.49201	522.481765	491.721855	491.702884	
17.10532	522.557211	522.560305	491.787057	491.772697	
17.11546	522.624602	522.638845	491.854448	491.84251	
17.12561	522.692001	522.726111	491.921847	491.903596	
17.13581	522.760655	522.804651	491.9905	491.97341	
17.14602	522.830021	522.883191	492.059867	492.043223	
17.16675	522.974094	523.048997	492.203939	492.182849	
17.17128	523.005477	523.09263	492.235322	492.209029	
17.18149	523.076967	523.162443	492.306812	492.278842	
17.19172	523.149297	523.240983	492.379142	492.348655	
17.20179	523.221056	523.319523	492.450902	492.418469	
17.21214	523.295536	523.389336	492.525381	492.497008	
17.22214	523.367964	523.459149	492.59781	492.566821	
17.23231	523.442339	523.528962	492.672184	492.636635	
17.24246	523.517102	523.590049	492.746948	492.715174	
17.25258	523.592318	523.651135	492.822163	492.793714	
17.26523	523.687493	523.712222	492.917338	492.863527	
17.27296	523.74579	523.773309	492.975635	492.942067	
17.28311	523.823058	523.834395	493.052903	493.020607	
17.29328	523.901386	523.895482	493.131232	493.099147	
17.30342	523.979604	523.956568	493.209449	493.186413	
17.31359	524.058916	524.017655	493.288761	493.264953	
17.32371	524.138411	524.078741	493.368256	493.334766	
17.33383	524.21864	524.148554	493.448485	493.422033	
17.34399	524.299638	524.218367	493.529483	493.500573	
17.3541	524.381018	524.288181	493.610864	493.579112	
17.36429	524.463587	524.36672	493.693432	493.657652	
17.37454	524.547257	524.436534	493.777102	493.736192	
17.38468	524.630659	524.5238	493.860504	493.823459	
17.3948	524.714536	524.611067	493.944381	493.901998	
17.40496	524.799281	524.698333	494.029126	493.989265	
17.41529	524.886242	524.785599	494.116087	494.067805	
17.42552	524.972843	524.881593	494.202688	494.163798	
17.43556	525.05851	524.977586	494.288356	494.251064	
17.44571	525.145677	525.073579	494.375523	494.347057	
17.45594	525.23417	525.169572	494.464015	494.434324	
17.46601	525.321908	525.274292	494.551753	494.52159	
17.47623	525.41162	525.379011	494.641465	494.617583	
17.48641	525.501593	525.475005	494.731438	494.713576	
17.49652	525.591478	525.579724	494.821323	494.80957	
17.5067	525.682663	525.684444	494.912508	494.905563	
17.51714	525.776903	525.780437	495.006748	495.001556	
17.52699	525.866286	525.885157	495.096131	495.088822	
17.53712	525.958815	525.989877	495.18866	495.184815	
17.54726	526.052127	526.094596	495.281972	495.272082	
17.55741	526.146177	526.199316	495.376023	495.359348	
17.56756	526.24079	526.295309	495.470636	495.455341	
17.57774	526.336362	526.391302	495.566207	495.542608	
17.58792	526.432433	526.496022	495.662278	495.638601	
17.59809	526.529114	526.600742	495.758959	495.725867	
17.60821	526.625943	526.696735	495.855788	495.813134	
17.6187	526.727003	526.792728	495.956849	495.917854	
17.62847	526.821603	526.879995	496.051449	496.00512	
17.63865	526.920799	526.975988	496.150644	496.101113	
17.64877	527.020072	527.071981	496.249917	496.197106	
17.65887	527.119789	527.159247	496.349634	496.301826	
17.66905	527.220941	527.25524	496.450786	496.406546	
17.68062	527.336658	527.35996	496.566504	496.519992	
17.69077	527.438764	527.455953	496.668609	496.624712	
17.7009	527.541293	527.54322	496.771138	496.729432	
17.71102	527.644407	527.647939	496.874252	496.834152	
17.72128	527.749552	527.735206	496.979397	496.938871	
17.73139	527.853655	527.839926	497.0835	497.043591	
17.74153	527.95881	527.935919	497.188655	497.157037	
17.75175	528.065381	528.040639	497.295226	497.270484	
17.76181	528.170802	528.136632	497.400647	497.38393	
17.77199	528.278297	528.241351	497.508142	497.48865	
17.78328	528.398166	528.363524	497.628012	497.610823	
17.7935	528.507255	528.476971	497.7371	497.724269	
17.8036	528.615767	528.590417	497.845612	497.828989	
17.81377	528.725611	528.695137	497.955456	497.933709	
17.82398	528.836558	528.81731	498.066403	498.038429	
17.8341	528.946996	528.930756	498.176841	498.151875	
17.84422	529.05807	529.044203	498.287915	498.256595	
17.85441	529.170604	529.166376	498.400449	498.361315	
17.86453	529.282999	529.288549	498.512844	498.474761	
17.87467	529.396212	529.401995	498.626057	498.588207	
17.88591	529.522581	529.532895	498.752426	498.71038	
17.89613	529.63804	529.655068	498.867885	498.823827	
17.90619	529.752192	529.777241	498.982037	498.937273	
17.91634	529.868043	529.899414	499.097888	499.059446	
17.92651	529.98479	530.012861	499.214635	499.164166	
17.93671	530.102472	530.126307	499.332317	499.286339	
17.94679	530.219375	530.24848	499.44922	499.408512	
17.95831	530.357146	530.361926	499.586991	499.530685	
17.96748	530.461368	530.475373	499.691213	499.652858	
17.97755	530.579907	530.597546	499.809752	499.775031	
17.98851	530.709812	530.719719	499.939657	499.905931	
17.99871	530.831336	530.833165	500.061182	500.028104	
18.0088	530.951953	530.946612	500.181799	500.150277	
18.01892	531.073501	531.068785	500.303347	500.281177	
18.02914	531.196153	531.182231	500.425999	500.394623	
18.03927	531.317737	531.304404	500.547583	500.525523	
18.04954	531.440845	531.417851	500.670691	500.647696	
18.05963	531.562009	531.540024	500.791855	500.769869	
18.06974	531.683329	531.662197	500.913175	500.892042	
18.08014	531.808105	531.78437	501.037951	501.022942	
18.09133	531.942385	531.915269	501.172231	501.153841	
18.10149	532.064329	532.037443	501.294175	501.284741	
18.11161	532.185697	532.168342	501.415543	501.398188	
18.12177	532.307725	532.290515	501.537571	501.529087	
18.1319	532.429261	532.412688	501.659107	501.642534	
18.14212	532.551829	532.534861	501.781675	501.764707	
18.1523	532.674025	532.657034	501.903871	501.88688	
18.16242	532.795489	532.779207	502.025335	502.009053	
18.17258	532.917349	532.910107	502.147195	502.122499	
18.18273	533.039173	533.03228	502.269019	502.244672	
18.19405	533.175061	533.171907	502.404907	502.375572	
18.20418	533.296561	533.302806	502.526407	502.497745	
18.21435	533.418589	533.424979	502.648435	502.619918	
18.2245	533.540401	533.547152	502.770247	502.742091	
18.23461	533.661697	533.669325	502.891543	502.864264	
18.24483	533.784349	533.800225	503.014195	502.986437	
18.25497	533.906113	533.922398	503.135959	503.10861	
18.2651	534.027661	534.053298	503.257507	503.230783	
18.27528	534.149761	534.175471	503.379607	503.352956	
18.28539	534.271141	534.297644	503.500987	503.475129	
18.29672	534.407077	534.43727	503.636923	503.614756	
18.3075	534.536593	534.559443	503.766439	503.736929	
18.31694	534.649717	534.681616	503.879563	503.859102	
18.32707	534.771313	534.803789	504.001159	503.981275	
18.33738	534.894973	534.925962	504.124819	504.112174	
18.34742	535.015489	535.048135	504.245335	504.234348	
18.35755	535.137097	535.179035	504.366943	504.356521	
18.3677	535.258777	535.292482	504.488623	504.478694	
18.37783	535.380349	535.423381	504.610195	504.600867	
18.39774	535.619413	535.545554	504.849259	504.72304	
18.4023	535.674013	535.711361	504.903859	504.888846	
18.41252	535.796713	535.84226	505.026559	505.019746	
18.42273	535.919149	535.964433	505.148995	505.141919	
18.43279	536.039977	536.086606	505.269823	505.272818	
18.44297	536.162077	536.208779	505.391923	505.394991	
18.45339	536.287153	536.322226	505.516999	505.517165	
18.4633	536.406049	536.444399	505.635895	505.630611	
18.47356	536.529145	536.566572	505.758991	505.761511	
18.48361	536.649673	536.680018	505.879519	505.874957	
18.49377	536.771689	536.793465	506.001535	505.99713	
18.50442	536.899525	536.906911	506.129371	506.110576	
18.51409	537.015577	537.020358	506.245423	506.224023	
18.52429	537.137857	537.133804	506.367703	506.346196	
18.53443	537.259561	537.24725	506.489407	506.459642	
18.54457	537.381229	537.360697	506.611075	506.581815	
18.55497	537.506161	537.474143	506.736007	506.695262	
18.56493	537.625621	537.596316	506.855467	506.817435	
18.57508	537.747349	537.701036	506.977195	506.939608	
18.58524	537.869329	537.823209	507.099175	507.053054	
18.59535	537.990589	537.945382	507.220435	507.183954	
18.60564	538.114213	538.058828	507.344059	507.306127	
18.61579	538.235953	538.181001	507.465799	507.437027	
18.62592	538.357429	538.294448	507.587275	507.550473	
18.63603	538.478941	538.416621	507.708787	507.681373	
18.64617	538.600513	538.538794	507.830359	507.803546	
18.6564	538.723261	538.669694	507.953107	507.925719	
18.66652	538.844653	538.791867	508.074499	508.056619	
18.67669	538.966801	538.922766	508.196647	508.170065	
18.68707	539.091289	539.044939	508.321135	508.300965	
18.69722	539.213077	539.175839	508.442923	508.414411	
18.70768	539.338621	539.315466	508.568467	508.554037	
18.71784	539.460529	539.446365	508.690375	508.67621	
18.73598	539.678209	539.577265	508.908055	508.798384	
18.74048	539.732185	539.743071	508.962031	508.946737	
18.75072	539.855101	539.865244	509.084947	509.077636	
18.76079	539.975965	540.004871	509.205811	509.199809	
18.771	540.098497	540.127044	509.328343	509.321982	
18.78114	540.220057	540.26667	509.449903	509.444155	
18.79127	540.341701	540.388843	509.571547	509.566328	
18.80151	540.464569	540.528469	509.694415	509.697228	
18.81168	540.586753	540.650642	509.816599	509.810675	
18.82183	540.708397	540.781542	509.938243	509.941574	
19.4984	546.116784	546.061163	515.346629	515.282282	
19.50463	546.174633	546.078616	515.404478	515.299735	
19.51476	546.268411	546.113523	515.498256	515.325915	
19.52675	546.37899	546.165883	515.608836	515.360822	
19.53509	546.455567	546.235696	515.685412	515.421908	
19.54524	546.54838	546.314236	515.778225	515.491721	
19.55536	546.640681	546.410229	515.870526	515.570261	
19.56574	546.737132	546.514949	515.966977	515.666254	
19.57569	546.825067	546.637122	516.054912	515.779701	
19.58585	546.916628	546.750568	516.146473	515.88442	
19.59599	547.007713	546.881468	516.237559	516.01532	
19.60614	547.098521	547.021094	516.328367	516.14622	
19.6163	547.189149	547.151994	516.418994	516.277119	
19.62807	547.293569	547.300347	516.523414	516.416746	
19.63693	547.371912	547.439973	516.601758	516.556372	
19.64678	547.458596	547.597053	516.688442	516.695998	
19.65689	547.547299	547.754132	516.777144	516.835625	
19.66702	547.635829	547.902485	516.865675	516.966524	
19.67736	547.725898	548.059565	516.955743	517.088697	
19.68731	547.812165	548.207918	517.04201	517.202144	
19.69753	547.900431	548.364998	517.130277	517.31559	
19.70804	547.990797	548.513351	517.220643	517.411583	
19.71812	548.077171	548.64425	517.307016	517.490123	
19.73059	548.183484	548.766423	517.41333	517.559936	
19.73838	548.24965	548.888596	517.479495	517.612296	
19.74859	548.336089	548.975863	517.565934	517.664656	
19.75875	548.421671	549.054403	517.651517	517.708289	
19.76883	548.506312	549.115489	517.736157	517.751923	
19.779	548.591381	549.167849	517.821227	517.786829	
19.78914	548.675719	549.194029	517.905565	517.830462	
19.79929	548.759932	549.211482	517.989777	517.874096	
19.80984	548.84706	549.220209	518.076905	517.926456	
19.8196	548.927332	549.220209	518.157177	517.978815	
19.83005	549.012896	549.211482	518.242741	518.057355	
19.84025	549.096049	549.202756	518.325894	518.144622	
19.85037	549.178139	549.202756	518.407985	518.231888	
19.8605	549.26006	549.194029	518.489906	518.336608	
19.87068	549.341977	549.194029	518.571823	518.450054	
19.88082	549.423328	549.202756	518.653174	518.572227	
19.89096	549.504243	549.220209	518.734089	518.676947	
19.90112	549.584992	549.246389	518.814837	518.79912	
19.91128	549.665391	549.281296	518.895236	518.921293	
19.92147	549.74562	549.333655	518.975465	519.026013	
19.93159	549.825038	549.403469	519.054883	519.139459	
19.94181	549.90483	549.490735	519.134675	519.235452	
19.95198	549.983906	549.586728	519.213751	519.331446	
19.97191	550.137179	549.822348	519.367025	519.479799	
19.97648	550.172389	549.883434	519.402234	519.514705	
19.98669	550.250567	550.014334	519.480412	519.575792	
19.99677	550.327385	550.15396	519.55723	519.636878	
20.00695	550.404583	550.293587	519.634428	519.689238	
20.01722	550.482263	550.433213	519.712109	519.750325	
20.02734	550.558361	550.572839	519.788206	519.793958	
20.04001	550.653028	550.703739	519.882873	519.855044	
20.04752	550.709012	550.843365	519.938857	519.907404	
20.05775	550.784874	550.965538	520.01472	519.968491	
20.06786	550.859466	551.096438	520.089312	520.029577	
20.07803	550.934172	551.209884	520.164018	520.090664	
20.08864	551.011795	551.332057	520.241641	520.160477	
20.09828	551.081962	551.428051	520.311808	520.23029	
20.10841	551.155327	551.524044	520.385172	520.30883	
20.11857	551.228587	551.61131	520.458433	520.38737	
20.12872	551.301477	551.672397	520.531323	520.483363	
20.14124	551.390787	551.733483	520.620632	520.561903	
20.14905	551.446285	551.777116	520.676131	520.657896	
20.15962	551.522058	551.812023	520.751904	520.736436	
20.16951	551.590639	551.84693	520.820485	520.832429	
20.17955	551.660937	551.873109	520.890783	520.910969	
20.19025	551.735508	551.890563	520.965353	520.998235	
20.20021	551.804558	551.908016	521.034403	521.076775	
20.21029	551.874108	551.916743	521.103953	521.155315	
20.22045	551.943832	551.934196	521.173678	521.225128	
20.23058	552.013066	551.951649	521.242911	521.294941	
20.24076	552.082289	551.960376	521.312134	521.364754	
20.25093	552.151054	551.977829	521.3809	521.417114	
20.2611	552.21949	552.004009	521.449335	521.478201	
20.27126	552.287523	552.030189	521.517368	521.53056	
20.2814	552.355021	552.065096	521.584866	521.58292	
20.29158	552.422448	552.117456	521.652293	521.63528	
20.30172	552.48927	552.169815	521.719115	521.678913	
20.31269	552.561192	552.230902	521.791038	521.731273	
20.32199	552.621847	552.309442	521.851692	521.783633	
20.33215	552.687801	552.387982	521.917646	521.835993	
20.34227	552.753116	552.466521	521.982962	521.89708	
20.35257	552.819232	552.571241	522.049078	521.958166	
20.36268	552.883742	552.667234	522.113588	522.027979	
20.37281	552.948071	552.771954	522.177916	522.097792	
20.38296	553.012197	552.8854	522.242042	522.176332	
20.39315	553.076255	552.99012	522.3061	522.254872	
20.40328	553.139547	553.103567	522.369392	522.342139	
20.41343	553.202572	553.217013	522.432417	522.420678	
20.42359	553.265365	553.321733	522.495211	522.507945	
20.43379	553.328054	553.435179	522.557899	522.586485	
20.44394	553.390106	553.539899	522.619951	522.656298	
20.45412	553.451949	553.635892	522.681794	522.734838	
20.46434	553.513687	553.731885	522.743532	522.813377	
20.4744	553.574131	553.819152	522.803976	522.874464	
20.48458	553.634903	553.897691	522.864748	522.93555	
20.49472	553.695142	553.984958	522.924987	523.005364	
20.50489	553.755169	554.054771	522.985014	523.057724	
20.51499	553.814509	554.115858	523.044354	523.110083	
20.52518	553.873967	554.168217	523.103812	523.153717	
20.53533	553.932839	554.211851	523.162684	523.19735	
20.54569	553.993952	554.246757	523.223797	523.240983	
20.55607	554.052107	554.281664	523.281952	523.284616	
20.56622	554.109926	554.299117	523.339772	523.319523	
20.57639	554.167533	554.31657	523.397378	523.35443	
20.58647	554.224271	554.334024	523.454116	523.398063	
20.59681	554.282108	554.351477	523.511953	523.441696	
20.60686	554.338003	554.360204	523.567848	523.494056	
20.61696	554.393787	554.36893	523.623632	523.537689	
20.62708	554.449363	554.386384	523.679209	523.598776	
20.63721	554.504665	554.403837	523.73451	523.651135	
20.6474	554.559931	554.412564	523.789776	523.712222	
20.65875	554.621032	554.438743	523.850878	523.782035	
20.66892	554.675458	554.456197	523.905303	523.843122	
20.67905	554.729345	554.491103	523.95919	523.912935	
20.68936	554.783764	554.52601	524.013609	523.982748	
20.69937	554.836323	554.57837	524.066169	524.052561	
20.71737	554.929453	554.68309	524.159299	524.157281	
20.72201	554.953484	554.70927	524.18333	524.192188	
20.73217	555.005669	554.779083	524.235514	524.253274	
20.74229	555.057314	554.857623	524.287159	524.314361	
20.75251	555.109141	554.927436	524.338986	524.36672	
20.76264	555.160187	555.014702	524.390032	524.427807	
20.77277	555.210812	555.101969	524.440658	524.47144	
20.78302	555.261746	555.189235	524.491592	524.5238	
20.79313	555.311569	555.276502	524.541414	524.57616	
20.80325	555.361136	555.363768	524.590981	524.619793	
20.81345	555.410766	555.442308	524.640612	524.663426	
20.82362	555.459908	555.529574	524.689753	524.70706	
20.83384	555.508924	555.608114	524.738769	524.750693	
20.844	555.557248	555.686654	524.787094	524.785599	
20.85409	555.604979	555.756467	524.834824	524.829233	
20.8644	555.653373	555.82628	524.883218	524.872866	
20.87451	555.700432	555.887367	524.930277	524.907773	
20.88463	555.747207	555.948453	524.977052	524.951406	
20.89482	555.793992	556.000813	525.023838	524.995039	
20.90492	555.840013	556.044446	525.069858	525.038672	
20.91512	555.886142	556.08808	525.115988	525.082305	
20.92526	555.93162	556.122986	525.161465	525.134665	
20.93542	555.976888	556.149166	525.206733	525.178299	
20.94561	556.021931	556.166619	525.251776	525.230658	
20.95591	556.067387	556.184073	525.297233	525.274292	
20.96672	556.114097	556.201526	525.343942	525.335378	
20.97688	556.157888	556.201526	525.387733	525.379011	
20.98701	556.201239	556.218979	525.431085	525.431371	
20.9971	556.24412	556.218979	525.473965	525.475005	
21.00739	556.287415	556.227706	525.517261	525.518638	
21.0174	556.329249	556.236433	525.559095	525.562271	
21.02755	556.371303	556.236433	525.601149	525.605904	
21.03772	556.413247	556.253886	525.643092	525.649537	
21.04783	556.454313	556.271339	525.684158	525.693171	
21.06782	556.534129	556.288792	525.763974	525.728077	
21.07246	556.552702	556.323699	525.782548	525.789164	
21.08258	556.592727	556.358606	525.822572	525.82407	
21.0927	556.632447	556.402239	525.862293	525.867704	
21.10289	556.672108	556.454599	525.901953	525.90261	
21.11303	556.711203	556.506959	525.941048	525.937517	
21.12316	556.749942	556.568045	525.979787	525.972423	
21.13332	556.788408	556.629132	526.018253	526.016057	
21.14351	556.826679	556.698945	526.056525	526.050963	
21.15373	556.864705	556.768758	526.094551	526.094596	
21.16802	556.917097	556.838571	526.146942	526.129503	
21.17403	556.939058	556.917111	526.168904	526.173136	
21.18429	556.976185	556.986924	526.20603	526.208043	
21.19435	557.012245	557.056737	526.24209	526.251676	
21.20449	557.048215	557.126551	526.27806	526.286583	
21.2146	557.083778	557.196364	526.313623	526.321489	
21.2248	557.119294	557.25745	526.349139	526.356396	
21.23495	557.154281	557.318537	526.384126	526.391302	
21.24508	557.18886	557.370897	526.418705	526.426209	
21.25525	557.223252	557.423257	526.453097	526.461116	
21.27513	557.28886	557.510523	526.518705	526.522202	
21.27988	557.304527	557.527976	526.534372	526.539655	
21.28998	557.337487	557.562883	526.567332	526.565835	
21.30019	557.370443	557.589063	526.600288	526.600742	
21.311	557.404992	557.606516	526.634837	526.635648	
21.32054	557.43514	557.623969	526.664986	526.661828	
21.33062	557.466661	557.632696	526.696506	526.688008	
21.34074	557.497988	557.632696	526.727833	526.722915	
21.35097	557.529301	557.632696	526.759147	526.749095	
21.36106	557.559831	557.632696	526.789676	526.775275	
21.37347	557.596855	557.623969	526.8267	526.801455	
21.38146	557.62051	557.615243	526.850355	526.827635	
21.39171	557.650478	557.615243	526.880324	526.853815	
21.40193	557.680006	557.615243	526.909851	526.879995	
21.41203	557.708843	557.623969	526.938689	526.914901	
21.42235	557.737979	557.632696	526.967824	526.941081	
21.43245	557.766135	557.632696	526.99598	526.967261	
21.44254	557.793943	557.650149	527.023788	526.993441	
21.45268	557.821519	557.658876	527.051364	527.019621	
21.46283	557.8488	557.667603	527.078646	527.054528	
21.47297	557.875713	557.693783	527.105558	527.080707	
21.48322	557.902558	557.719962	527.132404	527.106887	
21.49335	557.92875	557.746142	527.158595	527.133067	
21.50348	557.954613	557.781049	527.184459	527.159247	
21.51366	557.980242	557.815956	527.210087	527.194154	
21.5238	558.005445	557.859589	527.235291	527.220334	
21.53395	558.030322	557.903222	527.260167	527.246514	
21.54411	558.054861	557.946855	527.284706	527.28142	
21.55426	558.07907	557.999215	527.308915	527.3076	
21.56438	558.102847	558.051575	527.332693	527.33378	
21.57457	558.126448	558.103935	527.356293	527.35996	
21.5848	558.149825	558.156295	527.379671	527.38614	
21.59495	558.172615	558.199928	527.402461	527.41232	
21.60507	558.195022	558.243561	527.424867	527.4385	
21.61525	558.217233	558.295921	527.447078	527.46468	
21.62533	558.238891	558.330828	527.468736	527.482133	
21.63555	558.260508	558.374461	527.490354	527.508313	
21.64567	558.28162	558.418094	527.511465	527.525766	
21.65585	558.302393	558.453001	527.532239	527.54322	
21.66601	558.322862	558.479181	527.552707	527.5694	
21.6761	558.342859	558.505361	527.572704	527.578126	
21.68635	558.362796	558.522814	527.592641	527.604306	
21.69665	558.382503	558.540267	527.612348	527.613033	
21.70669	558.401378	558.548994	527.631223	527.630486	
21.71686	558.420138	558.557721	527.649983	527.647939	
21.72727	558.438997	558.557721	527.668842	527.656666	
21.73712	558.456524	558.557721	527.68637	527.665393	
21.74726	558.474231	558.557721	527.704076	527.682846	
21.75739	558.491579	558.557721	527.721424	527.682846	
21.76756	558.508668	558.557721	527.738513	527.700299	
21.77781	558.52554	558.548994	527.755385	527.709026	
21.78836	558.542541	558.540267	527.772386	527.717753	
21.79854	558.558609	558.540267	527.788454	527.735206	
21.80871	558.574311	558.531541	527.804157	527.743933	
21.81878	558.589537	558.531541	527.819382	527.752659	
21.82897	558.604615	558.531541	527.834461	527.778839	
21.83914	558.619303	558.531541	527.849148	527.787566	
21.84926	558.633598	558.540267	527.863444	527.813746	
21.85944	558.647657	558.540267	527.877502	527.831199	
21.86956	558.661274	558.548994	527.891119	527.848652	
21.88005	558.67504	558.557721	527.904886	527.866106	
21.8912	558.689259	558.575174	527.919105	527.892286	
21.90135	558.701885	558.592627	527.931731	527.909739	
21.9115	558.714167	558.61008	527.944012	527.927192	
21.92167	558.726148	558.627534	527.955993	527.953372	
21.93181	558.737773	558.644987	527.967618	527.962099	
21.94197	558.749078	558.671167	527.978923	527.979552	
21.95209	558.760012	558.697347	527.989857	527.997005	
21.97138	558.779373	558.749707	528.009219	528.023185	
21.976	558.78405	558.749707	528.013895	528.023185	
21.9861	558.79386	558.784613	528.023705	528.031912	
21.99629	558.803438	558.810793	528.033283	528.040639	
22.00646	558.812659	558.836973	528.042504	528.049365	
22.01665	558.821578	558.854426	528.051423	528.058092	
22.02674	558.83008	558.880606	528.059925	528.066818	
22.03723	558.838577	558.89806	528.068423	528.066818	
22.04706	558.846242	558.915513	528.076087	528.075545	
22.05717	558.853804	558.932966	528.083649	528.084272	
22.06731	558.861068	558.941693	528.090913	528.084272	
22.07744	558.868013	558.95042	528.097859	528.084272	
22.0876	558.874655	558.959146	528.1045	528.084272	
22.09787	558.881047	558.959146	528.110892	528.084272	
22.11584	558.891026	558.95042	528.120872	528.084272	
22.1205	558.893641	558.95042	528.123486	528.084272	
22.13052	558.898887	558.941693	528.128732	528.084272	
22.14071	558.903908	558.941693	528.133753	528.084272	
22.15093	558.90864	558.932966	528.138485	528.084272	
22.16102	558.913012	558.92424	528.142857	528.092998	
22.1712	558.917122	558.92424	528.146968	528.092998	
22.18131	558.920912	558.915513	528.150758	528.101725	
22.19154	558.924448	558.906786	528.154293	528.101725	
22.20176	558.927687	558.906786	528.157533	528.110452	
22.21991	558.932331	558.906786	528.162176	528.127905	
22.22454	558.933549	558.906786	528.163394	528.127905	
22.23457	558.935854	558.915513	528.165699	528.136632	
22.24477	558.937935	558.915513	528.16778	528.136632	
22.25495	558.939761	558.92424	528.169606	528.145358	
22.26505	558.941333	558.92424	528.171178	528.154085	
22.27524	558.942686	558.92424	528.172531	528.154085	
22.28533	558.947473	558.932966	528.177318	528.154085	
22.29752	558.947473	558.941693	528.177318	528.154085	
22.30573	558.947473	558.941693	528.177318	528.154085	
22.31665	558.947473	558.95042	528.177318	528.154085	
22.32674	558.947473	558.959146	528.177318	528.154085	
22.33694	558.947473	558.959146	528.177318	528.154085	
22.34726	558.947473	558.959146	528.177318	528.154085	
22.35712	558.947473	558.95042	528.177318	528.154085	
22.36731	558.947473	558.95042	528.177318	528.154085	
22.37742	558.947473	558.95042	528.177318	528.154085	
22.38756	558.947473	558.95042	528.177318	528.154085	
22.40025	558.947473	558.95042	528.177318	528.154085	
22.40789	558.947473	558.95042	528.177318	528.154085	
22.41844	558.947473	558.95042	528.177318	528.154085	
22.42829	558.947473	558.95042	528.177318	528.154085	
22.43839	558.947473	558.95042	528.177318	528.154085	
22.4489	558.947473	558.95042	528.177318	528.154085	
22.4587	558.947473	558.95042	528.177318	528.154085	
22.4688	558.947473	558.95042	528.177318	528.154085	
22.47901	558.947473	558.95042	528.177318	528.154085	
22.4891	558.947473	558.95042	528.177318	528.154085	
22.49928	558.947473	558.95042	528.177318	528.154085	
22.50952	558.947473	558.95042	528.177318	528.154085	
22.51971	558.947473	558.95042	528.177318	528.154085	
22.52995	558.947473	558.95042	528.177318	528.154085	
22.54	558.947473	558.95042	528.177318	528.154085	
22.5502	558.947473	558.95042	528.177318	528.154085	
22.56042	558.947473	558.95042	528.177318	528.154085	
22.5705	558.947473	558.95042	528.177318	528.154085	
22.58067	558.947473	558.95042	528.177318	528.154085	
22.59078	558.947473	558.95042	528.177318	528.154085	
22.60099	558.947473	558.95042	528.177318	528.154085	
22.61112	558.947473	558.95042	528.177318	528.154085	
22.62133	558.947473	558.95042	528.177318	528.154085	
22.63153	558.947473	558.95042	528.177318	528.154085	
22.64162	558.947473	558.95042	528.177318	528.154085	
22.65184	558.947473	558.95042	528.177318	528.154085	
22.66199	558.947473	558.95042	528.177318	528.154085	
22.67215	558.947473	558.95042	528.177318	528.154085	
22.68228	558.947473	558.95042	528.177318	528.154085	
22.69243	558.947473	558.95042	528.177318	528.154085	
22.70259	558.947473	558.95042	528.177318	528.154085	
22.71284	558.947473	558.95042	528.177318	528.154085	
22.72297	558.947473	558.95042	528.177318	528.154085	
22.73312	558.947473	558.95042	528.177318	528.154085	
22.74329	558.947473	558.95042	528.177318	528.154085	
22.75339	558.947473	558.95042	528.177318	528.154085	
22.76355	558.947473	558.95042	528.177318	528.154085	
22.77372	558.947473	558.95042	528.177318	528.154085	
22.78388	558.947473	558.95042	528.177318	528.154085	
22.7941	558.947473	558.95042	528.177318	528.154085	
22.8042	558.947473	558.95042	528.177318	528.154085	
22.81499	558.947473	558.95042	528.177318	528.154085	
22.82511	558.947473	558.95042	528.177318	528.154085	
22.83528	558.947473	558.95042	528.177318	528.154085	
22.84546	558.947473	558.95042	528.177318	528.154085	
22.85572	558.947473	558.95042	528.177318	528.154085	
22.86586	558.947473	558.95042	528.177318	528.154085	
22.87595	558.947473	558.95042	528.177318	528.154085	
22.8861	558.947473	558.95042	528.177318	528.154085	
22.89626	558.947473	558.95042	528.177318	528.154085	
22.90635	558.947473	558.95042	528.177318	528.154085	
22.91757	558.947473	558.95042	528.177318	528.154085	
22.92779	558.947473	558.95042	528.177318	528.154085	
22.93806	558.947473	558.95042	528.177318	528.154085	
22.94813	558.947473	558.95042	528.177318	528.154085	
22.95862	558.947473	558.95042	528.177318	528.154085	
22.96847	558.947473	558.95042	528.177318	528.154085	
22.97853	558.947473	558.95042	528.177318	528.154085	
22.98867	558.947473	558.95042	528.177318	528.154085	
22.99878	558.947473	558.95042	528.177318	528.154085	
23.00895	558.947473	558.95042	528.177318	528.154085	
23.0204	558.947473	558.95042	528.177318	528.154085	
23.03059	558.947473	558.95042	528.177318	528.154085	
23.04076	558.947473	558.95042	528.177318	528.154085	
23.05086	558.947473	558.95042	528.177318	528.154085	
23.06103	558.947473	558.95042	528.177318	528.154085	
23.07123	558.947473	558.95042	528.177318	528.154085	
23.08136	558.947473	558.95042	528.177318	528.154085	
23.09151	558.947473	558.95042	528.177318	528.154085	
23.10164	558.947473	558.95042	528.177318	528.154085	
23.11182	558.947473	558.95042	528.177318	528.154085	
23.12315	558.947473	558.95042	528.177318	528.154085	
23.13331	558.947473	558.95042	528.177318	528.154085	
23.14345	558.947473	558.95042	528.177318	528.154085	
23.15364	558.947473	558.95042	528.177318	528.154085	
23.16372	558.947473	558.95042	528.177318	528.154085	
23.17396	558.947473	558.95042	528.177318	528.154085	
23.18409	558.947473	558.95042	528.177318	528.154085	
23.19433	558.947473	558.95042	528.177318	528.154085	
23.20439	558.947473	558.95042	528.177318	528.154085	
23.21451	558.947473	558.95042	528.177318	528.154085	
23.22583	558.947473	558.95042	528.177318	528.154085	
23.23597	558.947473	558.95042	528.177318	528.154085	
23.2461	558.947473	558.95042	528.177318	528.154085	
23.25644	558.947473	558.95042	528.177318	528.154085	
23.26636	558.947473	558.95042	528.177318	528.154085	
23.27654	558.947473	558.95042	528.177318	528.154085	
23.28669	558.947473	558.95042	528.177318	528.154085	
23.29688	558.947473	558.95042	528.177318	528.154085	
23.31425	558.947473	558.95042	528.177318	528.154085	
23.32849	558.947473	558.95042	528.177318	528.154085	
23.33386	558.947473	558.95042	528.177318	528.154085	
