15.59142	
15.59889	
15.60899	
15.61911	
15.62927	
15.63942	
15.64958	
15.65984	
15.66987	
15.67998	
15.69017	
15.70032	
15.71048	
15.72063	
15.73076	
15.74093	
15.75115	
15.76126	
15.77142	
15.78156	
15.79168	
15.80184	
15.81212	
15.82225	
15.8323	
15.84241	
15.85254	
15.86267	
15.87283	
15.88296	
15.89312	
15.90324	
15.91337	
15.92365	
15.93374	
15.94387	
15.95398	
15.9641	
15.97432	
15.98462	
15.99453	
16.00468	
16.01483	
16.02499	
16.04314	
16.04751	
16.05764	
16.06779	
16.07796	
16.08809	
16.09823	
16.10835	
16.11859	
16.12871	
16.13884	
16.14904	
16.15916	
16.1693	
16.1794	
16.1896	
16.19981	
16.2099	
16.22002	
16.23029	
16.24034	
16.25043	
16.26061	
16.27079	
16.28093	
16.29114	
16.30129	
16.31143	
16.32156	
16.33173	
16.34187	
16.35201	
16.3621	
16.37231	
16.38246	
16.39256	
16.40269	
16.41286	
16.42297	
16.43312	
16.44329	
16.45344	
16.46364	
16.47375	
16.48426	
16.49401	
16.50414	
16.51428	
16.52438	
16.5346	
16.54481	
16.55485	
16.56501	
16.58299	
16.58735	
16.59753	
16.60766	
16.61781	
16.62795	
16.63815	
16.64829	
16.65841	
16.66876	
16.67874	
16.68888	
16.69903	
16.7092	
16.71932	
16.72948	
16.73974	
16.7498	
16.75992	
16.7701	
16.78023	
16.79045	
16.80053	
16.81063	
16.82086	
16.83097	
16.84115	
16.85126	
16.8614	
16.87157	
16.8817	
16.89187	
16.90195	
16.91213	
16.9223	
16.93248	
16.94262	
16.95294	
16.96288	
16.97302	
16.98325	
16.99328	
17.0034	
17.01362	
17.02376	
17.03384	
17.04401	
17.05414	
17.06426	
17.07444	
17.08457	
17.09476	
17.10483	
17.115	
17.13305	
17.13742	
17.14757	
17.15773	
17.16796	
17.17808	
17.18822	
17.19846	
17.20853	
17.21866	
17.22882	
17.23898	
17.24911	
17.26049	
17.26945	
17.27961	
17.28969	
17.29984	
17.31002	
17.32016	
17.3303	
17.34043	
17.3506	
17.36069	
17.37089	
17.38113	
17.39118	
17.40131	
17.41146	
17.422	
17.4318	
17.44191	
17.45198	
17.46212	
17.4723	
17.48249	
17.49263	
17.50278	
17.51299	
17.52301	
17.53321	
17.54329	
17.55475	
17.5639	
17.57405	
17.58417	
17.59435	
17.60442	
17.61462	
17.62474	
17.63489	
17.64509	
17.65522	
17.66532	
17.67547	
17.68564	
17.69586	
17.70591	
17.71611	
17.72628	
17.73639	
17.74657	
17.75671	
17.76689	
17.77701	
17.78716	
17.79738	
17.80749	
17.81764	
17.82779	
17.83794	
17.8481	
17.85822	
17.86849	678.951484	678.950532	648.024249	648.023298	
17.87865	678.953036	678.950532	648.025802	648.023298	
17.88874	678.955191	678.950532	648.027957	648.023298	
17.89885	678.957962	678.950532	648.030728	648.032025	
17.90912	678.961414	678.950532	648.03418	648.032025	
17.91921	678.965411	678.950532	648.038176	648.032025	
17.92935	678.970045	678.950532	648.042811	648.032025	
17.9395	678.975303	678.959259	648.048069	648.032025	
17.94967	678.981195	678.959259	648.05396	648.032025	
17.9599	678.987753	678.967986	648.060519	648.032025	
17.97067	678.995364	678.967986	648.068129	648.032025	
17.98083	679.003156	678.967986	648.075922	648.032025	
17.99099	679.01156	678.976712	648.084325	648.032025	
18.00113	679.020558	678.985439	648.093324	648.032025	
18.01151	679.030503	678.994166	648.103268	648.040751	
18.02148	679.040494	679.002892	648.11326	648.040751	
18.03161	679.051339	679.011619	648.124104	648.058205	
18.05175	679.075949	679.037799	648.148714	648.093111	
18.05638	679.081502	679.037799	648.154268	648.101838	
18.06913	679.098152	679.055252	648.170918	648.119291	
18.07687	679.108479	679.072705	648.181245	648.145471	
18.08693	679.12257	679.090159	648.195336	648.171651	
18.09703	679.137356	679.107612	648.210121	648.197831	
18.10714	679.152763	679.125065	648.225529	648.215284	
18.11741	679.169045	679.142519	648.24181	648.241464	
18.12751	679.185664	679.168698	648.25843	648.267644	
18.13765	679.202987	679.186152	648.275753	648.285097	
18.14781	679.220937	679.212332	648.293703	648.302551	
18.15794	679.23947	679.238512	648.312235	648.320004	
18.16814	679.258759	679.264692	648.331524	648.337457	
18.17836	679.278693	679.299598	648.351459	648.354911	
18.18854	679.299182	679.317051	648.371948	648.372364	
18.19871	679.320282	679.351958	648.393047	648.389817	
18.20879	679.341776	679.369411	648.414542	648.398544	
18.21899	679.364174	679.404318	648.43694	648.415997	
18.22918	679.387159	679.421771	648.459925	648.424724	
18.23929	679.410596	679.447951	648.483362	648.442177	
18.24943	679.434699	679.474131	648.507464	648.45963	
18.25956	679.45939	679.491584	648.532156	648.48581	
18.26979	679.484964	679.517764	648.557729	648.503264	
18.28007	679.511303	679.543944	648.584069	648.529443	
18.29014	679.537717	679.561398	648.610483	648.56435	
18.30026	679.564865	679.578851	648.637631	648.599257	
18.3105	679.592963	679.596304	648.665728	648.634163	
18.32058	679.621225	679.613757	648.693991	648.66907	
18.33075	679.650384	679.639937	648.72315	648.703976	
18.34094	679.680191	679.657391	648.752957	648.738883	
18.35115	679.71071	679.683571	648.783476	648.77379	
18.36118	679.741265	679.709751	648.81403	648.817423	
18.37152	679.77368	679.73593	648.846446	648.852329	
18.3816	679.805428	679.770837	648.878194	648.887236	
18.39178	679.83829	679.797017	648.911055	648.922143	
18.40188	679.871562	679.831924	648.944327	648.948322	
18.412	679.905605	679.86683	648.978371	648.983229	
18.42215	679.940158	679.910463	649.012923	649.009409	
18.43232	679.975482	679.94537	649.048248	649.035589	
18.4425	680.011481	679.989003	649.084247	649.061769	
18.45261	680.04784	680.032636	649.120605	649.087949	
18.46276	680.084958	680.07627	649.157723	649.122855	
18.47299	680.12304	680.119903	649.195806	649.149035	
18.48432	680.165992	680.172263	649.238758	649.192669	
18.49462	680.205652	680.215896	649.278418	649.227575	
18.50467	680.244909	680.259529	649.317675	649.262482	
18.51476	680.284941	680.294436	649.357707	649.306115	
18.52491	680.325847	680.346796	649.398613	649.349748	
18.5431	680.401627	680.416609	649.474392	649.437015	
18.54766	680.420502	680.434062	649.493268	649.463195	
18.55787	680.463679	680.477695	649.536445	649.515554	
18.57589	680.542302	680.556235	649.615067	649.611548	
18.58291	680.572978	680.573689	649.645744	649.637728	
18.5907	680.607343	680.608595	649.680109	649.690087	
18.60081	680.652713	680.660955	649.725479	649.742447	
18.61088	680.698465	680.695862	649.771231	649.794807	
18.62115	680.745845	680.748221	649.818611	649.83844	
18.63147	680.794369	680.783128	649.867134	649.8908	
18.64136	680.840786	680.835488	649.913552	649.925707	
18.65151	680.889382	680.879121	649.962148	649.96934	
18.66171	680.938897	680.922754	650.011663	650.012973	
18.67183	680.988607	680.975114	650.061373	650.04788	
18.68194	681.038896	681.027474	650.111662	650.091513	
18.69218	681.090424	681.071107	650.163189	650.12642	
18.70235	681.142232	681.123467	650.214998	650.170053	
18.71249	681.19453	681.1671	650.267296	650.213686	
18.72263	681.247403	681.21946	650.320169	650.266046	
18.73291	681.301708	681.27182	650.374474	650.309679	
18.74299	681.355502	681.32418	650.428268	650.370766	
18.75306	681.409862	681.37654	650.482628	650.423126	
18.7632	681.465224	681.4289	650.537989	650.484212	
18.77334	681.521219	681.48126	650.593985	650.554025	
18.78349	681.577917	681.542346	650.650682	650.623839	
18.79375	681.63583	681.603433	650.708595	650.684925	
18.80387	681.693545	681.655793	650.766311	650.754738	
18.81404	681.752163	681.725606	650.824928	650.824551	
18.82416	681.811098	681.786692	650.883864	650.885638	
18.8345	681.871993	681.847779	650.944759	650.955451	
18.84446	681.931246	681.917592	651.004012	651.016538	
18.85462	681.99226	681.987405	651.065026	651.077624	
18.86477	682.053868	682.048492	651.126633	651.138711	
18.87484	682.115627	682.118305	651.188393	651.199797	
18.88524	682.180069	682.179391	651.252834	651.252157	
18.89524	682.242571	682.249205	651.315337	651.313244	
18.90542	682.306877	682.319018	651.379643	651.37433	
18.91556	682.371482	682.388831	651.444248	651.42669	
18.92571	682.436763	682.449917	651.509528	651.487777	
18.93587	682.502818	682.511004	651.575584	651.548863	
18.94605	682.569594	682.580817	651.64236	651.60995	
18.95618	682.636576	682.641904	651.709342	651.671036	
18.96636	682.704606	682.70299	651.777371	651.740849	
18.97645	682.772575	682.772803	651.845341	651.810662	
18.98685	682.843346	682.83389	651.916112	651.880476	
18.99768	682.917789	682.91243	651.990555	651.959015	
19.00786	682.98825	682.973516	652.061016	652.028829	
19.018	683.059162	683.043329	652.131928	652.107368	
19.02817	683.13082	683.104416	652.203586	652.185908	
19.03828	683.202673	683.174229	652.275439	652.264448	
19.04867	683.277297	683.244042	652.350062	652.334261	
19.05859	683.348987	683.322582	652.421752	652.412801	
19.0687	683.422751	683.392395	652.495516	652.491341	
19.07886	683.497471	683.470935	652.570236	652.561154	
19.08939	683.575619	683.540748	652.648384	652.639694	
19.10033	683.657465	683.636741	652.73023	652.718234	
19.11052	683.73435	683.715281	652.807115	652.788047	
19.12065	683.811373	683.793821	652.884138	652.85786	
19.13079	683.889112	683.881087	652.961878	652.9364	
19.14088	683.967038	683.959627	653.039804	653.01494	
19.15117	684.04719	684.046894	653.119956	653.093479	
19.16127	684.126485	684.125434	653.19925	653.172019	
19.1714	684.206616	684.2127	653.279381	653.241832	
19.18156	684.287612	684.29124	653.360378	653.329099	
19.19166	684.368701	684.378506	653.441466	653.407639	
19.20297	684.460364	684.474499	653.533129	653.503632	
19.21317	684.543574	684.561766	653.61634	653.590898	
19.22328	684.626694	684.649032	653.699459	653.669438	
19.23337	684.710259	684.736299	653.783025	653.765431	
19.24373	684.79673	684.814839	653.869496	653.843971	
19.25379	684.881203	684.902105	653.953968	653.939964	
19.26391	684.96688	684.989372	654.039646	654.027231	
19.27405	685.053336	685.076638	654.126102	654.114497	
19.28417	685.140184	685.172631	654.212949	654.201764	
19.29456	685.230084	685.259898	654.302849	654.28903	
19.30574	685.327611	685.355891	654.400377	654.385023	
19.31592	685.416914	685.451884	654.48968	654.47229	
19.32606	685.506544	685.53915	654.57931	654.559556	
19.33623	685.597016	685.626417	654.669781	654.646822	
19.34639	685.688089	685.713683	654.760855	654.734089	
19.3565	685.779273	685.809676	654.852039	654.830082	
19.36678	685.872592	685.896943	654.945358	654.917349	
19.37684	685.96456	685.984209	655.037325	655.013342	
19.38698	686.057924	686.071476	655.13069	655.100608	
19.39719	686.152496	686.167469	655.225261	655.196601	
19.40844	686.257515	686.272189	655.330281	655.301321	
19.41863	686.353221	686.368182	655.425986	655.397314	
19.42873	686.448738	686.455448	655.521504	655.493307	
19.43895	686.544105	686.551441	655.616871	655.5893	
19.449	686.637257	686.647434	655.710023	655.685293	
19.45918	686.731098	686.743427	655.803864	655.781286	
19.46942	686.824788	686.839421	655.897553	655.886006	
19.47951	686.916561	686.926687	655.989326	655.981999	
19.48998	687.011039	687.02268	656.083805	656.086719	
19.5001	687.10186	687.118673	656.174626	656.173986	
19.51116	687.200342	687.214666	656.273107	656.278705	
19.52123	687.289404	687.310659	656.36217	656.383425	
19.53132	687.378076	687.397926	656.450842	656.470692	
19.54154	687.467251	687.485192	656.540017	656.557958	
19.55207	687.562688	687.581185	656.635454	656.653951	
19.56616	687.679197	687.703359	656.751963	656.767398	
19.57632	687.765728	687.790625	656.838494	656.854664	
19.58647	687.851591	687.877891	656.924356	656.933204	
19.5966	687.936678	687.965158	657.009444	657.011744	
19.60679	688.021655	688.043698	657.094421	657.090283	
19.61692	688.105601	688.130964	657.178366	657.168823	
19.62714	688.189597	688.209504	657.262363	657.25609	
19.63732	688.272639	688.288044	657.345404	657.325903	
19.64743	688.354539	688.37531	657.427305	657.413169	
19.65754	688.435828	688.445123	657.508594	657.491709	
19.66773	688.517137	688.523663	657.589903	657.570249	
19.67802	688.598695	688.602203	657.67146	657.657515	
19.6881	688.677877	688.672016	657.750643	657.744782	
19.69819	688.756569	688.741829	657.829335	657.823322	
19.70833	688.835028	688.811643	657.907793	657.910588	
19.71865	688.914375	688.890182	657.987141	657.989128	
19.72869	688.990834	688.968722	658.063599	658.067668	
19.73884	689.067572	689.038535	658.140338	658.154934	
19.74899	689.143711	689.108349	658.216476	658.233474	
19.75913	689.219139	689.186888	658.291904	658.303287	
19.76932	689.294361	689.265428	658.367127	658.381827	
19.77945	689.36853	689.335241	658.441296	658.45164	
19.78964	689.442482	689.413781	658.515247	658.521453	
19.79977	689.515487	689.492321	658.588253	658.591267	
19.8099	689.587809	689.562134	658.660575	658.66108	
19.82038	689.66205	689.649401	658.734815	658.722166	
19.83029	689.731568	689.719214	658.804333	658.791979	
19.84043	689.80213	689.797754	658.874896	658.861793	
19.85059	689.872245	689.876293	658.94501	658.931606	
19.86068	689.941332	689.946107	659.014098	659.001419	
19.87096	690.011051	690.01592	659.083817	659.062505	
19.88106	690.079219	690.09446	659.151985	659.132319	
19.89123	690.146696	690.164273	659.219462	659.202132	
19.90138	690.213686	690.234086	659.286452	659.271945	
19.91161	690.280645	690.303899	659.353411	659.341758	
19.9227	690.352433	690.382439	659.425199	659.420298	
19.93248	690.415227	690.452252	659.487993	659.490111	
19.94268	690.480119	690.513339	659.552885	659.559924	
19.95272	690.54333	690.574425	659.616096	659.629737	
19.96306	690.607893	690.644238	659.680658	659.699551	
19.97324	690.670748	690.705325	659.743514	659.769364	
19.98334	690.732579	690.766411	659.805345	659.83045	
19.99361	690.79485	690.836225	659.867615	659.891537	
20.00369	690.855329	690.888584	659.928095	659.943897	
20.01422	690.917874	690.958398	659.990639	660.004983	
20.02505	690.981466	691.010757	660.054232	660.06607	
20.03525	691.040766	691.071844	660.113532	660.11843	
20.04757	691.111479	691.13293	660.184244	660.17079	
20.05544	691.156316	691.18529	660.229082	660.223149	
20.06569	691.214125	691.23765	660.286891	660.275509	
20.07582	691.270631	691.29001	660.343397	660.327869	
20.08607	691.327171	691.34237	660.399936	660.380229	
20.09634	691.383212	691.39473	660.455977	660.432589	
20.10638	691.437371	691.438363	660.510137	660.484949	
20.11657	691.491828	691.490723	660.564594	660.537309	
20.12778	691.550897	691.543083	660.623663	660.607122	
20.13792	691.603757	691.595443	660.676522	660.659482	
20.14807	691.656212	691.639076	660.728977	660.711842	
20.15826	691.70797	691.691436	660.780736	660.772928	
20.16839	691.758966	691.743796	660.831732	660.834015	
20.17856	691.809572	691.796156	660.882338	660.886375	
20.18873	691.859583	691.848515	660.932348	660.947461	
20.19897	691.909303	691.900875	660.982068	660.999821	
20.20905	691.957633	691.953235	661.030398	661.052181	
20.21915	692.005528	692.005595	661.078293	661.104541	
20.23043	692.058176	692.066682	661.130941	661.156901	
20.24057	692.104944	692.127768	661.177709	661.200534	
20.2507	692.151116	692.180128	661.223882	661.244167	
20.26083	692.19664	692.232488	661.269406	661.2878	
20.27096	692.241548	692.276121	661.314314	661.322707	
20.28113	692.286086	692.328481	661.358851	661.36634	
20.29127	692.329829	692.372114	661.402595	661.401247	
20.30144	692.373161	692.424474	661.445927	661.44488	
20.31159	692.415772	692.468107	661.488537	661.479787	
20.32167	692.457506	692.511741	661.530272	661.514693	
20.33301	692.503692	692.5641	661.576457	661.558326	
20.34319	692.544554	692.599007	661.61732	661.593233	
20.35329	692.584486	692.633914	661.657251	661.636866	
20.36341	692.623924	692.66882	661.69669	661.680499	
20.38187	692.693476	692.703727	661.766241	661.724133	
20.38642	692.710648	692.74736	661.783414	661.776492	
20.39659	692.748328	692.77354	661.821094	661.820126	
20.40684	692.785678	692.808447	661.858444	661.863759	
20.41688	692.8217	692.843353	661.894466	661.907392	
20.42706	692.857629	692.869533	661.930395	661.942299	
20.43764	692.894309	692.895713	661.967075	661.985932	
20.44741	692.927616	692.921893	662.000381	662.020839	
20.45753	692.961541	692.948073	662.034307	662.055745	
20.46766	692.994903	692.974253	662.067669	662.090652	
20.47787	693.027924	693.000433	662.10069	662.116832	
20.4882	693.060723	693.026613	662.133489	662.143012	
20.49817	693.091808	693.052793	662.164573	662.169192	
20.50834	693.12289	693.070246	662.195655	662.195371	
20.51848	693.153342	693.096426	662.226108	662.212825	
20.5286	693.183108	693.122606	662.255873	662.239005	
20.53896	693.21295	693.148786	662.285715	662.265185	
20.54909	693.24158	693.174966	662.314345	662.282638	
20.55926	693.269689	693.201146	662.342455	662.308818	
20.56939	693.297128	693.227326	662.369894	662.334998	
20.57949	693.323881	693.253506	662.396647	662.361178	
20.5897	693.350346	693.279685	662.423112	662.387358	
20.60231	693.382054	693.314592	662.454819	662.422264	
20.61236	693.406783	693.349499	662.479548	662.457171	
20.62253	693.431236	693.375679	662.504001	662.492077	
20.63293	693.455598	693.410585	662.528364	662.518257	
20.64285	693.478332	693.436765	662.551097	662.553164	
20.65298	693.500906	693.471672	662.573672	662.579344	
20.66316	693.523025	693.506578	662.59579	662.614251	
20.67324	693.544365	693.532758	662.617131	662.64043	
20.68339	693.565263	693.567665	662.638029	662.66661	
20.6936	693.585687	693.593845	662.658453	662.69279	
20.70382	693.605533	693.628751	662.678299	662.710244	
20.71387	693.624494	693.654931	662.69726	662.727697	
20.72398	693.642998	693.681111	662.715764	662.736424	
20.73447	693.661574	693.707291	662.734339	662.74515	
20.74438	693.678582	693.733471	662.751347	662.753877	
20.75454	693.695431	693.750924	662.768196	662.762604	
20.76464	693.711616	693.768378	662.784382	662.77133	
20.77485	693.727393	693.785831	662.800159	662.780057	
20.78495	693.742437	693.803284	662.815203	662.788783	
20.79515	693.757065	693.812011	662.829831	662.79751	
20.80525	693.770966	693.820738	662.843732	662.806237	
20.81541	693.784407	693.829464	662.857173	662.806237	
20.82562	693.79733	693.829464	662.870096	662.82369	
20.83573	693.809566	693.838191	662.882332	662.832417	
20.84699	693.822479	693.838191	662.895245	662.84987	
20.85705	693.833505	693.838191	662.906271	662.867323	
20.8672	693.844069	693.838191	662.916835	662.884777	
20.87741	693.854131	693.838191	662.926897	662.910956	
20.8875	693.863548	693.838191	662.936314	662.919683	
20.89765	693.872467	693.838191	662.945233	662.945863	
20.90781	693.880861	693.838191	662.953626	662.95459	
20.91798	693.888718	693.838191	662.961483	662.972043	
20.92816	693.896056	693.838191	662.968822	662.98077	
20.93844	693.90292	693.838191	662.975686	662.989496	
20.94962	693.909738	693.838191	662.982504	662.989496	
20.95978	693.915441	693.838191	662.988207	662.989496	
20.9699	693.920627	693.838191	662.993393	662.989496	
20.98001	693.925318	693.838191	662.998084	662.989496	
20.99034	693.929609	693.838191	663.002375	662.989496	
21.0004	693.933332	693.846917	663.006097	662.989496	
21.01049	693.93661	693.855644	663.009376	662.989496	
21.02064	693.939471	693.855644	663.012237	662.989496	
21.03086	693.941921	693.873097	663.014686	662.989496	
21.04091	693.943946	693.881824	663.016712	662.989496	
21.05412	693.945896	693.890551	663.018662	662.989496	
21.06431	693.950532	693.908004	663.023298	662.989496	
21.07437	693.950532	693.925457	663.023298	662.989496	
21.08451	693.950532	693.934184	663.023298	662.989496	
21.09476	693.950532	693.942911	663.023298	662.989496	
21.1048	693.950532	693.960364	663.023298	662.989496	
21.11497	693.950532	693.960364	663.023298	662.989496	
21.13298	693.950532	693.969091	663.023298	662.989496	
21.13765	693.950532	693.969091	663.023298	662.989496	
21.14767	693.950532	693.969091	663.023298	662.989496	
21.1579	693.950532	693.960364	663.023298	662.989496	
21.16804	693.950532	693.960364	663.023298	662.989496	
21.17817	693.950532	693.960364	663.023298	662.989496	
21.1883	693.950532	693.960364	663.023298	662.989496	
21.19849	693.950532	693.960364	663.023298	662.989496	
21.20862	693.950532	693.960364	663.023298	662.989496	
21.21878	693.950532	693.960364	663.023298	662.989496	
21.22894	693.950532	693.960364	663.023298	662.989496	
21.23911	693.950532	693.960364	663.023298	662.989496	
21.24926	693.950532	693.960364	663.023298	662.989496	
21.25948	693.950532	693.960364	663.023298	662.989496	
21.26966	693.950532	693.960364	663.023298	662.989496	
21.27979	693.950532	693.960364	663.023298	662.989496	
21.28994	693.950532	693.960364	663.023298	662.989496	
21.30006	693.950532	693.960364	663.023298	662.989496	
21.31025	693.950532	693.960364	663.023298	662.989496	
21.32047	693.950532	693.960364	663.023298	662.989496	
21.33057	693.950532	693.960364	663.023298	662.989496	
21.34072	693.950532	693.960364	663.023298	662.989496	
21.35092	693.950532	693.960364	663.023298	662.989496	
21.36215	693.950532	693.960364	663.023298	662.989496	
21.37234	693.950532	693.960364	663.023298	662.989496	
21.38241	693.950532	693.960364	663.023298	662.989496	
21.39257	693.950532	693.960364	663.023298	662.989496	
21.40295	693.950532	693.960364	663.023298	662.989496	
21.41284	693.950532	693.960364	663.023298	662.989496	
21.42303	693.950532	693.960364	663.023298	662.989496	
21.43312	693.950532	693.960364	663.023298	662.989496	
21.44324	693.950532	693.960364	663.023298	662.989496	
21.46321	693.950532	693.960364	663.023298	662.989496	
21.46774	693.950532	693.960364	663.023298	662.989496	
21.47827	693.950532	693.960364	663.023298	662.989496	
21.48821	693.950532	693.960364	663.023298	662.989496	
21.49826	693.950532	693.960364	663.023298	662.989496	
21.50846	693.950532	693.960364	663.023298	662.989496	
21.51861	693.950532	693.960364	663.023298	662.989496	
21.5287	693.950532	693.960364	663.023298	662.989496	
21.5389	693.950532	693.960364	663.023298	662.989496	
21.54902	693.950532	693.960364	663.023298	662.989496	
21.57102	693.950532	693.960364	663.023298	662.989496	
21.57568	693.950532	693.960364	663.023298	662.989496	
21.58582	693.950532	693.960364	663.023298	662.989496	
21.59601	693.950532	693.960364	663.023298	662.989496	
21.60616	693.950532	693.960364	663.023298	662.989496	
21.61641	693.950532	693.960364	663.023298	662.989496	
21.62649	693.950532	693.960364	663.023298	662.989496	
21.63665	693.950532	693.960364	663.023298	662.989496	
21.64689	693.950532	693.960364	663.023298	662.989496	
21.65693	693.950532	693.960364	663.023298	662.989496	
21.66885	693.950532	693.960364	663.023298	662.989496	
21.67731	693.950532	693.960364	663.023298	662.989496	
21.68748	693.950532	693.960364	663.023298	662.989496	
21.69762	693.950532	693.960364	663.023298	662.989496	
21.70777	693.950532	693.960364	663.023298	662.989496	
21.71796	693.950532	693.960364	663.023298	662.989496	
21.72814	693.950532	693.960364	663.023298	662.989496	
21.73825	693.950532	693.960364	663.023298	662.989496	
21.74838	693.950532	693.960364	663.023298	662.989496	
21.75853	693.950532	693.960364	663.023298	662.989496	
21.77129	693.950532	693.960364	663.023298	662.989496	
21.7789	693.950532	693.960364	663.023298	662.989496	
21.78904	693.950532	693.960364	663.023298	662.989496	
21.79926	693.950532	693.960364	663.023298	662.989496	
21.80931	693.950532	693.960364	663.023298	662.989496	
21.8195	693.950532	693.960364	663.023298	662.989496	
21.8297	693.950532	693.960364	663.023298	662.989496	
21.83981	693.950532	693.960364	663.023298	662.989496	
21.84996	693.950532	693.960364	663.023298	662.989496	
21.86007	693.950532	693.960364	663.023298	662.989496	
21.87281	693.950532	693.960364	663.023298	662.989496	
21.88839	693.950532	693.960364	663.023298	662.989496	
21.89293	693.950532	693.960364	663.023298	662.989496	
21.90308	693.950532	693.960364	663.023298	662.989496	
21.91321	693.950532	693.960364	663.023298	662.989496	
21.92336	693.950532	693.960364	663.023298	662.989496	
21.93353	693.950532	693.960364	663.023298	662.989496	
21.94371	693.950532	693.960364	663.023298	662.989496	
21.95378	693.950532	693.960364	663.023298	662.989496	
21.96423	693.950532	693.960364	663.023298	662.989496	
21.97691	693.950532	693.960364	663.023298	662.989496	
21.98464	693.950532	693.960364	663.023298	662.989496	
21.99476	693.950532	693.960364	663.023298	662.989496	
22.00489	693.950532	693.960364	663.023298	662.989496	
22.0151	693.950532	693.960364	663.023298	662.989496	
22.03345	693.950532	693.960364	663.023298	662.989496	
22.038	693.950532	693.960364	663.023298	662.989496	
22.04946	693.950532	693.960364	663.023298	662.989496	
22.05828	693.950532	693.960364	663.023298	662.989496	
22.0684	693.950532	693.960364	663.023298	662.989496	
22.08103	693.950532	693.960364	663.023298	662.989496	
22.09121	693.950532	693.960364	663.023298	662.989496	
22.10134	693.950532	693.960364	663.023298	662.989496	
22.11143	693.950532	693.960364	663.023298	662.989496	
22.12163	693.950532	693.960364	663.023298	662.989496	
22.13177	693.950532	693.960364	663.023298	662.989496	
22.14192	693.950532	693.960364	663.023298	662.989496	
22.15207	693.950532	693.960364	663.023298	662.989496	
22.16219	693.950532	693.960364	663.023298	662.989496	
22.17274	693.950532	693.960364	663.023298	662.989496	
22.1838	693.950532	693.960364	663.023298	662.989496	
22.19386	693.950532	693.960364	663.023298	662.989496	
22.20399	693.950532	693.960364	663.023298	662.989496	
22.21409	693.950532	693.960364	663.023298	662.989496	
22.22449	693.950532	693.960364	663.023298	662.989496	
22.24558	693.950532	693.960364	663.023298	662.989496	
