15.0167	
15.02391	
15.03419	
15.04436	
15.05446	
15.06462	
15.07486	
15.08493	
15.09507	
15.10518	
15.12337	
15.1278	
15.1379	
15.14805	
15.15818	
15.16836	
15.17847	
15.1886	
15.19875	
15.20897	
15.21927	
15.22933	
15.23945	
15.24959	
15.25982	
15.26987	
15.28002	
15.29021	
15.30118	
15.31053	
15.32067	
15.3313	
15.341	
15.35113	
15.36129	
15.37144	
15.3816	
15.39176	
15.40191	
15.41208	
15.43152	
15.43588	
15.44598	
15.45616	
15.46633	
15.47653	
15.48666	
15.49681	
15.50698	
15.51711	
15.52725	
15.53742	
15.5476	
15.5577	
15.56785	
15.57799	
15.58811	
15.59824	
15.60842	
15.61856	
15.62871	
15.63893	
15.64914	
15.65919	
15.6693	
15.67945	
15.68963	
15.69975	
15.70988	
15.72002	
15.73018	
15.74048	
15.75048	
15.76061	
15.77086	
15.78092	
15.79108	
15.80124	
15.8114	
15.82156	
15.83171	
15.84184	
15.85203	
15.86218	
15.87234	
15.8825	
15.89265	
15.9028	
15.91296	
15.92316	
15.93327	
15.94343	
15.95361	
15.96375	
15.97391	
15.98406	
15.99421	
16.00449	
16.01455	
16.0247	
16.03494	
16.04497	
16.05519	
16.06531	
16.08584	
16.09019	
16.10843	
16.11279	
16.12301	
16.1331	
16.14325	
16.15346	
16.1636	
16.17373	
16.18388	
16.19404	
16.2042	
16.21434	
16.2245	
16.23464	
16.24475	
16.2549	
16.26508	
16.27527	
16.28542	
16.29553	
16.30573	
16.31582	
16.32595	
16.33607	
16.34626	
16.35654	
16.36675	
16.37676	
16.38702	
16.39709	
16.40719	
16.41737	
16.42761	
16.43767	
16.44788	
16.45819	
16.46806	
16.4782	
16.48836	
16.49846	
16.50864	
16.51879	
16.52898	
16.53914	
16.54927	
16.55937	
16.56954	
16.57968	
16.58982	
16.59995	
16.61011	
16.62028	
16.63045	
16.64054	
16.6507	
16.66147	
16.67105	
16.6812	
16.69133	
16.70145	
16.71165	
16.7218	
16.73195	
16.74209	
16.75222	
16.76246	
16.77268	
16.78287	
16.79294	
16.80313	
16.81328	
16.82341	
16.83363	
16.84369	
16.85384	
16.86402	
16.87419	
16.88437	
16.8945	
16.90463	
16.91479	
16.92494	
16.93508	
16.94521	
16.9554	
16.96553	
16.97569	
16.98583	
16.99596	
17.00612	
17.01627	
17.02646	
17.03663	
17.04669	
17.05687	
17.07259	30.1789699	30.1767428	30.449496	30.4472688	
17.08532	30.1816258	30.1767428	30.4521518	30.4472688	
17.08984	30.1825819	30.1767428	30.4531079	30.4472688	
17.09999	30.1855186	30.1767428	30.4560446	30.4472688	
17.11017	30.1890822	30.1767428	30.4596083	30.4472688	
17.12035	30.1932719	30.1854694	30.4637979	30.4472688	
17.1305	30.1980662	30.1854694	30.4685922	30.4472688	
17.14064	30.2034708	30.1854694	30.4739968	30.4472688	
17.15078	30.2094887	30.1854694	30.4800148	30.4472688	
17.16106	30.2162379	30.1941961	30.486764	30.4472688	
17.17387	30.2257326	30.1941961	30.4962586	30.4472688	
17.18142	30.2315321	30.1941961	30.5020582	30.4472688	
17.19155	30.2400266	30.1941961	30.5105527	30.4472688	
17.20174	30.2491915	30.1941961	30.5197175	30.4472688	
17.21184	30.2588936	30.2029227	30.5294197	30.4472688	
17.22203	30.2693041	30.2116494	30.5398302	30.4472688	
17.23219	30.2803002	30.2116494	30.5508262	30.4472688	
17.24232	30.2918809	30.220376	30.562407	30.4472688	
17.25253	30.3041747	30.220376	30.5747007	30.4472688	
17.26261	30.3169198	30.2291026	30.5874458	30.4472688	
17.27515	30.3338306	30.2291026	30.6043566	30.4472688	
17.28303	30.3446998	30.2378293	30.6152259	30.4472688	
17.29316	30.3593647	30.2465559	30.6298908	30.4472688	
17.30418	30.3760922	30.2465559	30.6466183	30.4472688	
17.31371	30.3910427	30.2552826	30.6615687	30.4472688	
17.32357	30.4071191	30.2552826	30.6776451	30.4472688	
17.33369	30.4242261	30.2552826	30.6947521	30.4472688	
17.34388	30.4420759	30.2552826	30.712602	30.4472688	
17.35404	30.4605101	30.2552826	30.7310362	30.4472688	
17.36415	30.47947	30.2552826	30.749996	30.4472688	
17.37432	30.499133	30.2552826	30.7696591	30.4472688	
17.38455	30.5196328	30.2552826	30.7901589	30.4472688	
17.39474	30.5405391	30.2552826	30.8110651	30.4472688	
17.40484	30.5619365	30.2640092	30.8324625	30.4472688	
17.41497	30.584012	30.2640092	30.8545381	30.4472688	
17.42651	30.6100056	30.2640092	30.8805317	30.4472688	
17.43534	30.6302815	30.2727359	30.9008076	30.4472688	
17.44541	30.654049	30.2814625	30.9245751	30.4472688	
17.45561	30.6787787	30.2814625	30.9493048	30.4472688	
17.46575	30.7039532	30.2989158	30.9744792	30.4472688	
17.47591	30.7298284	30.2989158	31.0003544	30.4472688	
17.4861	30.7563778	30.3163691	31.0269039	30.4472688	
17.49627	30.7834922	30.3338224	31.0540182	30.4472688	
17.50652	30.8114862	30.3512757	31.0820122	30.4472688	
17.51665	30.8397284	30.368729	31.1102544	30.4559954	
17.52691	30.868986	30.3861823	31.139512	30.4559954	
17.53687	30.8979628	30.4036356	31.1684888	30.4559954	
17.54711	30.9283826	30.4298155	31.1989086	30.4559954	
17.55717	30.9588905	30.4559954	31.2294165	30.4559954	
17.56731	30.990251	30.4734487	31.2607771	30.4559954	
17.57764	31.0228745	30.5083553	31.2934005	30.4559954	
17.58771	31.0552459	30.5345353	31.3257719	30.4559954	
17.59784	31.0884275	30.5694418	31.3589536	30.4559954	
17.60797	31.1222006	30.6043484	31.3927267	30.4559954	
17.61824	31.1571468	30.639255	31.4276728	30.4559954	
17.62832	31.1919884	30.6741616	31.4625144	30.4647221	
17.63835	31.2272872	30.7177948	31.4978133	30.4647221	
17.64855	31.2639534	30.7527014	31.5344794	30.4734487	
17.65867	31.3006438	30.7963347	31.5711699	30.4734487	
17.6688	31.3381673	30.8399679	31.6086933	30.4821754	
17.68867	31.4146752	30.8748745	31.6852012	30.490902	
17.69364	31.4337262	30.9446876	31.7042522	30.4996287	
17.70374	31.4732085	30.9883209	31.7437345	30.5083553	
17.71391	31.5136231	31.0319541	31.7841491	30.5258086	
17.72408	31.5546834	31.084314	31.8252095	30.5432619	
17.73424	31.5962482	31.1366739	31.8667742	30.5519886	
17.74436	31.6383208	31.1803071	31.9088469	30.5694418	
17.75448	31.680987	31.232667	31.951513	30.5868951	
17.76471	31.7247264	31.2850268	31.9952524	30.6043484	
17.77478	31.7684331	31.3373867	32.0389591	30.6218017	
17.78499	31.8133461	31.38102	32.0838721	30.6479817	
17.79528	31.8592987	31.4421065	32.1298248	30.665435	
17.80536	31.9048452	31.4857397	32.1753713	30.6828883	
17.81547	31.9511595	31.5468262	32.2216855	30.7090682	
17.82565	31.9984182	31.5991861	32.2689442	30.7352481	
17.83579	32.0460922	31.651546	32.3166183	30.7527014	
17.84591	32.0943097	31.7039059	32.3648358	30.787608	
17.85609	32.1434712	31.7649924	32.4139972	30.8137879	
17.86626	32.1931656	31.8173523	32.4636917	30.8399679	
17.87647	32.2436872	31.8697121	32.5142132	30.8661478	
17.88665	32.2958804	31.922072	32.5664064	30.9010544	
17.89678	32.34605	31.9831585	32.616576	30.9272343	
17.90696	32.3982585	32.0442451	32.6687846	30.9621409	
17.91706	32.4506973	32.0966049	32.7212233	30.9970475	
17.92723	32.5041009	32.1489648	32.7746269	31.0319541	
17.93734	32.5578599	32.2100513	32.8283859	31.058134	
17.94762	32.6131242	32.2711379	32.8836502	31.0930406	
17.95768	32.6677513	32.3234977	32.9382774	31.1279472	
17.96781	32.7234092	32.3845843	32.9939352	31.1628538	
17.97796	32.7798235	32.4456708	33.0503496	31.1977604	
17.98828	32.8378386	32.4980307	33.1083646	31.232667	
17.9983	32.894727	32.5591172	33.165253	31.2675735	
18.00855	32.9535762	32.6202037	33.2241022	31.3024801	
18.01865	33.0121778	32.6725636	33.2827039	31.3461134	
18.02878	33.0715287	32.7423768	33.3420547	31.38102	
18.03952	33.1352446	32.8034633	33.4057706	31.4159265	
18.06026	33.2613723	32.8645498	33.5318984	31.4508331	
18.06479	33.288817	32.9605429	33.559343	31.5206463	
18.07504	33.3517744	33.0216294	33.6223004	31.5555529	
18.08508	33.4139786	33.0914426	33.6845046	31.5904595	
18.09802	33.4953603	33.1612558	33.7658863	31.6340927	
18.10557	33.5430375	33.231069	33.8135636	31.6777259	
18.11559	33.6069762	33.3008821	33.8775022	31.7213592	
18.12572	33.6722292	33.3706953	33.9427553	31.7649924	
18.13583	33.7379855	33.4317818	34.0085115	31.799899	
18.14608	33.8053136	33.5103216	34.0758396	31.8435322	
18.15619	33.8722513	33.5801348	34.1427774	31.8871654	
18.16633	33.9401132	33.649948	34.2106392	31.9307987	
18.17649	34.0086203	33.7197611	34.2791464	31.9744319	
18.18679	34.079506	33.798301	34.350032	32.0180651	
18.19937	34.1655798	33.8681141	34.4361058	32.0616984	
18.20699	34.2182679	33.946654	34.488794	32.1140582	
18.21713	34.2891878	34.0164671	34.5597138	32.1489648	
18.22733	34.3610893	34.0950069	34.6316154	32.2013247	
18.23742	34.4328506	34.1648201	34.7033766	32.2536846	
18.24791	34.5081953	34.2433599	34.7787213	32.2973178	
18.25781	34.5798252	34.3131731	34.8503513	32.340951	
18.2679	34.6534391	34.3829863	34.9239651	32.3933109	
18.27803	34.7279839	34.4527994	34.99851	32.4369441	
18.28814	34.8029795	34.5226126	35.0735056	32.489304	
18.29835	34.8793152	34.6011524	35.1498412	32.5329373	
18.30881	34.9582532	34.6796922	35.2287793	32.5940238	
18.31866	35.0330624	34.7495054	35.3035885	32.637657	
18.32876	35.1105145	34.8193186	35.3810406	32.6900169	
18.33901	35.189666	34.8978584	35.460192	32.7423768	
18.34956	35.2698951	34.9763982	35.5404211	32.7947366	
18.35929	35.3432275	35.0462114	35.6137535	32.8470965	
18.36934	35.4184033	35.1160246	35.6889293	32.8994564	
18.37958	35.4943957	35.1945644	35.7649217	32.9518163	
18.38963	35.568363	35.2731042	35.838889	33.0041762	
18.39983	35.6429292	35.3429174	35.9134552	33.056536	
18.40999	35.7164766	35.4214572	35.9870027	33.1176226	
18.42019	35.7897602	35.499997	36.0602862	33.1612558	
18.4306	35.8638111	35.5785368	36.1343371	33.2223423	
18.44073	35.9352978	35.6570766	36.2058238	33.2747022	
18.45116	36.0083044	35.7268898	36.2788304	33.3357887	
18.4612	36.0779413	35.8054296	36.3484673	33.3881486	
18.47137	36.1479457	35.8752428	36.4184717	33.4405085	
18.48154	36.2172894	35.9537826	36.4878155	33.4928683	
18.49166	36.2856873	36.0235958	36.5562133	33.5452282	
18.50182	36.3537165	36.0934089	36.6242426	33.5975881	
18.51205	36.4216196	36.1632221	36.6921456	33.649948	
18.52221	36.488475	36.2330353	36.7590011	33.7023079	
18.53238	36.5546934	36.3028484	36.8252194	33.7546677	
18.54247	36.6198297	36.3726616	36.8903557	33.8070276	
18.55266	36.6852471	36.4424748	36.9557731	33.8593875	
18.56282	36.7494275	36.5035613	37.0199535	33.9030207	
18.57297	36.8131375	36.5733745	37.0836635	33.9553806	
18.58313	36.8762751	36.634461	37.1468012	33.9990138	
18.59324	36.9385604	36.7042742	37.2090864	34.0513737	
18.60347	37.0009256	36.7653607	37.2714517	34.1037336	
18.61449	37.067334	36.8351739	37.33786	34.1473668	
18.62467	37.1283622	36.8962604	37.3988883	34.1997267	
18.63479	37.1879643	36.9660736	37.4584904	34.2433599	
18.64491	37.2471794	37.0184334	37.5177054	34.2869932	
18.65504	37.3058698	37.0882466	37.5763958	34.339353	
18.66525	37.3643941	37.1406065	37.6349202	34.3829863	
18.67545	37.4222139	37.2104197	37.69274	34.4178928	
18.68554	37.4788462	37.2627795	37.7493722	34.4615261	
18.6957	37.5352274	37.3238661	37.8057535	34.5051593	
18.70586	37.5910222	37.3849526	37.8615482	34.5487925	
18.71722	37.6526384	37.4547657	37.9231645	34.5924258	
18.72735	37.70697	37.5071256	37.9774961	34.636059	
18.73746	37.7606453	37.5682121	38.0311713	34.6796922	
18.74762	37.8139445	37.620572	38.0844706	34.7233255	
18.75807	37.8681487	37.6816586	38.1386747	34.7582321	
18.76793	37.9186679	37.7340184	38.189194	34.8018653	
18.77806	37.9699702	37.7863783	38.2404963	34.8367719	
18.78819	38.0207332	37.8474648	38.2912592	34.8716785	
18.79831	38.070804	37.9085514	38.34133	34.9153117	
18.80848	38.120498	37.9521846	38.3910241	34.9502183	
18.81984	38.1752198	38.0132711	38.4457459	34.9938515	
18.83001	38.2236506	38.065631	38.4941767	35.0287581	
18.84012	38.271183	38.1179909	38.541709	35.0636647	
18.85025	38.3182243	38.1703507	38.5887504	35.0985713	
18.86879	38.4017964	38.2663438	38.6723224	35.1596578	
18.8734	38.4226462	38.2837971	38.6931723	35.1771111	
18.88352	38.4676609	38.336157	38.7381869	35.2120177	
18.89365	38.5120963	38.3797903	38.7826223	35.2469242	
18.90376	38.5558502	38.4321501	38.8263762	35.2731042	
18.91398	38.5995029	38.4757834	38.870029	35.3080108	
18.92417	38.642366	38.5194166	38.9128921	35.3341907	
18.93433	38.6845449	38.5717765	38.955071	35.3690973	
18.94445	38.7259312	38.6154097	38.9964572	35.3952772	
18.95465	38.7670498	38.6590429	39.0375759	35.4301838	
18.96481	38.8074008	38.7026762	39.0779269	35.4563638	
18.975	38.8472708	38.7463094	39.1177969	35.4825437	
18.98514	38.8862932	38.781216	39.1568192	35.5087236	
18.99539	38.9251943	38.8248492	39.1957203	35.5349036	
19.00558	38.9632373	38.8684824	39.2337633	35.5698102	
19.01559	39.0000112	38.903389	39.2705372	35.5959901	
19.0259	39.0372806	38.9470223	39.3078066	35.6134434	
19.03634	39.0743876	38.9906555	39.3449136	35.6396233	
19.04655	39.1100326	39.0255621	39.3805586	35.6658033	
19.05666	39.1447842	39.0691953	39.4153102	35.6919832	
19.06692	39.179424	39.1041019	39.44995	35.7094365	
19.07697	39.2127738	39.1477351	39.4832999	35.7356164	
19.08715	39.2459172	39.1826417	39.5164432	35.7617964	
19.09727	39.2782826	39.2175483	39.5488086	35.7792497	
19.10759	39.3107105	39.2524549	39.5812366	35.8054296	
19.11807	39.3429711	39.2873615	39.6134971	35.8228829	
19.12837	39.3740743	39.3309947	39.6446003	35.8403362	
19.1387	39.4046492	39.3659013	39.6751752	35.8577895	
19.14875	39.433794	39.4008079	39.70432	35.8839694	
19.1588	39.4623724	39.4357144	39.7328984	35.9014227	
19.17727	39.5124801	39.470621	39.7830061	35.918876	
19.18184	39.5249321	39.5142543	39.7954582	35.9363293	
19.19203	39.5519373	39.5491609	39.8224633	35.9537826	
19.20219	39.5783035	39.5753408	39.8488296	35.9712359	
19.21231	39.6039488	39.6015207	39.8744748	35.9886892	
19.22248	39.6291457	39.6364273	39.8996717	36.0061425	
19.23274	39.654029	39.6626073	39.924555	36.0235958	
19.24284	39.6777855	39.6887872	39.9483115	36.0323224	
19.25297	39.7011203	39.7236938	39.9716463	36.0410491	
19.2631	39.7238426	39.7498737	39.9943686	36.0585023	
19.2733	39.7461526	39.7760537	40.0166787	36.067229	
19.28349	39.7678247	39.8022336	40.0383508	36.0759556	
19.29363	39.7888318	39.8284135	40.0593579	36.0934089	
19.30445	39.8105703	39.8458668	40.0810963	36.0934089	
19.31394	39.8291167	39.8720468	40.0996428	36.1108622	
19.32405	39.8483222	39.8982267	40.1188482	36.1195889	
19.33421	39.8670303	39.91568	40.1375563	36.1283155	
19.34442	39.8852257	39.9331333	40.1557517	36.1283155	
19.35455	39.9027222	39.9593132	40.1732482	36.1370422	
19.36478	39.9197893	39.9767665	40.1903153	36.1457688	
19.37484	39.9360126	39.9942198	40.2065386	36.1544955	
19.38504	39.9518868	40.0116731	40.2224129	36.1632221	
19.39528	39.9672259	40.0203997	40.237752	36.1632221	
19.40533	39.9817221	40.037853	40.2522482	36.1632221	
19.41549	39.9958104	40.0553063	40.2663364	36.1719487	
19.42559	40.0092513	40.064033	40.2797773	36.1719487	
19.43719	40.0238999	40.0727596	40.294426	36.1719487	
19.4473	40.0361448	40.0902129	40.3066708	36.1719487	
19.45746	40.0478897	40.0902129	40.3184158	36.1719487	
19.46763	40.0590849	40.0989396	40.3296109	36.1719487	
19.47808	40.0699965	40.1076662	40.3405225	36.1719487	
19.4879	40.0797474	40.1076662	40.3502735	36.1719487	
19.49804	40.0892528	40.1076662	40.3597788	36.1719487	
19.50822	40.0982494	40.1076662	40.3687754	36.1719487	
19.51833	40.1066395	40.1076662	40.3771655	36.1719487	
19.52847	40.1145324	40.1076662	40.3850584	36.1719487	
19.53998	40.1227535	40.1076662	40.3932795	36.1719487	
19.54999	40.1294297	40.1076662	40.3999558	36.1719487	
19.56029	40.1357612	40.1076662	40.4062873	36.1719487	
19.57834	40.1448795	40.1076662	40.4154055	36.1719487	
19.58289	40.1472298	40.1076662	40.4177558	36.1719487	
19.59307	40.1518785	40.1076662	40.4224045	36.1719487	
19.60341	40.1561026	40.1076662	40.4266286	36.1719487	
19.61337	40.1597336	40.1076662	40.4302596	36.1719487	
19.62349	40.1629753	40.1076662	40.4335014	36.1719487	
19.63365	40.1657989	40.1076662	40.4363249	36.1719487	
19.64388	40.1682182	40.1076662	40.4387442	36.1719487	
19.65409	40.1702392	40.1076662	40.4407652	36.1719487	
19.66415	40.1718759	40.1076662	40.442402	36.1719487	
19.68227	40.1767428	40.1076662	40.4472688	36.1719487	
19.68693	40.1767428	40.1076662	40.4472688	36.1719487	
19.69699	40.1767428	40.1076662	40.4472688	36.1719487	
19.70715	40.1767428	40.1076662	40.4472688	36.1719487	
19.71732	40.1767428	40.1076662	40.4472688	36.1719487	
19.72742	40.1767428	40.1076662	40.4472688	36.1719487	
19.73809	40.1767428	40.1076662	40.4472688	36.1719487	
19.75036	40.1767428	40.1076662	40.4472688	36.1632221	
19.76059	40.1767428	40.1076662	40.4472688	36.1632221	
19.77066	40.1767428	40.1076662	40.4472688	36.1632221	
19.78086	40.1767428	40.1076662	40.4472688	36.1632221	
19.79106	40.1767428	40.1076662	40.4472688	36.1632221	
19.80124	40.1767428	40.1076662	40.4472688	36.1632221	
19.81147	40.1767428	40.1076662	40.4472688	36.1632221	
19.82159	40.1767428	40.1076662	40.4472688	36.1632221	
19.83171	40.1767428	40.1076662	40.4472688	36.1632221	
19.8437	40.1767428	40.1076662	40.4472688	36.1632221	
19.85209	40.1767428	40.1076662	40.4472688	36.1632221	
19.8622	40.1767428	40.1076662	40.4472688	36.1632221	
19.87235	40.1767428	40.1076662	40.4472688	36.1632221	
19.88247	40.1767428	40.1076662	40.4472688	36.1632221	
19.8927	40.1767428	40.1076662	40.4472688	36.1632221	
19.9028	40.1767428	40.1076662	40.4472688	36.1632221	
19.91295	40.1767428	40.1076662	40.4472688	36.1632221	
19.92315	40.1767428	40.1076662	40.4472688	36.1632221	
19.93324	40.1767428	40.1076662	40.4472688	36.1632221	
19.94342	40.1767428	40.1076662	40.4472688	36.1632221	
19.95389	40.1767428	40.1076662	40.4472688	36.1632221	
19.96387	40.1767428	40.1076662	40.4472688	36.1632221	
19.974	40.1767428	40.1076662	40.4472688	36.1632221	
19.9841	40.1767428	40.1076662	40.4472688	36.1632221	
19.99432	40.1767428	40.1076662	40.4472688	36.1632221	
20.00443	40.1767428	40.1076662	40.4472688	36.1632221	
20.01464	40.1767428	40.1076662	40.4472688	36.1632221	
20.0248	40.1767428	40.1076662	40.4472688	36.1632221	
20.03491	40.1767428	40.1076662	40.4472688	36.1632221	
20.04505	40.1767428	40.1076662	40.4472688	36.1632221	
20.06701	40.1767428	40.1076662	40.4472688	36.1632221	
20.07158	40.1767428	40.1076662	40.4472688	36.1632221	
20.08175	40.1767428	40.1076662	40.4472688	36.1632221	
20.09188	40.1767428	40.1076662	40.4472688	36.1632221	
20.10206	40.1767428	40.1076662	40.4472688	36.1632221	
20.11223	40.1767428	40.1076662	40.4472688	36.1632221	
20.12239	40.1767428	40.1076662	40.4472688	36.1632221	
20.13256	40.1767428	40.1076662	40.4472688	36.1632221	
20.14268	40.1767428	40.1076662	40.4472688	36.1632221	
20.15291	40.1767428	40.1076662	40.4472688	36.1632221	
20.16319	40.1767428	40.1076662	40.4472688	36.1632221	
20.17324	40.1767428	40.1076662	40.4472688	36.1632221	
20.18337	40.1767428	40.1076662	40.4472688	36.1632221	
20.19353	40.1767428	40.1076662	40.4472688	36.1632221	
20.20368	40.1767428	40.1076662	40.4472688	36.1632221	
20.21386	40.1767428	40.1076662	40.4472688	36.1632221	
20.224	40.1767428	40.1076662	40.4472688	36.1632221	
20.23419	40.1767428	40.1076662	40.4472688	36.1632221	
20.24429	40.1767428	40.1163929	40.4472688	36.1632221	
20.25444	40.1767428	40.1163929	40.4472688	36.1632221	
20.26573	40.1767428	40.1163929	40.4472688	36.1632221	
20.28395	40.1767428	40.1163929	40.4472688	36.1632221	
20.2885	40.1767428	40.1251195	40.4472688	36.1632221	
20.29866	40.1767428	40.1251195	40.4472688	36.1719487	
20.30979	40.1767428	40.1251195	40.4472688	36.1719487	
20.31969	40.1767428	40.1425728	40.4472688	36.1719487	
20.33026	40.1767428	40.1425728	40.4472688	36.1719487	
20.34005	40.1767428	40.1512994	40.4472688	36.1719487	
20.35011	40.1767428	40.1600261	40.4472688	36.1719487	
20.3603	40.1767428	40.1774794	40.4472688	36.1719487	
20.37052	40.1767428	40.1774794	40.4472688	36.1719487	
20.38081	40.1767428	40.1949327	40.4472688	36.1719487	
20.39087	40.1767428	40.2036593	40.4472688	36.1719487	
20.40099	40.1767428	40.212386	40.4472688	36.1719487	
20.4112	40.1767428	40.2211126	40.4472688	36.1719487	
20.42134	40.1767428	40.2298393	40.4472688	36.1719487	
20.43288	40.1767428	40.2298393	40.4472688	36.1719487	
20.44171	40.1767428	40.2385659	40.4472688	36.1719487	
20.45179	40.1767428	40.2472926	40.4472688	36.1719487	
20.46192	40.1767428	40.2472926	40.4472688	36.1719487	
20.47216	40.1767428	40.2560192	40.4472688	36.1719487	
20.4823	40.1767428	40.2647458	40.4472688	36.1719487	
20.49252	40.1767428	40.2647458	40.4472688	36.1719487	
20.5026	40.1767428	40.2647458	40.4472688	36.1719487	
20.51285	40.1767428	40.2734725	40.4472688	36.1719487	
20.52293	40.1767428	40.2734725	40.4472688	36.1719487	
20.53319	40.1767428	40.2821991	40.4472688	36.1719487	
20.54335	40.1767428	40.2821991	40.4472688	36.1719487	
20.55346	40.1767428	40.2909258	40.4472688	36.1719487	
20.56369	40.1767428	40.2909258	40.4472688	36.1719487	
20.57391	40.1767428	40.2996524	40.4472688	36.1719487	
20.58408	40.1767428	40.2996524	40.4472688	36.1719487	
20.59424	40.1767428	40.2996524	40.4472688	36.1806754	
20.60437	40.1767428	40.2996524	40.4472688	36.1806754	
20.61449	40.1767428	40.2996524	40.4472688	36.1806754	
20.62469	40.1767428	40.2996524	40.4472688	36.189402	
20.63485	40.1767428	40.2996524	40.4472688	36.189402	
20.64503	40.1767428	40.2996524	40.4472688	36.1981287	
20.65522	40.1767428	40.2996524	40.4472688	36.1981287	
20.6653	40.1767428	40.2996524	40.4472688	36.1981287	
20.67664	40.1767428	40.2996524	40.4472688	36.2068553	
20.68678	40.1767428	40.2996524	40.4472688	36.2068553	
20.69693	40.1767428	40.2996524	40.4472688	36.215582	
20.70708	40.1767428	40.2996524	40.4472688	36.215582	
20.71715	40.1767428	40.2996524	40.4472688	36.215582	
20.72736	40.1767428	40.2996524	40.4472688	36.215582	
20.73749	40.1767428	40.2996524	40.4472688	36.215582	
20.74769	40.1767428	40.2996524	40.4472688	36.215582	
20.75783	40.1767428	40.2996524	40.4472688	36.215582	
20.76825	40.1767428	40.2996524	40.4472688	36.215582	
20.77932	40.1767428	40.2996524	40.4472688	36.215582	
20.78942	40.1767428	40.2996524	40.4472688	36.215582	
20.79958	40.1767428	40.2996524	40.4472688	36.215582	
20.80965	40.1767428	40.2996524	40.4472688	36.215582	
20.81989	40.1767428	40.2996524	40.4472688	36.215582	
20.82998	40.1767428	40.2996524	40.4472688	36.215582	
20.84009	40.1767428	40.2996524	40.4472688	36.215582	
20.85028	40.1767428	40.2996524	40.4472688	36.215582	
20.8683	40.1767428	40.2996524	40.4472688	36.215582	
20.87289	40.1767428	40.2996524	40.4472688	36.215582	
20.88308	40.1767428	40.2996524	40.4472688	36.215582	
20.89325	40.1767428	40.2996524	40.4472688	36.215582	
20.9034	40.1767428	40.2996524	40.4472688	36.215582	
20.91351	40.1767428	40.2996524	40.4472688	36.215582	
20.92375	40.1767428	40.2996524	40.4472688	36.215582	
20.93385	40.1767428	40.2996524	40.4472688	36.215582	
20.944	40.1767428	40.2996524	40.4472688	36.215582	
20.95419	40.1767428	40.3083791	40.4472688	36.215582	
20.96429	40.1767428	40.3083791	40.4472688	36.215582	
20.97447	40.1767428	40.3171057	40.4472688	36.215582	
20.98468	40.1767428	40.3171057	40.4472688	36.2243086	
20.99482	40.1767428	40.3171057	40.4472688	36.2243086	
21.005	40.1767428	40.3258324	40.4472688	36.2243086	
21.01514	40.1767428	40.334559	40.4472688	36.2330353	
21.0253	40.1767428	40.3432857	40.4472688	36.2417619	
21.03556	40.1767428	40.3520123	40.4472688	36.2504886	
21.04561	40.1767428	40.360739	40.4472688	36.2592152	
21.05579	40.1767428	40.3781922	40.4472688	36.2679419	
21.06593	40.1767428	40.3869189	40.4472688	36.2853951	
21.07605	40.1767428	40.4043722	40.4472688	36.3028484	
21.08745	40.1767428	40.4218255	40.4472688	36.3203017	
21.09757	40.1767428	40.4392788	40.4472688	36.337755	
21.10789	40.1767428	40.4567321	40.4472688	36.3552083	
21.11814	40.1767428	40.4741854	40.4472688	36.3813883	
21.12825	40.1767428	40.482912	40.4472688	36.4075682	
21.13815	40.1767428	40.5003653	40.4472688	36.4250215	
21.14899	40.1767428	40.5178186	40.4472688	36.4424748	
21.15843	40.1767428	40.5265452	40.4472688	36.4773814	
21.16856	40.1767428	40.5439985	40.4472688	36.4948347	
21.1787	40.1767428	40.5527252	40.4472688	36.5210146	
21.19042	40.1767428	40.5614518	40.4472688	36.5471945	
21.20048	40.1767428	40.5789051	40.4472688	36.5821011	
21.21049	40.1767428	40.5789051	40.4472688	36.6082811	
21.22053	40.1767428	40.5876318	40.4472688	36.6257344	
21.23101	40.1767428	40.5963584	40.4472688	36.6519143	
21.24108	40.1767428	40.5963584	40.4472688	36.6780942	
21.25119	40.1767428	40.5963584	40.4472688	36.7042742	
21.26136	40.1767428	40.5963584	40.4472688	36.7304541	
21.27148	40.1767428	40.5963584	40.4472688	36.756634	
21.28167	40.1767428	40.5963584	40.4472688	36.782814	
21.29299	40.1767428	40.5963584	40.4472688	36.8089939	
21.30307	40.1767428	40.5963584	40.4472688	36.8264472	
21.31322	40.1767428	40.5963584	40.4472688	36.8613538	
21.32336	40.1767428	40.5963584	40.4472688	36.8875337	
21.33347	40.1767428	40.5963584	40.4472688	36.9137137	
21.34362	40.1767428	40.5963584	40.4472688	36.9486203	
21.35379	40.1767428	40.5963584	40.4472688	36.9748002	
21.36397	40.1767428	40.5963584	40.4472688	37.0097068	
21.37408	40.1767428	40.5963584	40.4472688	37.0358867	
21.38425	40.1767428	40.5963584	40.4472688	37.0707933	
21.39568	40.1767428	40.5963584	40.4472688	37.1056999	
21.40579	40.1767428	40.5876318	40.4472688	37.1318798	
21.4159	40.1767428	40.5876318	40.4472688	37.1580598	
21.4261	40.1767428	40.5876318	40.4472688	37.1755131	
21.43691	40.1767428	40.5876318	40.4472688	37.201693	
21.44664	40.1767428	40.5789051	40.4472688	37.2191463	
21.45683	40.1767428	40.5789051	40.4472688	37.2278729	
21.46694	40.1767428	40.5789051	40.4472688	37.2365996	
21.47718	40.1767428	40.5789051	40.4472688	37.2365996	
21.48757	40.1767428	40.5701785	40.4472688	37.2365996	
21.49829	40.1767428	40.5614518	40.4472688	37.2278729	
21.50863	40.1767428	40.5614518	40.4472688	37.2278729	
21.51858	40.1767428	40.5614518	40.4472688	37.2278729	
21.52866	40.1767428	40.5527252	40.4472688	37.2191463	
21.53924	40.1767428	40.5527252	40.4472688	37.2191463	
21.54909	40.1767428	40.5439985	40.4472688	37.2191463	
21.55918	40.1767428	40.5439985	40.4472688	37.2104197	
21.56931	40.1767428	40.5439985	40.4472688	37.2104197	
21.57947	40.1767428	40.5439985	40.4472688	37.2104197	
21.5898	40.1767428	40.5439985	40.4472688	37.2104197	
21.60129	40.1767428	40.5439985	40.4472688	37.2191463	
21.61118	40.1767428	40.5439985	40.4472688	37.2191463	
21.62131	40.1767428	40.5439985	40.4472688	37.2191463	
21.63143	40.1767428	40.5439985	40.4472688	37.2191463	
21.64159	40.1767428	40.5439985	40.4472688	37.2191463	
21.65181	40.1767428	40.5439985	40.4472688	37.2191463	
21.66193	40.1767428	40.5439985	40.4472688	37.2191463	
21.67206	40.1767428	40.5439985	40.4472688	37.2191463	
21.68223	40.1767428	40.5439985	40.4472688	37.2191463	
21.69241	40.1767428	40.5439985	40.4472688	37.2191463	
21.70404	40.1767428	40.5439985	40.4472688	37.2191463	
21.71395	40.1767428	40.5439985	40.4472688	37.2191463	
21.72411	40.1767428	40.5439985	40.4472688	37.2191463	
21.73424	40.1767428	40.5439985	40.4472688	37.2278729	
21.74436	40.1767428	40.5439985	40.4472688	37.2278729	
21.75451	40.1767428	40.5439985	40.4472688	37.2365996	
21.76468	40.1767428	40.5439985	40.4472688	37.2453262	
21.77484	40.1767428	40.5439985	40.4472688	37.2453262	
21.785	40.1767428	40.5527252	40.4472688	37.2540529	
21.79513	40.1767428	40.5527252	40.4472688	37.2715062	
21.80655	40.1767428	40.5527252	40.4472688	37.2802328	
21.81702	40.1767428	40.5527252	40.4472688	37.2976861	
21.82681	40.1767428	40.5527252	40.4472688	37.3064128	
21.837	40.1767428	40.5614518	40.4472688	37.3238661	
21.84706	40.1767428	40.5614518	40.4472688	37.3413193	
21.85724	40.1767428	40.5614518	40.4472688	37.350046	
21.86739	40.1767428	40.5614518	40.4472688	37.3762259	
21.8776	40.1767428	40.5701785	40.4472688	37.3936792	
21.88768	40.1767428	40.5701785	40.4472688	37.4111325	
21.89811	40.1767428	40.5789051	40.4472688	37.4373125	
21.90926	40.1767428	40.5789051	40.4472688	37.4547657	
21.91947	40.1767428	40.5789051	40.4472688	37.4809457	
21.92954	40.1767428	40.5876318	40.4472688	37.5071256	
21.93972	40.1767428	40.5963584	40.4472688	37.5333056	
21.94986	40.1767428	40.5963584	40.4472688	37.5594855	
21.95999	40.1767428	40.605085	40.4472688	37.5856654	
21.97015	40.1767428	40.6138117	40.4472688	37.6118454	
21.98027	40.1767428	40.6225383	40.4472688	37.6292987	
21.99828	40.1767428	40.631265	40.4472688	37.6816586	
22.00281	40.1767428	40.6399916	40.4472688	37.6991118	
22.01361	40.1767428	40.6487183	40.4472688	37.7252918	
22.0234	40.1767428	40.6574449	40.4472688	37.7514717	
22.03357	40.1767428	40.6661716	40.4472688	37.768925	
22.04374	40.1767428	40.6748982	40.4472688	37.8038316	
22.06511	40.1767428	40.7010782	40.4472688	37.8474648	
22.06971	40.1767428	40.7010782	40.4472688	37.8649181	
22.07986	40.1767428	40.7098048	40.4472688	37.8823714	
22.08996	40.1767428	40.7185314	40.4472688	37.9085514	
22.10015	40.1767428	40.7359847	40.4472688	37.9347313	
22.1212	40.1767428	40.7359847	40.4472688	37.9521846	
22.12581	40.1767428	40.753438	40.4472688	37.9870912	
22.13593	40.1767428	40.7621647	40.4472688	38.0045445	
22.14615	40.1767428	40.7708913	40.4472688	38.0219978	
22.15621	40.1767428	40.779618	40.4472688	38.0481777	
22.16645	40.1767428	40.7883446	40.4472688	38.0569043	
22.17656	40.1767428	40.7883446	40.4472688	38.0830843	
22.18671	40.1767428	40.7970713	40.4472688	38.0918109	
22.19687	40.1767428	40.7970713	40.4472688	38.1092642	
22.20697	40.1767428	40.8057979	40.4472688	38.1179909	
22.21776	40.1767428	40.8057979	40.4472688	38.1354442	
22.22781	40.1767428	40.8057979	40.4472688	38.1528974	
22.23789	40.1767428	40.8057979	40.4472688	38.1616241	
22.24801	40.1767428	40.8057979	40.4472688	38.1790774	
22.25835	40.1767428	40.8057979	40.4472688	38.187804	
22.26833	40.1767428	40.8057979	40.4472688	38.1965307	
22.27848	40.1767428	40.8057979	40.4472688	38.2052573	
22.28861	40.1767428	40.8057979	40.4472688	38.213984	
22.29875	40.1767428	40.8057979	40.4472688	38.2227106	
22.31891	40.1767428	40.8057979	40.4472688	38.2314373	
22.32353	40.1767428	40.8057979	40.4472688	38.2488906	
22.33359	40.1767428	40.8057979	40.4472688	38.2488906	
22.34374	40.1767428	40.8057979	40.4472688	38.2576172	
22.35387	40.1767428	40.7970713	40.4472688	38.2576172	
22.36408	40.1767428	40.7970713	40.4472688	38.2663438	
22.37417	40.1767428	40.7883446	40.4472688	38.2750705	
22.38437	40.1767428	40.7708913	40.4472688	38.2750705	
22.39455	40.1767428	40.7621647	40.4472688	38.2837971	
22.40464	40.1767428	40.753438	40.4472688	38.2837971	
22.41484	40.1767428	40.7272581	40.4472688	38.2837971	
22.42511	40.1767428	40.7098048	40.4472688	38.2925238	
22.43629	40.1767428	40.6836249	40.4472688	38.2925238	
22.44532	40.1767428	40.6661716	40.4472688	38.2925238	
22.4555	40.1767428	40.6399916	40.4472688	38.2837971	
22.46559	40.1767428	40.6138117	40.4472688	38.2837971	
22.47584	40.1767428	40.5963584	40.4472688	38.2837971	
22.48594	40.1767428	40.5789051	40.4472688	38.2837971	
22.49609	40.1767428	40.5614518	40.4472688	38.2837971	
22.50623	40.1767428	40.5527252	40.4472688	38.2837971	
22.51636	40.1767428	40.5439985	40.4472688	38.2837971	
22.52686	40.1767428	40.5265452	40.4472688	38.2837971	
22.53695	40.1767428	40.5265452	40.4472688	38.2837971	
22.54709	40.1767428	40.5178186	40.4472688	38.2837971	
22.55729	40.1767428	40.5090919	40.4472688	38.2837971	
22.56737	40.1767428	40.5090919	40.4472688	38.2837971	
22.57761	40.1767428	40.5090919	40.4472688	38.2837971	
22.58782	40.1767428	40.5090919	40.4472688	38.2837971	
22.59785	40.1767428	40.5090919	40.4472688	38.2837971	
22.60797	40.1767428	40.5090919	40.4472688	38.2837971	
22.61834	40.1767428	40.5090919	40.4472688	38.2837971	
22.6285	40.1767428	40.5090919	40.4472688	38.2837971	
22.63854	40.1767428	40.5090919	40.4472688	38.2837971	
22.64868	40.1767428	40.5090919	40.4472688	38.2837971	
22.65888	40.1767428	40.5090919	40.4472688	38.2925238	
22.6695	40.1767428	40.5090919	40.4472688	38.2925238	
22.67917	40.1767428	40.5090919	40.4472688	38.2925238	
22.68929	40.1767428	40.5090919	40.4472688	38.2925238	
22.69943	40.1767428	40.5090919	40.4472688	38.2925238	
22.70955	40.1767428	40.5090919	40.4472688	38.2925238	
22.7198	40.1767428	40.5178186	40.4472688	38.3012504	
22.7315	40.1767428	40.5178186	40.4472688	38.3099771	
22.74141	40.1767428	40.5178186	40.4472688	38.3099771	
22.7515	40.1767428	40.5265452	40.4472688	38.3187037	
22.76163	40.1767428	40.5265452	40.4472688	38.3274304	
22.77188	40.1767428	40.5265452	40.4472688	38.336157	
22.78198	40.1767428	40.5265452	40.4472688	38.3448837	
22.79213	40.1767428	40.5265452	40.4472688	38.3536103	
22.80236	40.1767428	40.5265452	40.4472688	38.362337	
22.81242	40.1767428	40.5265452	40.4472688	38.3710636	
22.82261	40.1767428	40.5265452	40.4472688	38.3885169	
22.83389	40.1767428	40.5265452	40.4472688	38.3972435	
22.84407	40.1767428	40.5265452	40.4472688	38.4146968	
22.8542	40.1767428	40.5265452	40.4472688	38.4234235	
22.86434	40.1767428	40.5265452	40.4472688	38.4408768	
22.8745	40.1767428	40.5265452	40.4472688	38.4583301	
22.88466	40.1767428	40.5265452	40.4472688	38.4670567	
22.8948	40.1767428	40.5265452	40.4472688	38.4932367	
22.90494	40.1767428	40.5265452	40.4472688	38.5019633	
22.91511	40.1767428	40.5265452	40.4472688	38.5194166	
22.9253	40.1767428	40.5265452	40.4472688	38.5368699	
22.93686	40.1767428	40.5265452	40.4472688	38.5630498	
22.94674	40.1767428	40.5265452	40.4472688	38.5717765	
22.95686	40.1767428	40.5265452	40.4472688	38.5979564	
22.96702	40.1767428	40.5265452	40.4472688	38.6066831	
22.97714	40.1767428	40.5265452	40.4472688	38.6241363	
22.98736	40.1767428	40.5265452	40.4472688	38.6415896	
22.99745	40.1767428	40.5265452	40.4472688	38.6503163	
23.00766	40.1767428	40.5265452	40.4472688	38.6677696	
23.01778	40.1767428	40.5265452	40.4472688	38.6764962	
23.02824	40.1767428	40.5265452	40.4472688	38.6852229	
23.0393	40.1767428	40.5265452	40.4472688	38.7026762	
23.04947	40.1767428	40.5265452	40.4472688	38.7114028	
23.05963	40.1767428	40.5265452	40.4472688	38.7201295	
23.06969	40.1767428	40.5265452	40.4472688	38.7288561	
23.07992	40.1767428	40.5265452	40.4472688	38.7375827	
23.09002	40.1767428	40.5265452	40.4472688	38.7463094	
23.10017	40.1767428	40.5265452	40.4472688	38.7463094	
23.11833	40.1767428	40.5265452	40.4472688	38.7637627	
23.12285	40.1767428	40.5265452	40.4472688	38.7637627	
23.13302	40.1767428	40.5265452	40.4472688	38.7724893	
23.14323	40.1767428	40.5265452	40.4472688	38.781216	
23.15341	40.1767428	40.5265452	40.4472688	38.781216	
23.16356	40.1767428	40.5265452	40.4472688	38.7899426	
23.17367	40.1767428	40.5265452	40.4472688	38.7986693	
23.1839	40.1767428	40.5265452	40.4472688	38.8073959	
23.19403	40.1767428	40.5265452	40.4472688	38.8161226	
23.20419	40.1767428	40.5265452	40.4472688	38.8161226	
23.21433	40.1767428	40.5265452	40.4472688	38.8248492	
23.22446	40.1767428	40.5265452	40.4472688	38.8335759	
23.23468	40.1767428	40.5265452	40.4472688	38.8423025	
23.24539	40.1767428	40.5265452	40.4472688	38.8510291	
23.2555	40.1767428	40.5265452	40.4472688	38.8510291	
23.26568	40.1767428	40.5265452	40.4472688	38.8597558	
23.2759	40.1767428	40.5352719	40.4472688	38.8684824	
23.28593	40.1767428	40.5352719	40.4472688	38.8772091	
23.29614	40.1767428	40.5352719	40.4472688	38.8859357	
23.3063	40.1767428	40.5352719	40.4472688	38.903389	
23.31649	40.1767428	40.5352719	40.4472688	38.9121157	
23.32655	40.1767428	40.5439985	40.4472688	38.9208423	
23.33693	40.1767428	40.5439985	40.4472688	38.929569	
23.34846	40.1767428	40.5439985	40.4472688	38.9470223	
23.35816	40.1767428	40.5439985	40.4472688	38.9557489	
23.36829	40.1767428	40.5439985	40.4472688	38.9732022	
23.37846	40.1767428	40.5439985	40.4472688	38.9906555	
23.38859	40.1767428	40.5439985	40.4472688	38.9993821	
23.39872	40.1767428	40.5439985	40.4472688	39.0168354	
23.40894	40.1767428	40.5439985	40.4472688	39.0255621	
23.41908	40.1767428	40.5439985	40.4472688	39.051742	
23.43856	40.1767428	40.5439985	40.4472688	39.077922	
23.44311	40.1767428	40.5439985	40.4472688	39.0866486	
23.45358	40.1767428	40.5439985	40.4472688	39.1041019	
23.46365	40.1767428	40.5439985	40.4472688	39.1302818	
23.47386	40.1767428	40.5439985	40.4472688	39.1390085	
23.48402	40.1767428	40.5439985	40.4472688	39.1651884	
23.49417	40.1767428	40.5439985	40.4472688	39.1739151	
23.50426	40.1767428	40.5439985	40.4472688	39.1913684	
23.51453	40.1767428	40.5439985	40.4472688	39.2088216	
23.52463	40.1767428	40.5439985	40.4472688	39.2262749	
23.53473	40.1767428	40.5439985	40.4472688	39.2350016	
23.54493	40.1767428	40.5439985	40.4472688	39.2524549	
23.55514	40.1767428	40.5439985	40.4472688	39.2699082	
23.56536	40.1767428	40.5439985	40.4472688	39.2786348	
23.57549	40.1767428	40.5439985	40.4472688	39.2960881	
23.58564	40.1767428	40.5439985	40.4472688	39.3048148	
23.59583	40.1767428	40.5439985	40.4472688	39.3048148	
23.60595	40.1767428	40.5439985	40.4472688	39.3048148	
23.61609	40.1767428	40.5439985	40.4472688	39.3135414	
23.62624	40.1767428	40.5439985	40.4472688	39.3135414	
23.63638	40.1767428	40.5439985	40.4472688	39.3135414	
23.64668	40.1767428	40.5439985	40.4472688	39.3048148	
23.65676	40.1767428	40.5439985	40.4472688	39.3048148	
23.66696	40.1767428	40.5439985	40.4472688	39.3048148	
23.67711	40.1767428	40.5439985	40.4472688	39.3048148	
23.68722	40.1767428	40.5439985	40.4472688	39.3048148	
23.69735	40.1767428	40.5439985	40.4472688	39.3048148	
23.70759	40.1767428	40.5439985	40.4472688	39.3048148	
23.71766	40.1767428	40.5439985	40.4472688	39.3048148	
23.72782	40.1767428	40.5439985	40.4472688	39.3048148	
23.73794	40.1767428	40.5439985	40.4472688	39.3048148	
23.74827	40.1767428	40.5439985	40.4472688	39.3048148	
23.75878	40.1767428	40.5439985	40.4472688	39.3048148	
23.76904	40.1767428	40.5439985	40.4472688	39.3048148	
23.77914	40.1767428	40.5439985	40.4472688	39.3048148	
23.7893	40.1767428	40.5439985	40.4472688	39.3048148	
23.79968	40.1767428	40.5439985	40.4472688	39.3048148	
23.80954	40.1767428	40.5439985	40.4472688	39.3048148	
23.81974	40.1767428	40.5439985	40.4472688	39.3048148	
23.82984	40.1767428	40.5439985	40.4472688	39.3048148	
23.83995	40.1767428	40.5439985	40.4472688	39.3048148	
23.85015	40.1767428	40.5439985	40.4472688	39.3048148	
23.86166	40.1767428	40.5439985	40.4472688	39.3048148	
23.87179	40.1767428	40.5439985	40.4472688	39.3048148	
23.88193	40.1767428	40.5439985	40.4472688	39.3048148	
23.89209	40.1767428	40.5439985	40.4472688	39.3135414	
23.90225	40.1767428	40.5439985	40.4472688	39.3135414	
23.91241	40.1767428	40.5439985	40.4472688	39.3135414	
23.9226	40.1767428	40.5439985	40.4472688	39.322268	
23.93272	40.1767428	40.5439985	40.4472688	39.322268	
23.94283	40.1767428	40.5439985	40.4472688	39.3309947	
23.95303	40.1767428	40.5439985	40.4472688	39.3309947	
23.96436	40.1767428	40.5439985	40.4472688	39.3397213	
23.97447	40.1767428	40.5439985	40.4472688	39.348448	
23.98469	40.1767428	40.5439985	40.4472688	39.3659013	
23.99483	40.1767428	40.5439985	40.4472688	39.3746279	
24.00495	40.1767428	40.5439985	40.4472688	39.3833546	
24.01516	40.1767428	40.5439985	40.4472688	39.4008079	
24.0253	40.1767428	40.5439985	40.4472688	39.4095345	
24.03544	40.1767428	40.5439985	40.4472688	39.4269878	
24.04555	40.1767428	40.5439985	40.4472688	39.4357144	
24.06695	40.1767428	40.5439985	40.4472688	39.470621	
24.0719	40.1767428	40.5439985	40.4472688	39.4793477	
24.08175	40.1767428	40.5439985	40.4472688	39.4880743	
24.09196	40.1767428	40.5439985	40.4472688	39.5055276	
24.10203	40.1767428	40.5439985	40.4472688	39.5229809	
24.11223	40.1767428	40.5439985	40.4472688	39.5404342	
24.12242	40.1767428	40.5439985	40.4472688	39.5491609	
24.13255	40.1767428	40.5439985	40.4472688	39.5753408	
24.1427	40.1767428	40.5439985	40.4472688	39.5840674	
24.15284	40.1767428	40.5439985	40.4472688	39.6015207	
24.16548	40.1767428	40.5439985	40.4472688	39.618974	
24.17328	40.1767428	40.5439985	40.4472688	39.6277007	
24.18336	40.1767428	40.5439985	40.4472688	39.645154	
24.19353	40.1767428	40.5439985	40.4472688	39.6538806	
24.20367	40.1767428	40.5439985	40.4472688	39.6626073	
24.21385	40.1767428	40.5439985	40.4472688	39.6800605	
24.22398	40.1767428	40.5439985	40.4472688	39.6887872	
24.23413	40.1767428	40.5439985	40.4472688	39.6975138	
24.24428	40.1767428	40.5527252	40.4472688	39.7062405	
24.25441	40.1767428	40.5527252	40.4472688	39.7149671	
24.26459	40.1767428	40.5527252	40.4472688	39.7236938	
24.27481	40.1767428	40.5527252	40.4472688	39.7236938	
24.28494	40.1767428	40.5527252	40.4472688	39.7324204	
24.29507	40.1767428	40.5614518	40.4472688	39.7411471	
24.30524	40.1767428	40.5614518	40.4472688	39.7411471	
24.31614	40.1767428	40.5614518	40.4472688	39.7498737	
24.3262	40.1767428	40.5614518	40.4472688	39.7498737	
24.33635	40.1767428	40.5614518	40.4472688	39.7498737	
24.34654	40.1767428	40.5614518	40.4472688	39.7498737	
24.35672	40.1767428	40.5614518	40.4472688	39.7498737	
24.36692	40.1767428	40.5614518	40.4472688	39.7498737	
24.37704	40.1767428	40.5614518	40.4472688	39.7498737	
24.3872	40.1767428	40.5614518	40.4472688	39.7498737	
24.3974	40.1767428	40.5527252	40.4472688	39.7498737	
24.40765	40.1767428	40.5439985	40.4472688	39.7498737	
24.41808	40.1767428	40.5439985	40.4472688	39.7498737	
24.42785	40.1767428	40.5265452	40.4472688	39.7498737	
24.43827	40.1767428	40.5265452	40.4472688	39.7498737	
24.44808	40.1767428	40.5090919	40.4472688	39.7498737	
24.45821	40.1767428	40.5003653	40.4472688	39.7498737	
24.46838	40.1767428	40.4916386	40.4472688	39.7498737	
24.4787	40.1767428	40.4741854	40.4472688	39.7498737	
24.48879	40.1767428	40.4567321	40.4472688	39.7498737	
24.49899	40.1767428	40.4480054	40.4472688	39.7498737	
24.50911	40.1767428	40.4305521	40.4472688	39.7498737	
24.51966	40.1767428	40.4218255	40.4472688	39.7498737	
24.52939	40.1767428	40.4043722	40.4472688	39.7498737	
24.53953	40.1767428	40.4043722	40.4472688	39.7498737	
24.54971	40.1767428	40.3956455	40.4472688	39.7498737	
24.55998	40.1767428	40.3869189	40.4472688	39.7498737	
24.56998	40.1767428	40.3869189	40.4472688	39.7498737	
24.58039	40.1767428	40.3869189	40.4472688	39.7498737	
24.59056	40.1767428	40.3869189	40.4472688	39.7498737	
24.60066	40.1767428	40.3869189	40.4472688	39.7498737	
24.61079	40.1767428	40.3956455	40.4472688	39.7498737	
24.62108	40.1767428	40.3956455	40.4472688	39.7498737	
24.6312	40.1767428	40.3956455	40.4472688	39.7498737	
24.64139	40.1767428	40.3956455	40.4472688	39.7498737	
24.65156	40.1767428	40.3956455	40.4472688	39.7498737	
24.66166	40.1767428	40.3956455	40.4472688	39.7498737	
24.67183	40.1767428	40.3956455	40.4472688	39.7498737	
24.68346	40.1767428	40.4043722	40.4472688	39.7498737	
24.69329	40.1767428	40.4043722	40.4472688	39.7498737	
24.70337	40.1767428	40.4043722	40.4472688	39.7498737	
24.71354	40.1767428	40.4043722	40.4472688	39.7498737	
24.72369	40.1767428	40.4043722	40.4472688	39.7498737	
24.73386	40.1767428	40.4043722	40.4472688	39.7498737	
24.744	40.1767428	40.4043722	40.4472688	39.7498737	
24.75411	40.1767428	40.4043722	40.4472688	39.7498737	
24.76434	40.1767428	40.4043722	40.4472688	39.7498737	
24.77441	40.1767428	40.4043722	40.4472688	39.7498737	
24.78584	40.1767428	40.4043722	40.4472688	39.7498737	
24.796	40.1767428	40.4043722	40.4472688	39.7498737	
24.80606	40.1767428	40.4043722	40.4472688	39.7498737	
24.81627	40.1767428	40.4130988	40.4472688	39.7498737	
24.82687	40.1767428	40.4130988	40.4472688	39.7498737	
24.83659	40.1767428	40.4218255	40.4472688	39.7498737	
24.84669	40.1767428	40.4218255	40.4472688	39.7498737	
24.85688	40.1767428	40.4305521	40.4472688	39.7498737	
24.86703	40.1767428	40.4392788	40.4472688	39.7498737	
24.87713	40.1767428	40.4480054	40.4472688	39.7498737	
24.8886	40.1767428	40.4567321	40.4472688	39.7498737	
24.89863	40.1767428	40.4567321	40.4472688	39.7498737	
24.90875	40.1767428	40.4654587	40.4472688	39.7498737	
24.91893	40.1767428	40.4654587	40.4472688	39.7498737	
24.92964	40.1767428	40.4741854	40.4472688	39.7498737	
24.93919	40.1767428	40.4741854	40.4472688	39.7498737	
24.94936	40.1767428	40.4741854	40.4472688	39.7498737	
24.95947	40.1767428	40.4741854	40.4472688	39.7498737	
24.96957	40.1767428	40.4654587	40.4472688	39.7498737	
24.97982	40.1767428	40.4654587	40.4472688	39.7498737	
24.9916	40.1767428	40.4567321	40.4472688	39.7498737	
25.00142	40.1767428	40.4567321	40.4472688	39.7498737	
25.01156	40.1767428	40.4392788	40.4472688	39.7498737	
25.02174	40.1767428	40.4392788	40.4472688	39.7498737	
25.03191	40.1767428	40.4218255	40.4472688	39.7498737	
25.04204	40.1767428	40.4130988	40.4472688	39.7498737	
25.05226	40.1767428	40.4043722	40.4472688	39.7498737	
25.06237	40.1767428	40.3869189	40.4472688	39.7498737	
25.07252	40.1767428	40.3781922	40.4472688	39.7498737	
25.08273	40.1767428	40.3694656	40.4472688	39.7498737	
25.09421	40.1767428	40.3520123	40.4472688	39.7498737	
25.10419	40.1767428	40.3432857	40.4472688	39.7498737	
25.11436	40.1767428	40.3258324	40.4472688	39.7498737	
25.12452	40.1767428	40.3171057	40.4472688	39.7498737	
25.13462	40.1767428	40.2996524	40.4472688	39.7498737	
25.14486	40.1767428	40.2909258	40.4472688	39.7498737	
25.15499	40.1767428	40.2821991	40.4472688	39.7498737	
25.16515	40.1767428	40.2821991	40.4472688	39.7498737	
25.1753	40.1767428	40.2821991	40.4472688	39.7498737	
25.18544	40.1767428	40.2821991	40.4472688	39.7498737	
25.19681	40.1767428	40.2821991	40.4472688	39.7498737	
25.20687	40.1767428	40.2821991	40.4472688	39.7498737	
25.21702	40.1767428	40.2821991	40.4472688	39.7498737	
25.22721	40.1767428	40.2909258	40.4472688	39.7498737	
25.23734	40.1767428	40.2909258	40.4472688	39.7498737	
25.24746	40.1767428	40.2909258	40.4472688	39.7498737	
25.25766	40.1767428	40.2996524	40.4472688	39.7498737	
25.26782	40.1767428	40.2996524	40.4472688	39.7498737	
25.27792	40.1767428	40.2996524	40.4472688	39.7498737	
25.28829	40.1767428	40.3083791	40.4472688	39.7498737	
25.29961	40.1767428	40.3171057	40.4472688	39.7498737	
25.30961	40.1767428	40.3171057	40.4472688	39.7498737	
25.31972	40.1767428	40.3258324	40.4472688	39.7498737	
25.33022	40.1767428	40.334559	40.4472688	39.7498737	
25.34008	40.1767428	40.3520123	40.4472688	39.7498737	
25.3502	40.1767428	40.3520123	40.4472688	39.7498737	
25.36039	40.1767428	40.3694656	40.4472688	39.7498737	
25.37048	40.1767428	40.3781922	40.4472688	39.7498737	
25.38069	40.1767428	40.3869189	40.4472688	39.7498737	
25.39103	40.1767428	40.3956455	40.4472688	39.7498737	
25.40217	40.1767428	40.4043722	40.4472688	39.7498737	
25.41234	40.1767428	40.4130988	40.4472688	39.7498737	
25.42246	40.1767428	40.4218255	40.4472688	39.7498737	
25.43257	40.1767428	40.4305521	40.4472688	39.7498737	
25.44415	40.1767428	40.4392788	40.4472688	39.7498737	
25.45309	40.1767428	40.4392788	40.4472688	39.7498737	
25.46303	40.1767428	40.4480054	40.4472688	39.7498737	
25.4732	40.1767428	40.4567321	40.4472688	39.7498737	
25.48334	40.1767428	40.4567321	40.4472688	39.7498737	
25.49358	40.1767428	40.4567321	40.4472688	39.7498737	
25.50515	40.1767428	40.4567321	40.4472688	39.7498737	
25.51516	40.1767428	40.4567321	40.4472688	39.7498737	
25.52519	40.1767428	40.4654587	40.4472688	39.7498737	
25.53533	40.1767428	40.4654587	40.4472688	39.7498737	
25.54547	40.1767428	40.4654587	40.4472688	39.7498737	
25.55567	40.1767428	40.4654587	40.4472688	39.7498737	
25.5658	40.1767428	40.4654587	40.4472688	39.7498737	
25.57594	40.1767428	40.4654587	40.4472688	39.7498737	
25.58608	40.1767428	40.4654587	40.4472688	39.7498737	
25.59622	40.1767428	40.4654587	40.4472688	39.7498737	
25.60793	40.1767428	40.4654587	40.4472688	39.7498737	
25.61781	40.1767428	40.4567321	40.4472688	39.7498737	
25.62797	40.1767428	40.4567321	40.4472688	39.7498737	
25.63802	40.1767428	40.4567321	40.4472688	39.7498737	
25.64834	40.1767428	40.4567321	40.4472688	39.7498737	
25.65834	40.1767428	40.4567321	40.4472688	39.7498737	
25.66849	40.1767428	40.4567321	40.4472688	39.7498737	
25.67864	40.1767428	40.4480054	40.4472688	39.7498737	
25.6969	40.1767428	40.4392788	40.4472688	39.7498737	
25.70156	40.1767428	40.4305521	40.4472688	39.7498737	
25.71184	40.1767428	40.4218255	40.4472688	39.7498737	
25.72184	40.1767428	40.4218255	40.4472688	39.7498737	
25.73207	40.1767428	40.4043722	40.4472688	39.7498737	
25.74212	40.1767428	40.3956455	40.4472688	39.7498737	
25.75227	40.1767428	40.3869189	40.4472688	39.7498737	
25.76245	40.1767428	40.3781922	40.4472688	39.7498737	
25.77263	40.1767428	40.3694656	40.4472688	39.7498737	
25.78276	40.1767428	40.3694656	40.4472688	39.7498737	
25.79289	40.1767428	40.360739	40.4472688	39.7498737	
25.80308	40.1767428	40.3520123	40.4472688	39.7498737	
25.81357	40.1767428	40.3520123	40.4472688	39.7498737	
25.82342	40.1767428	40.3520123	40.4472688	39.7498737	
25.8336	40.1767428	40.3520123	40.4472688	39.7498737	
25.84371	40.1767428	40.3520123	40.4472688	39.7498737	
25.85384	40.1767428	40.3520123	40.4472688	39.7498737	
25.86403	40.1767428	40.3520123	40.4472688	39.7498737	
25.87419	40.1767428	40.3520123	40.4472688	39.7498737	
25.88437	40.1767428	40.3520123	40.4472688	39.7498737	
25.89448	40.1767428	40.360739	40.4472688	39.7498737	
25.90461	40.1767428	40.360739	40.4472688	39.7498737	
25.91578	40.1767428	40.360739	40.4472688	39.7498737	
25.92585	40.1767428	40.3694656	40.4472688	39.7498737	
25.93599	40.1767428	40.3694656	40.4472688	39.7498737	
25.94613	40.1767428	40.3781922	40.4472688	39.7498737	
25.95629	40.1767428	40.3869189	40.4472688	39.7498737	
25.96646	40.1767428	40.3869189	40.4472688	39.7498737	
25.97663	40.1767428	40.4043722	40.4472688	39.7498737	
25.98678	40.1767428	40.4130988	40.4472688	39.7498737	
25.99691	40.1767428	40.4218255	40.4472688	39.7498737	
26.007	40.1767428	40.4305521	40.4472688	39.7498737	
26.01877	40.1767428	40.4392788	40.4472688	39.7498737	
26.02871	40.1767428	40.4567321	40.4472688	39.7498737	
26.03889	40.1767428	40.4567321	40.4472688	39.7498737	
26.05945	40.1767428	40.4741854	40.4472688	39.7498737	
26.06401	40.1767428	40.4916386	40.4472688	39.7498737	
26.07418	40.1767428	40.5003653	40.4472688	39.7498737	
26.08439	40.1767428	40.5090919	40.4472688	39.7498737	
26.09449	40.1767428	40.5178186	40.4472688	39.7498737	
26.1046	40.1767428	40.5265452	40.4472688	39.7498737	
26.11701	40.1767428	40.5265452	40.4472688	39.7498737	
26.12529	40.1767428	40.5352719	40.4472688	39.7498737	
26.13539	40.1767428	40.5352719	40.4472688	39.7498737	
26.14567	40.1767428	40.5439985	40.4472688	39.7498737	
26.15567	40.1767428	40.5439985	40.4472688	39.7498737	
26.16588	40.1767428	40.5439985	40.4472688	39.7498737	
26.17602	40.1767428	40.5439985	40.4472688	39.7498737	
26.18616	40.1767428	40.5439985	40.4472688	39.7498737	
26.19639	40.1767428	40.5439985	40.4472688	39.7498737	
26.20682	40.1767428	40.5439985	40.4472688	39.7498737	
26.21666	40.1767428	40.5439985	40.4472688	39.7498737	
26.22691	40.1767428	40.5352719	40.4472688	39.7498737	
26.237	40.1767428	40.5265452	40.4472688	39.7498737	
26.24709	40.1767428	40.5265452	40.4472688	39.7498737	
26.25724	40.1767428	40.5265452	40.4472688	39.7498737	
26.26742	40.1767428	40.5090919	40.4472688	39.7498737	
26.2777	40.1767428	40.5090919	40.4472688	39.7498737	
26.28783	40.1767428	40.4916386	40.4472688	39.7498737	
26.29795	40.1767428	40.482912	40.4472688	39.7498737	
26.30816	40.1767428	40.4741854	40.4472688	39.7498737	
26.32741	40.1767428	40.4567321	40.4472688	39.7498737	
26.33202	40.1767428	40.4392788	40.4472688	39.7498737	
26.34213	40.1767428	40.4218255	40.4472688	39.7498737	
26.35232	40.1767428	40.4130988	40.4472688	39.7498737	
26.36242	40.1767428	40.4043722	40.4472688	39.7498737	
26.37259	40.1767428	40.3869189	40.4472688	39.7498737	
26.38276	40.1767428	40.3869189	40.4472688	39.7498737	
26.39293	40.1767428	40.3869189	40.4472688	39.7498737	
26.40309	40.1767428	40.3869189	40.4472688	39.7498737	
26.41319	40.1767428	40.3869189	40.4472688	39.7498737	
26.42845	40.1767428	40.3869189	40.4472688	39.7498737	
26.44132	40.1767428	40.3869189	40.4472688	39.7498737	
26.45148	40.1767428	40.3869189	40.4472688	39.7498737	
26.46183	40.1767428	40.3956455	40.4472688	39.7498737	
26.47192	40.1767428	40.3956455	40.4472688	39.7498737	
26.48212	40.1767428	40.3956455	40.4472688	39.7498737	
26.49239	40.1767428	40.3956455	40.4472688	39.7498737	
26.50249	40.1767428	40.3956455	40.4472688	39.7498737	
26.51277	40.1767428	40.3956455	40.4472688	39.7498737	
26.52302	40.1767428	40.3956455	40.4472688	39.7498737	
26.53314	40.1767428	40.3956455	40.4472688	39.7498737	
26.54332	40.1767428	40.3956455	40.4472688	39.7498737	
26.55357	40.1767428	40.3956455	40.4472688	39.7498737	
26.56376	40.1767428	40.3956455	40.4472688	39.7498737	
26.57403	40.1767428	40.4043722	40.4472688	39.7498737	
26.58425	40.1767428	40.4043722	40.4472688	39.7498737	
26.59444	40.1767428	40.4043722	40.4472688	39.7498737	
26.60473	40.1767428	40.4043722	40.4472688	39.7498737	
26.61489	40.1767428	40.4130988	40.4472688	39.7498737	
26.62511	40.1767428	40.4218255	40.4472688	39.7498737	
26.63533	40.1767428	40.4218255	40.4472688	39.7498737	
26.64554	40.1767428	40.4305521	40.4472688	39.7498737	
26.65574	40.1767428	40.4392788	40.4472688	39.7586004	
26.66595	40.1767428	40.4480054	40.4472688	39.7586004	
26.67627	40.1767428	40.4567321	40.4472688	39.7586004	
26.68648	40.1767428	40.4741854	40.4472688	39.767327	
26.6966	40.1767428	40.482912	40.4472688	39.7760537	
26.70709	40.1767428	40.4916386	40.4472688	39.7847803	
26.71703	40.1767428	40.5003653	40.4472688	39.7935069	
26.72725	40.1767428	40.5090919	40.4472688	39.7935069	
26.7375	40.1767428	40.5265452	40.4472688	39.8109602	
26.74775	40.1767428	40.5265452	40.4472688	39.8196869	
26.758	40.1767428	40.5439985	40.4472688	39.8284135	
26.76819	40.1767428	40.5527252	40.4472688	39.8371402	
26.77844	40.1767428	40.5614518	40.4472688	39.8545935	
26.78866	40.1767428	40.5701785	40.4472688	39.8633201	
26.79885	40.1767428	40.5789051	40.4472688	39.8807734	
26.81739	40.1767428	40.5789051	40.4472688	39.8982267	
26.82231	40.1767428	40.5789051	40.4472688	39.91568	
26.83426	40.1767428	40.5876318	40.4472688	39.9331333	
26.84279	40.1767428	40.5876318	40.4472688	39.9418599	
26.85297	40.1767428	40.5876318	40.4472688	39.9593132	
26.86317	40.1767428	40.5876318	40.4472688	39.9767665	
26.87338	40.1767428	40.5876318	40.4472688	39.9942198	
26.88357	40.1767428	40.5876318	40.4472688	40.0116731	
26.90207	40.1767428	40.5876318	40.4472688	40.0465797	
26.90694	40.1767428	40.5876318	40.4472688	40.0553063	
26.92558	40.1767428	40.5876318	40.4472688	40.0902129	
26.93038	40.1767428	40.5876318	40.4472688	40.0989396	
26.95737	40.1767428	40.5876318	40.4472688	40.1338461	
26.96219	40.1767428	40.5876318	40.4472688	40.1512994	
26.9725	40.1767428	40.5876318	40.4472688	40.1687527	
26.98263	40.1767428	40.5876318	40.4472688	40.186206	
26.99282	40.1767428	40.5876318	40.4472688	40.2036593	
27.00306	40.1767428	40.5876318	40.4472688	40.2211126	
27.01326	40.1767428	40.5876318	40.4472688	40.2385659	
27.02347	40.1767428	40.5876318	40.4472688	40.2560192	
27.0351	40.1767428	40.5876318	40.4472688	40.2734725	
27.04383	40.1767428	40.5876318	40.4472688	40.2909258	
27.05417	40.1767428	40.5876318	40.4472688	40.3083791	
27.06435	40.1767428	40.5876318	40.4472688	40.3258324	
27.07455	40.1767428	40.5876318	40.4472688	40.3520123	
27.0848	40.1767428	40.5876318	40.4472688	40.360739	
27.09499	40.1767428	40.5876318	40.4472688	40.3869189	
27.1052	40.1767428	40.5876318	40.4472688	40.4043722	
27.11534	40.1767428	40.5876318	40.4472688	40.4218255	
27.12557	40.1767428	40.5876318	40.4472688	40.4480054	
27.13629	40.1767428	40.5876318	40.4472688	40.4567321	
27.14604	40.1767428	40.5876318	40.4472688	40.482912	
27.16459	40.1767428	40.5876318	40.4472688	40.5003653	
27.1695	40.1767428	40.5876318	40.4472688	40.5265452	
27.18002	40.1767428	40.5876318	40.4472688	40.5527252	
27.18994	40.1767428	40.5876318	40.4472688	40.5701785	
27.20027	40.1767428	40.5876318	40.4472688	40.5963584	
27.21027	40.1767428	40.5876318	40.4472688	40.6225383	
27.2206	40.1767428	40.5876318	40.4472688	40.6399916	
27.23081	40.1767428	40.5876318	40.4472688	40.6661716	
27.24099	40.1767428	40.5876318	40.4472688	40.6923515	
27.25121	40.1767428	40.5876318	40.4472688	40.7098048	
27.26139	40.1767428	40.5876318	40.4472688	40.7359847	
27.27156	40.1767428	40.5876318	40.4472688	40.7621647	
27.28174	40.1767428	40.5876318	40.4472688	40.7883446	
27.29195	40.1767428	40.5876318	40.4472688	40.8057979	
27.3021	40.1767428	40.5876318	40.4472688	40.8407045	
27.31236	40.1767428	40.5876318	40.4472688	40.8668844	
27.32257	40.1767428	40.5876318	40.4472688	40.8843377	
27.33284	40.1767428	40.5876318	40.4472688	40.9105177	
27.34297	40.1767428	40.5876318	40.4472688	40.9454243	
27.35319	40.1767428	40.5876318	40.4472688	40.9716042	
27.3634	40.1767428	40.5876318	40.4472688	40.9977841	
27.37363	40.1767428	40.5876318	40.4472688	41.0152374	
27.38376	40.1767428	40.5876318	40.4472688	41.050144	
27.39402	40.1767428	40.5876318	40.4472688	41.0763239	
27.40431	40.1767428	40.5876318	40.4472688	41.1025039	
27.41437	40.1767428	40.5876318	40.4472688	41.1199572	
27.42468	40.1767428	40.5876318	40.4472688	41.1461371	
27.43498	40.1767428	40.5876318	40.4472688	41.1723171	
27.4451	40.1767428	40.5876318	40.4472688	41.1897703	
27.45527	40.1767428	40.5876318	40.4472688	41.2159503	
27.46556	40.1767428	40.5789051	40.4472688	41.2334036	
27.47574	40.1767428	40.5789051	40.4472688	41.2508569	
27.48606	40.1767428	40.5701785	40.4472688	41.2683102	
27.49623	40.1767428	40.5614518	40.4472688	41.2857635	
27.50654	40.1767428	40.5527252	40.4472688	41.2944901	
27.51668	40.1767428	40.5439985	40.4472688	41.3032167	
27.52686	40.1767428	40.5352719	40.4472688	41.3032167	
27.53711	40.1767428	40.5265452	40.4472688	41.3032167	
27.54729	40.1767428	40.5178186	40.4472688	41.3032167	
27.55764	40.1767428	40.5090919	40.4472688	41.3032167	
27.56777	40.1767428	40.4916386	40.4472688	41.2944901	
27.57796	40.1767428	40.4916386	40.4472688	41.2944901	
27.58828	40.1767428	40.4741854	40.4472688	41.2944901	
27.59841	40.1767428	40.4741854	40.4472688	41.2944901	
27.60864	40.1767428	40.4654587	40.4472688	41.2857635	
27.61892	40.1767428	40.4567321	40.4472688	41.2857635	
27.62918	40.1767428	40.4567321	40.4472688	41.2857635	
27.63929	40.1767428	40.4480054	40.4472688	41.2857635	
27.64959	40.1767428	40.4392788	40.4472688	41.2857635	
27.65973	40.1767428	40.4392788	40.4472688	41.2857635	
27.67811	40.1767428	40.4218255	40.4472688	41.2857635	
27.68267	40.1767428	40.4218255	40.4472688	41.2857635	
27.69278	40.1767428	40.4218255	40.4472688	41.2857635	
27.70295	40.1767428	40.4218255	40.4472688	41.2857635	
27.71308	40.1767428	40.4218255	40.4472688	41.2857635	
27.72323	40.1767428	40.4130988	40.4472688	41.2857635	
27.73342	40.1767428	40.4130988	40.4472688	41.2857635	
27.74356	40.1767428	40.4130988	40.4472688	41.2857635	
27.75373	40.1767428	40.4130988	40.4472688	41.2857635	
27.76386	40.1767428	40.4130988	40.4472688	41.2857635	
27.774	40.1767428	40.4130988	40.4472688	41.2857635	
27.78415	40.1767428	40.4130988	40.4472688	41.2857635	
27.79431	40.1767428	40.4130988	40.4472688	41.2857635	
27.80451	40.1767428	40.4130988	40.4472688	41.2857635	
27.81461	40.1767428	40.4130988	40.4472688	41.2857635	
27.82472	40.1767428	40.4130988	40.4472688	41.2857635	
27.83497	40.1767428	40.4130988	40.4472688	41.2857635	
27.84505	40.1767428	40.4130988	40.4472688	41.2857635	
27.85543	40.1767428	40.4130988	40.4472688	41.2857635	
27.86538	40.1767428	40.4130988	40.4472688	41.2857635	
27.87555	40.1767428	40.4130988	40.4472688	41.2857635	
27.89359	40.1767428	40.4130988	40.4472688	41.2857635	
27.89814	40.1767428	40.4130988	40.4472688	41.2857635	
27.90836	40.1767428	40.4130988	40.4472688	41.2857635	
27.91844	40.1767428	40.4130988	40.4472688	41.2857635	
27.92858	40.1767428	40.4130988	40.4472688	41.2857635	
27.93875	40.1767428	40.4130988	40.4472688	41.2857635	
27.94895	40.1767428	40.4130988	40.4472688	41.2857635	
27.95911	40.1767428	40.4130988	40.4472688	41.2857635	
27.9692	40.1767428	40.4130988	40.4472688	41.2857635	
27.97933	40.1767428	40.4130988	40.4472688	41.2857635	
27.98947	40.1767428	40.4130988	40.4472688	41.2857635	
27.99958	40.1767428	40.4130988	40.4472688	41.2857635	
28.0098	40.1767428	40.4130988	40.4472688	41.2857635	
28.0201	40.1767428	40.4130988	40.4472688	41.2857635	
28.03006	40.1767428	40.4130988	40.4472688	41.2857635	
28.04017	40.1767428	40.4130988	40.4472688	41.2857635	
28.06193	40.1767428	40.4130988	40.4472688	41.2857635	
28.06654	40.1767428	40.4130988	40.4472688	41.2857635	
28.07672	40.1767428	40.4130988	40.4472688	41.2857635	
28.08681	40.1767428	40.4130988	40.4472688	41.2857635	
28.09695	40.1767428	40.4130988	40.4472688	41.2857635	
28.10715	40.1767428	40.4130988	40.4472688	41.2857635	
28.11728	40.1767428	40.4130988	40.4472688	41.2857635	
28.12748	40.1767428	40.4130988	40.4472688	41.2857635	
28.13763	40.1767428	40.4130988	40.4472688	41.2857635	
28.14773	40.1767428	40.4130988	40.4472688	41.2857635	
28.15795	40.1767428	40.4130988	40.4472688	41.2857635	
28.16808	40.1767428	40.4130988	40.4472688	41.2857635	
28.1782	40.1767428	40.4130988	40.4472688	41.2857635	
28.18843	40.1767428	40.4130988	40.4472688	41.2857635	
28.19847	40.1767428	40.4130988	40.4472688	41.2857635	
28.20864	40.1767428	40.4130988	40.4472688	41.2857635	
28.21881	40.1767428	40.4130988	40.4472688	41.2857635	
28.22903	40.1767428	40.4130988	40.4472688	41.2857635	
28.23911	40.1767428	40.4130988	40.4472688	41.2857635	
28.24935	40.1767428	40.4130988	40.4472688	41.2857635	
28.25974	40.1767428	40.4130988	40.4472688	41.2857635	
28.26954	40.1767428	40.4130988	40.4472688	41.2857635	
28.27969	40.1767428	40.4130988	40.4472688	41.2857635	
28.28983	40.1767428	40.4130988	40.4472688	41.2857635	
28.29999	40.1767428	40.4130988	40.4472688	41.2857635	
28.31012	40.1767428	40.4130988	40.4472688	41.2857635	
28.32099	40.1767428	40.4130988	40.4472688	41.2857635	
28.33822	40.1767428	40.4130988	40.4472688	41.2857635	
28.34273	40.1767428	40.4130988	40.4472688	41.2857635	
28.35286	40.1767428	40.4130988	40.4472688	41.2857635	
28.36309	40.1767428	40.4130988	40.4472688	41.2857635	
28.37317	40.1767428	40.4130988	40.4472688	41.2857635	
28.38339	40.1767428	40.4130988	40.4472688	41.2857635	
28.39354	40.1767428	40.4130988	40.4472688	41.2857635	
28.40369	40.1767428	40.4130988	40.4472688	41.2857635	
28.41394	40.1767428	40.4130988	40.4472688	41.2857635	
28.42404	40.1767428	40.4130988	40.4472688	41.2857635	
28.43419	40.1767428	40.4130988	40.4472688	41.2857635	
28.44441	40.1767428	40.4130988	40.4472688	41.2857635	
28.45455	40.1767428	40.4130988	40.4472688	41.2857635	
28.46463	40.1767428	40.4130988	40.4472688	41.2857635	
28.47481	40.1767428	40.4130988	40.4472688	41.2857635	
28.485	40.1767428	40.4130988	40.4472688	41.2857635	
28.49512	40.1767428	40.4130988	40.4472688	41.2857635	
28.50523	40.1767428	40.4130988	40.4472688	41.2857635	
28.51541	40.1767428	40.4130988	40.4472688	41.2857635	
28.52557	40.1767428	40.4130988	40.4472688	41.2857635	
28.53573	40.1767428	40.4130988	40.4472688	41.2857635	
28.54586	40.1767428	40.4130988	40.4472688	41.2857635	
28.55603	40.1767428	40.4130988	40.4472688	41.2857635	
28.56616	40.1767428	40.4130988	40.4472688	41.2857635	
28.57632	40.1767428	40.4130988	40.4472688	41.2857635	
28.59452	40.1767428	40.4130988	40.4472688	41.2857635	
28.5991	40.1767428	40.4130988	40.4472688	41.2857635	
28.60929	40.1767428	40.4130988	40.4472688	41.2857635	
28.61937	40.1767428	40.4130988	40.4472688	41.2857635	
28.62955	40.1767428	40.4130988	40.4472688	41.2857635	
28.63963	40.1767428	40.4130988	40.4472688	41.2857635	
28.64985	40.1767428	40.4130988	40.4472688	41.2857635	
28.65996	40.1767428	40.4130988	40.4472688	41.2857635	
28.67011	40.1767428	40.4130988	40.4472688	41.2857635	
28.68027	40.1767428	40.4130988	40.4472688	41.2857635	
28.69049	40.1767428	40.4130988	40.4472688	41.2857635	
28.70062	40.1767428	40.4130988	40.4472688	41.2857635	
28.71073	40.1767428	40.4130988	40.4472688	41.2857635	
28.72089	40.1767428	40.4130988	40.4472688	41.2857635	
28.73108	40.1767428	40.4130988	40.4472688	41.2857635	
28.74122	40.1767428	40.4130988	40.4472688	41.2857635	
28.75134	40.1767428	40.4130988	40.4472688	41.2857635	
28.76153	40.1767428	40.4130988	40.4472688	41.2857635	
28.77171	40.1767428	40.4130988	40.4472688	41.2857635	
28.78196	40.1767428	40.4130988	40.4472688	41.2857635	
28.79205	40.1767428	40.4130988	40.4472688	41.2857635	
28.80221	40.1767428	40.4130988	40.4472688	41.2857635	
28.81245	40.1767428	40.4130988	40.4472688	41.2857635	
28.82252	40.1767428	40.4130988	40.4472688	41.2857635	
28.83267	40.1767428	40.4130988	40.4472688	41.2857635	
28.84279	40.1767428	40.4130988	40.4472688	41.2857635	
28.853	40.1767428	40.4130988	40.4472688	41.2857635	
28.86312	40.1767428	40.4130988	40.4472688	41.2857635	
28.8733	40.1767428	40.4130988	40.4472688	41.2857635	
28.88346	40.1767428	40.4130988	40.4472688	41.2857635	
28.89362	40.1767428	40.4130988	40.4472688	41.2857635	
28.90381	40.1767428	40.4130988	40.4472688	41.2857635	
28.91397	40.1767428	40.4130988	40.4472688	41.2857635	
28.92411	40.1767428	40.4130988	40.4472688	41.2857635	
28.93425	40.1767428	40.4130988	40.4472688	41.2857635	
28.94436	40.1767428	40.4130988	40.4472688	41.2857635	
28.95457	40.1767428	40.4130988	40.4472688	41.2857635	
28.96473	40.1767428	40.4130988	40.4472688	41.2857635	
28.97486	40.1767428	40.4130988	40.4472688	41.2857635	
28.985	40.1767428	40.4130988	40.4472688	41.2857635	
28.99518	40.1767428	40.4130988	40.4472688	41.2857635	
29.0053	40.1767428	40.4130988	40.4472688	41.2857635	
29.01545	40.1767428	40.4130988	40.4472688	41.2857635	
29.02563	40.1767428	40.4130988	40.4472688	41.2857635	
29.03579	40.1767428	40.4130988	40.4472688	41.2857635	
29.04599	40.1767428	40.4130988	40.4472688	41.2857635	
29.05613	40.1767428	40.4130988	40.4472688	41.2857635	
29.06631	40.1767428	40.4130988	40.4472688	41.2857635	
29.07655	40.1767428	40.4130988	40.4472688	41.2857635	
29.08663	40.1767428	40.4043722	40.4472688	41.2857635	
29.09678	40.1767428	40.4043722	40.4472688	41.2857635	
29.1069	40.1767428	40.4043722	40.4472688	41.2857635	
29.1171	40.1767428	40.4043722	40.4472688	41.2857635	
29.1272	40.1767428	40.4043722	40.4472688	41.2857635	
29.13735	40.1767428	40.4043722	40.4472688	41.2857635	
29.14757	40.1767428	40.4043722	40.4472688	41.2857635	
29.15766	40.1767428	40.4043722	40.4472688	41.2857635	
29.16781	40.1767428	40.4043722	40.4472688	41.2857635	
29.17795	40.1767428	40.4043722	40.4472688	41.2857635	
29.18809	40.1767428	40.3956455	40.4472688	41.2857635	
29.19824	40.1767428	40.3956455	40.4472688	41.2857635	
29.20838	40.1767428	40.3956455	40.4472688	41.2857635	
29.21856	40.1767428	40.3956455	40.4472688	41.2857635	
29.22874	40.1767428	40.3956455	40.4472688	41.2857635	
29.23889	40.1767428	40.3956455	40.4472688	41.2857635	
29.24908	40.1767428	40.3956455	40.4472688	41.2857635	
29.25919	40.1767428	40.3956455	40.4472688	41.2857635	
29.26931	40.1767428	40.3956455	40.4472688	41.2857635	
29.27942	40.1767428	40.3956455	40.4472688	41.2857635	
29.28958	40.1767428	40.3869189	40.4472688	41.2857635	
29.29972	40.1767428	40.3869189	40.4472688	41.2857635	
29.30994	40.1767428	40.3869189	40.4472688	41.2857635	
29.32091	40.1767428	40.3869189	40.4472688	41.2857635	
29.33016	40.1767428	40.3781922	40.4472688	41.2857635	
29.34049	40.1767428	40.3694656	40.4472688	41.2857635	
29.35053	40.1767428	40.3694656	40.4472688	41.2857635	
29.36102	40.1767428	40.360739	40.4472688	41.2857635	
29.37105	40.1767428	40.3520123	40.4472688	41.2857635	
29.38123	40.1767428	40.3520123	40.4472688	41.2857635	
29.39138	40.1767428	40.334559	40.4472688	41.2857635	
29.40149	40.1767428	40.3258324	40.4472688	41.2857635	
29.4117	40.1767428	40.3171057	40.4472688	41.2857635	
29.42189	40.1767428	40.3083791	40.4472688	41.2857635	
29.432	40.1767428	40.2996524	40.4472688	41.2857635	
29.44212	40.1767428	40.2821991	40.4472688	41.2857635	
29.45356	40.1767428	40.2647458	40.4472688	41.2857635	
29.46242	40.1767428	40.2560192	40.4472688	41.2857635	
29.4726	40.1767428	40.2472926	40.4472688	41.2857635	
29.48276	40.1767428	40.2298393	40.4472688	41.2857635	
29.49294	40.1767428	40.212386	40.4472688	41.2857635	
29.50305	40.1767428	40.1949327	40.4472688	41.2857635	
29.51323	40.1767428	40.186206	40.4472688	41.2857635	
29.52344	40.1767428	40.1687527	40.4472688	41.2857635	
29.5336	40.1767428	40.1600261	40.4472688	41.2857635	
29.54371	40.1767428	40.1425728	40.4472688	41.2857635	
29.55392	40.1767428	40.1251195	40.4472688	41.2857635	
29.56422	40.1767428	40.1163929	40.4472688	41.2857635	
29.57436	40.1767428	40.1076662	40.4472688	41.2857635	
29.5845	40.1767428	40.1076662	40.4472688	41.2857635	
29.59469	40.1767428	40.0989396	40.4472688	41.2857635	
29.60488	40.1767428	40.0989396	40.4472688	41.2857635	
29.61499	40.1767428	40.0989396	40.4472688	41.2857635	
29.62515	40.1767428	40.0989396	40.4472688	41.2857635	
29.63534	40.1767428	40.0989396	40.4472688	41.2857635	
29.64544	40.1767428	40.1076662	40.4472688	41.2857635	
29.65564	40.1767428	40.1076662	40.4472688	41.2857635	
29.66578	40.1767428	40.1076662	40.4472688	41.2857635	
29.67591	40.1767428	40.1163929	40.4472688	41.2857635	
29.68614	40.1767428	40.1163929	40.4472688	41.2857635	
29.69626	40.1767428	40.1251195	40.4472688	41.2857635	
29.70639	40.1767428	40.1251195	40.4472688	41.2857635	
29.71664	40.1767428	40.1338461	40.4472688	41.2857635	
29.72692	40.1767428	40.1338461	40.4472688	41.2857635	
29.74489	40.1767428	40.1425728	40.4472688	41.2857635	
29.74941	40.1767428	40.1425728	40.4472688	41.2857635	
29.75959	40.1767428	40.1425728	40.4472688	41.2857635	
29.76973	40.1767428	40.1425728	40.4472688	41.2857635	
29.77988	40.1767428	40.1425728	40.4472688	41.2857635	
29.79012	40.1767428	40.1425728	40.4472688	41.2857635	
29.80022	40.1767428	40.1425728	40.4472688	41.2857635	
29.81043	40.1767428	40.1425728	40.4472688	41.2857635	
29.82064	40.1767428	40.1425728	40.4472688	41.2857635	
29.83073	40.1767428	40.1425728	40.4472688	41.2857635	
29.84088	40.1767428	40.1425728	40.4472688	41.2857635	
29.8511	40.1767428	40.1512994	40.4472688	41.2857635	
29.8612	40.1767428	40.1512994	40.4472688	41.2857635	
29.87138	40.1767428	40.1512994	40.4472688	41.2857635	
29.88156	40.1767428	40.1512994	40.4472688	41.2857635	
29.89172	40.1767428	40.1512994	40.4472688	41.2857635	
29.9019	40.1767428	40.1512994	40.4472688	41.2857635	
29.91203	40.1767428	40.1512994	40.4472688	41.2857635	
29.92221	40.1767428	40.1512994	40.4472688	41.2857635	
29.93235	40.1767428	40.1512994	40.4472688	41.2857635	
29.94253	40.1767428	40.1512994	40.4472688	41.2857635	
29.95269	40.1767428	40.1512994	40.4472688	41.2857635	
29.96283	40.1767428	40.1512994	40.4472688	41.2857635	
29.973	40.1767428	40.1512994	40.4472688	41.2857635	
29.98314	40.1767428	40.1512994	40.4472688	41.2857635	
29.99331	40.1767428	40.1512994	40.4472688	41.2857635	
30.00346	40.1767428	40.1512994	40.4472688	41.2857635	
30.01364	40.1767428	40.1512994	40.4472688	41.2857635	
30.02403	40.1767428	40.1512994	40.4472688	41.2857635	
30.03413	40.1767428	40.1512994	40.4472688	41.2857635	
30.04425	40.1767428	40.1512994	40.4472688	41.2857635	
30.05498	40.1767428	40.1512994	40.4472688	41.2857635	
30.06492	40.1767428	40.1512994	40.4472688	41.2857635	
30.07509	40.1767428	40.1512994	40.4472688	41.2857635	
30.08524	40.1767428	40.1512994	40.4472688	41.2857635	
30.09533	40.1767428	40.1512994	40.4472688	41.2857635	
30.10553	40.1767428	40.1512994	40.4472688	41.2857635	
30.11583	40.1767428	40.1512994	40.4472688	41.2857635	
30.12587	40.1767428	40.1512994	40.4472688	41.2857635	
30.13602	40.1767428	40.1512994	40.4472688	41.2857635	
30.14616	40.1767428	40.1512994	40.4472688	41.2857635	
30.15637	40.1767428	40.1512994	40.4472688	41.2857635	
30.1665	40.1767428	40.1512994	40.4472688	41.2857635	
30.17664	40.1767428	40.1512994	40.4472688	41.2857635	
30.1868	40.1767428	40.1512994	40.4472688	41.2857635	
30.19692	40.1767428	40.1512994	40.4472688	41.2857635	
30.20704	40.1767428	40.1512994	40.4472688	41.2857635	
30.21724	40.1767428	40.1512994	40.4472688	41.2857635	
30.22739	40.1767428	40.1512994	40.4472688	41.2857635	
30.2375	40.1767428	40.1512994	40.4472688	41.2857635	
30.24808	40.1767428	40.1512994	40.4472688	41.2857635	
30.25803	40.1767428	40.1512994	40.4472688	41.2857635	
30.26795	40.1767428	40.1512994	40.4472688	41.2857635	
30.27817	40.1767428	40.1512994	40.4472688	41.2857635	
30.28825	40.1767428	40.1512994	40.4472688	41.2857635	
30.29838	40.1767428	40.1512994	40.4472688	41.2857635	
30.30864	40.1767428	40.1512994	40.4472688	41.2857635	
30.3187	40.1767428	40.1512994	40.4472688	41.2857635	
30.33712	40.1767428	40.1512994	40.4472688	41.2857635	
30.34166	40.1767428	40.1512994	40.4472688	41.2857635	
30.35179	40.1767428	40.1512994	40.4472688	41.2857635	
30.36205	40.1767428	40.1512994	40.4472688	41.2857635	
30.37213	40.1767428	40.1512994	40.4472688	41.2857635	
30.38231	40.1767428	40.1512994	40.4472688	41.2857635	
30.39246	40.1767428	40.1512994	40.4472688	41.2857635	
30.40261	40.1767428	40.1512994	40.4472688	41.2857635	
30.41283	40.1767428	40.1512994	40.4472688	41.2857635	
30.42294	40.1767428	40.1512994	40.4472688	41.2857635	
30.43309	40.1767428	40.1512994	40.4472688	41.2857635	
30.44327	40.1767428	40.1512994	40.4472688	41.2857635	
30.45373	40.1767428	40.1512994	40.4472688	41.2857635	
30.46353	40.1767428	40.1512994	40.4472688	41.2857635	
30.47372	40.1767428	40.1512994	40.4472688	41.2857635	
30.48392	40.1767428	40.1512994	40.4472688	41.2857635	
30.49414	40.1767428	40.1512994	40.4472688	41.2857635	
30.50418	40.1767428	40.1512994	40.4472688	41.2857635	
30.51438	40.1767428	40.1512994	40.4472688	41.2857635	
30.52475	40.1767428	40.1512994	40.4472688	41.2857635	
30.53482	40.1767428	40.1512994	40.4472688	41.2857635	
30.54495	40.1767428	40.1512994	40.4472688	41.2857635	
30.55512	40.1767428	40.1512994	40.4472688	41.2857635	
30.56528	40.1767428	40.1512994	40.4472688	41.2857635	
30.57545	40.1767428	40.1512994	40.4472688	41.2857635	
30.5856	40.1767428	40.1512994	40.4472688	41.2857635	
30.59575	40.1767428	40.1512994	40.4472688	41.2857635	
30.60591	40.1767428	40.1512994	40.4472688	41.2857635	
30.61604	40.1767428	40.1512994	40.4472688	41.2857635	
30.62622	40.1767428	40.1512994	40.4472688	41.2857635	
30.63636	40.1767428	40.1512994	40.4472688	41.2857635	
30.64654	40.1767428	40.1512994	40.4472688	41.2857635	
30.65668	40.1767428	40.1512994	40.4472688	41.2857635	
30.6668	40.1767428	40.1512994	40.4472688	41.2857635	
30.67716	40.1767428	40.1512994	40.4472688	41.2857635	
30.68712	40.1767428	40.1512994	40.4472688	41.2857635	
30.69726	40.1767428	40.1512994	40.4472688	41.2857635	
30.70744	40.1767428	40.1512994	40.4472688	41.2857635	
30.71759	40.1767428	40.1512994	40.4472688	41.2857635	
30.7277	40.1767428	40.1512994	40.4472688	41.2857635	
30.73784	40.1767428	40.1512994	40.4472688	41.2857635	
30.74795	40.1767428	40.1512994	40.4472688	41.2857635	
30.7582	40.1767428	40.1512994	40.4472688	41.2857635	
30.76827	40.1767428	40.1512994	40.4472688	41.2857635	
30.77843	40.1767428	40.1512994	40.4472688	41.2857635	
30.78866	40.1767428	40.1512994	40.4472688	41.2857635	
30.79872	40.1767428	40.1512994	40.4472688	41.2857635	
30.80898	40.1767428	40.1512994	40.4472688	41.2857635	
30.81907	40.1767428	40.1512994	40.4472688	41.2857635	
30.82955	40.1767428	40.1512994	40.4472688	41.2857635	
30.83931	40.1767428	40.1512994	40.4472688	41.2857635	
30.84947	40.1767428	40.1512994	40.4472688	41.2857635	
30.85963	40.1767428	40.1512994	40.4472688	41.2857635	
30.86973	40.1767428	40.1512994	40.4472688	41.2857635	
30.87994	40.1767428	40.1512994	40.4472688	41.2857635	
30.89013	40.1767428	40.1512994	40.4472688	41.2857635	
30.90024	40.1767428	40.1512994	40.4472688	41.2857635	
30.91045	40.1767428	40.1512994	40.4472688	41.2857635	
30.92059	40.1767428	40.1512994	40.4472688	41.2857635	
30.93073	40.1767428	40.1512994	40.4472688	41.2857635	
30.94094	40.1767428	40.1512994	40.4472688	41.2857635	
30.95106	40.1767428	40.1512994	40.4472688	41.2857635	
30.96122	40.1767428	40.1512994	40.4472688	41.2857635	
30.97141	40.1767428	40.1512994	40.4472688	41.2857635	
30.98155	40.1767428	40.1512994	40.4472688	41.2857635	
30.99174	40.1767428	40.1512994	40.4472688	41.2857635	
31.00185	40.1767428	40.1512994	40.4472688	41.2857635	
31.01203	40.1767428	40.1512994	40.4472688	41.2857635	
31.02246	40.1767428	40.1512994	40.4472688	41.2857635	
31.03241	40.1767428	40.1512994	40.4472688	41.2857635	
31.04252	40.1767428	40.1512994	40.4472688	41.2857635	
31.05279	40.1767428	40.1512994	40.4472688	41.2857635	
31.06284	40.1767428	40.1512994	40.4472688	41.2857635	
31.07299	40.1767428	40.1512994	40.4472688	41.2857635	
31.08317	40.1767428	40.1512994	40.4472688	41.2857635	
31.09352	40.1767428	40.1512994	40.4472688	41.2857635	
31.10348	40.1767428	40.1512994	40.4472688	41.2857635	
31.11374	40.1767428	40.1512994	40.4472688	41.2857635	
31.12387	40.1767428	40.1512994	40.4472688	41.2857635	
31.13409	40.1767428	40.1512994	40.4472688	41.2857635	
31.14433	40.1767428	40.1512994	40.4472688	41.2857635	
31.15436	40.1767428	40.1512994	40.4472688	41.2857635	
31.16451	40.1767428	40.1512994	40.4472688	41.2857635	
31.17464	40.1767428	40.1512994	40.4472688	41.2857635	
31.18482	40.1767428	40.1512994	40.4472688	41.2857635	
31.19496	40.1767428	40.1512994	40.4472688	41.2857635	
31.20516	40.1767428	40.1512994	40.4472688	41.2857635	
31.21529	40.1767428	40.1512994	40.4472688	41.2857635	
31.22545	40.1767428	40.1512994	40.4472688	41.2857635	
31.23564	40.1767428	40.1512994	40.4472688	41.2857635	
31.24572	40.1767428	40.1512994	40.4472688	41.2857635	
31.25588	40.1767428	40.1512994	40.4472688	41.2857635	
31.26605	40.1767428	40.1512994	40.4472688	41.2857635	
31.27623	40.1767428	40.1512994	40.4472688	41.2857635	
31.28644	40.1767428	40.1512994	40.4472688	41.2857635	
31.29654	40.1767428	40.1512994	40.4472688	41.2857635	
31.30672	40.1767428	40.1512994	40.4472688	41.2857635	
31.3169	40.1767428	40.1512994	40.4472688	41.2857635	
31.32701	40.1767428	40.1512994	40.4472688	41.2857635	
31.33711	40.1767428	40.1512994	40.4472688	41.2857635	
31.34728	40.1767428	40.1512994	40.4472688	41.2857635	
31.35742	40.1767428	40.1512994	40.4472688	41.2857635	
31.36764	40.1767428	40.1512994	40.4472688	41.2857635	
31.37819	40.1767428	40.1512994	40.4472688	41.2857635	
31.3879	40.1767428	40.1512994	40.4472688	41.2857635	
31.39807	40.1767428	40.1512994	40.4472688	41.2857635	
31.4084	40.1767428	40.1512994	40.4472688	41.2857635	
31.41852	40.1767428	40.1512994	40.4472688	41.2857635	
31.42876	40.1767428	40.1512994	40.4472688	41.2857635	
31.43881	40.1767428	40.1512994	40.4472688	41.2857635	
31.45829	40.1767428	40.1512994	40.4472688	41.2857635	
31.46284	40.1767428	40.1512994	40.4472688	41.2857635	
31.47301	40.1767428	40.1512994	40.4472688	41.2857635	
31.48316	40.1767428	40.1512994	40.4472688	41.2857635	
31.49334	40.1767428	40.1512994	40.4472688	41.2857635	
31.50343	40.1767428	40.1512994	40.4472688	41.2857635	
31.5137	40.1767428	40.1512994	40.4472688	41.2857635	
31.52413	40.1767428	40.1512994	40.4472688	41.2857635	
31.53412	40.1767428	40.1512994	40.4472688	41.2857635	
31.54419	40.1767428	40.1512994	40.4472688	41.2857635	
31.55434	40.1767428	40.1512994	40.4472688	41.2857635	
31.56453	40.1767428	40.1512994	40.4472688	41.2857635	
31.57466	40.1767428	40.1512994	40.4472688	41.2857635	
31.58483	40.1767428	40.1512994	40.4472688	41.2857635	
31.59497	40.1767428	40.1512994	40.4472688	41.2857635	
31.60516	40.1767428	40.1512994	40.4472688	41.2857635	
31.61531	40.1767428	40.1512994	40.4472688	41.2857635	
31.62543	40.1767428	40.1512994	40.4472688	41.2857635	
31.6356	40.1767428	40.1512994	40.4472688	41.2857635	
31.64577	40.1767428	40.1512994	40.4472688	41.2857635	
31.6559	40.1767428	40.1512994	40.4472688	41.2857635	
31.66604	40.1767428	40.1512994	40.4472688	41.2857635	
31.6762	40.1767428	40.1512994	40.4472688	41.2857635	
31.68644	40.1767428	40.1512994	40.4472688	41.2857635	
31.69652	40.1767428	40.1512994	40.4472688	41.2857635	
31.70665	40.1767428	40.1512994	40.4472688	41.2857635	
31.71686	40.1767428	40.1512994	40.4472688	41.2857635	
31.72697	40.1767428	40.1512994	40.4472688	41.2857635	
31.73709	40.1767428	40.1512994	40.4472688	41.2857635	
31.74724	40.1767428	40.1512994	40.4472688	41.2857635	
31.75735	40.1767428	40.1512994	40.4472688	41.2857635	
31.76757	40.1767428	40.1512994	40.4472688	41.2857635	
31.77768	40.1767428	40.1512994	40.4472688	41.2857635	
31.78783	40.1767428	40.1512994	40.4472688	41.2857635	
31.79797	40.1767428	40.1512994	40.4472688	41.2857635	
31.80811	40.1767428	40.1512994	40.4472688	41.2857635	
31.81825	40.1767428	40.1512994	40.4472688	41.2857635	
31.82844	40.1767428	40.1512994	40.4472688	41.2857635	
31.83855	40.1767428	40.1512994	40.4472688	41.2857635	
31.8487	40.1767428	40.1512994	40.4472688	41.2857635	
31.85891	40.1767428	40.1512994	40.4472688	41.2857635	
31.86907	40.1767428	40.1512994	40.4472688	41.2857635	
31.87954	40.1767428	40.1512994	40.4472688	41.2857635	
31.8893	40.1767428	40.1512994	40.4472688	41.2857635	
31.89945	40.1767428	40.1512994	40.4472688	41.2857635	
31.90958	40.1767428	40.1512994	40.4472688	41.2857635	
31.91972	40.1767428	40.1512994	40.4472688	41.2857635	
31.92991	40.1767428	40.1512994	40.4472688	41.2857635	
31.94004	40.1767428	40.1512994	40.4472688	41.2857635	
31.95025	40.1767428	40.1512994	40.4472688	41.2857635	
31.96039	40.1767428	40.1512994	40.4472688	41.2857635	
31.97052	40.1767428	40.1512994	40.4472688	41.2857635	
31.98069	40.1767428	40.1512994	40.4472688	41.2857635	
31.99081	40.1767428	40.1512994	40.4472688	41.2857635	
32.00092	40.1767428	40.1512994	40.4472688	41.2857635	
32.0111	40.1767428	40.1512994	40.4472688	41.2857635	
32.02144	40.1767428	40.1512994	40.4472688	41.2857635	
32.03146	40.1767428	40.1512994	40.4472688	41.2857635	
32.04158	40.1767428	40.1512994	40.4472688	41.2857635	
32.06053	40.1767428	40.1512994	40.4472688	41.2857635	
32.06509	40.1767428	40.1512994	40.4472688	41.2857635	
32.07525	40.1767428	40.1512994	40.4472688	41.2857635	
32.08541	40.1767428	40.1512994	40.4472688	41.2857635	
32.09557	40.1767428	40.1512994	40.4472688	41.2857635	
32.10571	40.1767428	40.1512994	40.4472688	41.2857635	
32.116	40.1767428	40.1512994	40.4472688	41.2857635	
32.12601	40.1767428	40.1512994	40.4472688	41.2857635	
32.13614	40.1767428	40.1512994	40.4472688	41.2857635	
32.14636	40.1767428	40.1512994	40.4472688	41.2857635	
32.1565	40.1767428	40.1512994	40.4472688	41.2857635	
32.16662	40.1767428	40.1512994	40.4472688	41.2857635	
32.17676	40.1767428	40.1512994	40.4472688	41.2857635	
32.1869	40.1767428	40.1512994	40.4472688	41.2857635	
32.1971	40.1767428	40.1512994	40.4472688	41.2857635	
32.20716	40.1767428	40.1512994	40.4472688	41.2857635	
32.21735	40.1767428	40.1512994	40.4472688	41.2857635	
32.22756	40.1767428	40.1512994	40.4472688	41.2857635	
32.23764	40.1767428	40.1512994	40.4472688	41.2857635	
32.24789	40.1767428	40.1512994	40.4472688	41.2857635	
32.25791	40.1767428	40.1512994	40.4472688	41.2857635	
32.26807	40.1767428	40.1512994	40.4472688	41.2857635	
32.27825	40.1767428	40.1512994	40.4472688	41.2857635	
32.28836	40.1767428	40.1512994	40.4472688	41.2857635	
32.29852	40.1767428	40.1512994	40.4472688	41.2857635	
32.30871	40.1767428	40.1512994	40.4472688	41.2857635	
32.31882	40.1767428	40.1512994	40.4472688	41.2857635	
32.32906	40.1767428	40.1512994	40.4472688	41.2857635	
32.33915	40.1767428	40.1512994	40.4472688	41.2857635	
32.34933	40.1767428	40.1512994	40.4472688	41.2857635	
32.35945	40.1767428	40.1512994	40.4472688	41.2857635	
32.36955	40.1767428	40.1512994	40.4472688	41.2857635	
32.37989	40.1767428	40.1512994	40.4472688	41.2857635	
32.38988	40.1767428	40.1512994	40.4472688	41.2857635	
32.40001	40.1767428	40.1512994	40.4472688	41.2857635	
32.41016	40.1767428	40.1512994	40.4472688	41.2857635	
32.42031	40.1767428	40.1512994	40.4472688	41.2857635	
32.43053	40.1767428	40.1512994	40.4472688	41.2857635	
32.44062	40.1767428	40.1512994	40.4472688	41.2857635	
32.4508	40.1767428	40.1512994	40.4472688	41.2857635	
32.46228	40.1767428	40.1512994	40.4472688	41.2857635	
32.47111	40.1767428	40.1512994	40.4472688	41.2857635	
32.48128	40.1767428	40.1512994	40.4472688	41.2857635	
32.49147	40.1767428	40.1512994	40.4472688	41.2857635	
32.50156	40.1767428	40.1512994	40.4472688	41.2857635	
32.51174	40.1767428	40.1512994	40.4472688	41.2857635	
32.52207	40.1767428	40.1512994	40.4472688	41.2857635	
32.5321	40.1767428	40.1512994	40.4472688	41.2857635	
32.54229	40.1767428	40.1512994	40.4472688	41.2857635	
32.5524	40.1767428	40.1512994	40.4472688	41.2857635	
32.56259	40.1767428	40.1512994	40.4472688	41.2857635	
32.57279	40.1767428	40.1512994	40.4472688	41.2857635	
32.5829	40.1767428	40.1512994	40.4472688	41.2857635	
32.59306	40.1767428	40.1512994	40.4472688	41.2857635	
32.60322	40.1767428	40.1512994	40.4472688	41.2857635	
32.61338	40.1767428	40.1512994	40.4472688	41.2857635	
32.62352	40.1767428	40.1512994	40.4472688	41.2857635	
32.63369	40.1767428	40.1512994	40.4472688	41.2857635	
32.64381	40.1767428	40.1512994	40.4472688	41.2857635	
32.65402	40.1767428	40.1512994	40.4472688	41.2857635	
32.66417	40.1767428	40.1512994	40.4472688	41.2857635	
32.67435	40.1767428	40.1512994	40.4472688	41.2857635	
32.68448	40.1767428	40.1512994	40.4472688	41.2857635	
32.69462	40.1767428	40.1512994	40.4472688	41.2857635	
32.70477	40.1767428	40.1512994	40.4472688	41.2857635	
32.71492	40.1767428	40.1512994	40.4472688	41.2857635	
32.72513	40.1767428	40.1512994	40.4472688	41.2857635	
32.73522	40.1767428	40.1512994	40.4472688	41.2857635	
32.74538	40.1767428	40.1512994	40.4472688	41.2857635	
32.75554	40.1767428	40.1512994	40.4472688	41.2857635	
32.7657	40.1767428	40.1512994	40.4472688	41.2857635	
32.77584	40.1767428	40.1512994	40.4472688	41.2857635	
32.78598	40.1767428	40.1512994	40.4472688	41.2857635	
32.79614	40.1767428	40.1512994	40.4472688	41.2857635	
32.80637	40.1767428	40.1512994	40.4472688	41.2857635	
32.81645	40.1767428	40.1512994	40.4472688	41.2857635	
32.8266	40.1767428	40.1512994	40.4472688	41.2857635	
32.83677	40.1767428	40.1512994	40.4472688	41.2857635	
32.84685	40.1767428	40.1512994	40.4472688	41.2857635	
32.85706	40.1767428	40.1512994	40.4472688	41.2857635	
32.86717	40.1767428	40.1512994	40.4472688	41.2857635	
32.87734	40.1767428	40.1512994	40.4472688	41.2857635	
32.88748	40.1767428	40.1512994	40.4472688	41.2857635	
32.89763	40.1767428	40.1512994	40.4472688	41.2857635	
32.90785	40.1767428	40.1512994	40.4472688	41.2857635	
32.91794	40.1767428	40.1512994	40.4472688	41.2857635	
32.92808	40.1767428	40.1512994	40.4472688	41.2857635	
32.9382	40.1767428	40.1512994	40.4472688	41.2857635	
32.94836	40.1767428	40.1512994	40.4472688	41.2857635	
32.95854	40.1767428	40.1512994	40.4472688	41.2857635	
32.96865	40.1767428	40.1512994	40.4472688	41.2857635	
32.97884	40.1767428	40.1512994	40.4472688	41.2857635	
32.98911	40.1767428	40.1512994	40.4472688	41.2857635	
32.99913	40.1767428	40.1512994	40.4472688	41.2857635	
33.00931	40.1767428	40.1512994	40.4472688	41.2857635	
33.01939	40.1767428	40.1512994	40.4472688	41.2857635	
33.02958	40.1767428	40.1512994	40.4472688	41.2857635	
33.03967	40.1767428	40.1512994	40.4472688	41.2857635	
33.04985	40.1767428	40.1512994	40.4472688	41.2857635	
33.05998	40.1767428	40.1512994	40.4472688	41.2857635	
33.07012	40.1767428	40.1512994	40.4472688	41.2857635	
33.08031	40.1767428	40.1512994	40.4472688	41.2857635	
33.09829	40.1767428	40.1512994	40.4472688	41.2857635	
33.10292	40.1767428	40.1512994	40.4472688	41.2857635	
33.11304	40.1767428	40.1512994	40.4472688	41.2857635	
33.12325	40.1767428	40.1512994	40.4472688	41.2857635	
33.13341	40.1767428	40.1512994	40.4472688	41.2857635	
33.14356	40.1767428	40.1512994	40.4472688	41.2857635	
33.15371	40.1767428	40.1512994	40.4472688	41.2857635	
33.16387	40.1767428	40.1512994	40.4472688	41.2857635	
33.17404	40.1767428	40.1512994	40.4472688	41.2857635	
33.1842	40.1767428	40.1512994	40.4472688	41.2857635	
33.19439	40.1767428	40.1512994	40.4472688	41.2857635	
33.2045	40.1767428	40.1512994	40.4472688	41.2857635	
33.21465	40.1767428	40.1512994	40.4472688	41.2857635	
33.2248	40.1767428	40.1512994	40.4472688	41.2857635	
33.23494	40.1767428	40.1512994	40.4472688	41.2857635	
33.24512	40.1767428	40.1512994	40.4472688	41.2857635	
33.25521	40.1767428	40.1512994	40.4472688	41.2857635	
33.26539	40.1767428	40.1512994	40.4472688	41.2857635	
33.27561	40.1767428	40.1512994	40.4472688	41.2857635	
33.28572	40.1767428	40.1512994	40.4472688	41.2857635	
33.29586	40.1767428	40.1512994	40.4472688	41.2857635	
33.306	40.1767428	40.1512994	40.4472688	41.2857635	
33.31618	40.1767428	40.1512994	40.4472688	41.2857635	
33.32714	40.1767428	40.1512994	40.4472688	41.2857635	
33.33652	40.1767428	40.1512994	40.4472688	41.2857635	
33.3466	40.1767428	40.1512994	40.4472688	41.2857635	
33.35674	40.1767428	40.1512994	40.4472688	41.2857635	
33.36694	40.1767428	40.1512994	40.4472688	41.2857635	
33.37705	40.1767428	40.1512994	40.4472688	41.2857635	
33.38723	40.1767428	40.1512994	40.4472688	41.2857635	
33.3974	40.1767428	40.1512994	40.4472688	41.2857635	
33.40758	40.1767428	40.1512994	40.4472688	41.2857635	
33.41768	40.1767428	40.1512994	40.4472688	41.2857635	
33.42787	40.1767428	40.1512994	40.4472688	41.2857635	
33.43801	40.1767428	40.1512994	40.4472688	41.2857635	
33.44812	40.1767428	40.1512994	40.4472688	41.2857635	
33.45824	40.1767428	40.1512994	40.4472688	41.2857635	
33.46842	40.1767428	40.1512994	40.4472688	41.2857635	
33.4786	40.1767428	40.1512994	40.4472688	41.2857635	
33.48871	40.1767428	40.1512994	40.4472688	41.2857635	
33.49894	40.1767428	40.1512994	40.4472688	41.2857635	
33.50915	40.1767428	40.1512994	40.4472688	41.2857635	
33.51916	40.1767428	40.1512994	40.4472688	41.2857635	
33.52933	40.1767428	40.1512994	40.4472688	41.2857635	
33.53975	40.1767428	40.1512994	40.4472688	41.2857635	
33.54962	40.1767428	40.1512994	40.4472688	41.2857635	
33.55976	40.1767428	40.1512994	40.4472688	41.2857635	
33.56989	40.1767428	40.1512994	40.4472688	41.2857635	
33.58003	40.1767428	40.1512994	40.4472688	41.2857635	
33.59021	40.1767428	40.1512994	40.4472688	41.2857635	
33.60056	40.1767428	40.1512994	40.4472688	41.2857635	
33.61056	40.1767428	40.1512994	40.4472688	41.2857635	
33.62066	40.1767428	40.1512994	40.4472688	41.2857635	
33.63081	40.1767428	40.1512994	40.4472688	41.2857635	
33.64092	40.1767428	40.1512994	40.4472688	41.2857635	
33.65113	40.1767428	40.1512994	40.4472688	41.2857635	
33.6613	40.1767428	40.1512994	40.4472688	41.2857635	
33.67141	40.1767428	40.1512994	40.4472688	41.2857635	
33.68159	40.1767428	40.1512994	40.4472688	41.2857635	
33.69177	40.1767428	40.1512994	40.4472688	41.2857635	
33.70191	40.1767428	40.1512994	40.4472688	41.2857635	
33.71207	40.1767428	40.1512994	40.4472688	41.2857635	
33.72223	40.1767428	40.1512994	40.4472688	41.2857635	
33.73241	40.1767428	40.1512994	40.4472688	41.2857635	
33.74262	40.1767428	40.1512994	40.4472688	41.2857635	
33.75271	40.1767428	40.1512994	40.4472688	41.2857635	
33.7629	40.1767428	40.1512994	40.4472688	41.2857635	
33.77311	40.1767428	40.1512994	40.4472688	41.2857635	
33.78321	40.1767428	40.1512994	40.4472688	41.2857635	
33.79335	40.1767428	40.1512994	40.4472688	41.2857635	
33.80356	40.1767428	40.1512994	40.4472688	41.2857635	
33.81371	40.1767428	40.1512994	40.4472688	41.2857635	
33.82384	40.1767428	40.1512994	40.4472688	41.2857635	
33.834	40.1767428	40.1512994	40.4472688	41.2857635	
33.84414	40.1767428	40.1512994	40.4472688	41.2857635	
33.85432	40.1767428	40.1512994	40.4472688	41.2857635	
33.86446	40.1767428	40.1512994	40.4472688	41.2857635	
33.87461	40.1767428	40.1512994	40.4472688	41.2857635	
33.88479	40.1767428	40.1512994	40.4472688	41.2857635	
33.89493	40.1767428	40.1512994	40.4472688	41.2857635	
33.9051	40.1767428	40.1512994	40.4472688	41.2857635	
33.91525	40.1767428	40.1512994	40.4472688	41.2857635	
33.92544	40.1767428	40.1512994	40.4472688	41.2857635	
33.93556	40.1767428	40.1512994	40.4472688	41.2857635	
33.94571	40.1767428	40.1512994	40.4472688	41.2857635	
33.95587	40.1767428	40.1512994	40.4472688	41.2857635	
33.96601	40.1767428	40.1512994	40.4472688	41.2857635	
33.97617	40.1767428	40.1512994	40.4472688	41.2857635	
33.98632	40.1767428	40.1512994	40.4472688	41.2857635	
33.99654	40.1767428	40.1512994	40.4472688	41.2857635	
34.00663	40.1767428	40.1512994	40.4472688	41.2857635	
34.03867	40.1767428	40.1512994	40.4472688	41.2857635	
34.0458	40.1767428	40.1512994	40.4472688	41.2857635	
