15.20787	
15.218	
15.22813	
15.23832	
15.24889	
15.25857	
15.26874	
15.27885	
15.28893	
15.29924	
15.30932	
15.31941	
15.32959	
15.33974	
15.34993	
15.36001	
15.37015	
15.3803	
15.39044	
15.40063	
15.41069	
15.42094	
15.43099	
15.44115	
15.45133	
15.46146	
15.4716	
15.48185	
15.49192	
15.50214	
15.51222	
15.52238	
15.53261	
15.54267	
15.553	
15.56302	
15.57315	
15.58328	
15.59342	
15.60357	
15.61374	
15.62386	
15.63403	
15.64416	
15.65432	
15.6649	
15.67462	
15.68477	
15.69487	
15.70501	
15.71527	
15.72538	
15.73552	
15.74565	
15.7558	
15.76597	
15.77627	
15.78625	
15.79635	
15.80655	
15.81684	
15.82682	
15.83704	
15.84715	
15.85724	
15.86738	
15.87751	
15.88766	
15.8978	
15.90796	
15.92625	
15.93065	
15.94083	
15.95093	
15.9611	
15.9713	
15.98142	
15.99155	
16.0017	
16.01182	
16.02203	
16.03218	
16.04232	
16.05251	
16.06264	
16.07278	
16.08293	
16.09311	
16.10325	
16.11341	
16.12355	
16.13372	
16.14381	
16.15432	
16.16433	
16.17445	
16.18461	
16.19472	
16.20495	
16.215	
16.2252	
16.23538	
16.24551	
16.25566	
16.2658	
16.27596	
16.28614	
16.29629	
16.30636	
16.31656	
16.32666	
16.33699	
16.34699	
16.35717	
16.36721	
16.37761	
16.3875	
16.39765	
16.40776	
16.41788	
16.42804	
16.43829	
16.44846	
16.45852	
16.46876	
16.47874	
16.48917	
16.49907	
16.50922	
16.51935	
16.52944	
16.53964	
16.54985	
16.56041	
16.57016	
16.5803	
16.59045	
16.60059	
16.6107	
16.62088	
16.63102	
16.64117	
16.65138	
16.6615	
16.68118	
16.68555	
16.69569	
16.70585	
16.71602	
16.72623	
16.73632	
16.74643	
16.75677	
16.76673	
16.77692	
16.78702	
16.7972	
16.80728	
16.81742	
16.82758	
16.83773	
16.84786	
16.85798	
16.86815	
16.87842	
16.88849	
16.89866	
16.90883	
16.91889	
16.92903	
16.93916	
16.94932	
16.95946	
16.96961	
16.97978	
16.98993	
17.00008	
17.01021	
17.0204	
17.03048	
17.04067	
17.0508	
17.06104	
17.07928	
17.08369	
17.09383	
17.10398	
17.11408	
17.12428	
17.13448	
17.14461	
17.15475	
17.16491	
17.17509	
17.18519	
17.19533	
17.2055	
17.21559	
17.22603	
17.23618	
17.24637	
17.25648	
17.26657	
17.27683	
17.28698	
17.29706	
17.30722	
17.31733	
17.32764	
17.33762	
17.3478	
17.35793	
17.36804	
17.37822	
17.38843	
17.39854	
17.40865	
17.41879	
17.42898	
17.43908	
17.44921	
17.45938	
17.46949	
17.47963	
17.48994	
17.5	
17.51012	
17.52024	
17.53045	
17.54061	
17.55073	
17.56093	
17.57103	
17.58125	
17.59291	
17.60272	
17.6129	
17.62297	
17.6331	
17.64335	
17.65345	
17.6636	
17.68364	
17.68801	
17.70409	799.808182	799.805856	880.817639	880.815314	
17.71393	799.810001	799.805856	880.819458	880.815314	
17.72406	799.8125	799.805856	880.821957	880.82404	
17.73423	799.815629	799.805856	880.825087	880.82404	
17.74438	799.81937	799.805856	880.828827	880.82404	
17.75452	799.823724	799.814583	880.833181	880.82404	
17.76475	799.828748	799.814583	880.838205	880.82404	
17.77484	799.834311	799.814583	880.843768	880.82404	
17.78494	799.84049	799.814583	880.849947	880.82404	
17.79513	799.847355	799.814583	880.856812	880.82404	
17.81462	799.863302	799.82331	880.87276	880.82404	
17.81922	799.866982	799.832036	880.876439	880.82404	
17.82937	799.875904	799.832036	880.885362	880.82404	
17.83949	799.885408	799.840763	880.894866	880.82404	
17.8581	799.905439	799.84949	880.914897	880.82404	
17.86277	799.91039	799.84949	880.919848	880.82404	
17.8729	799.92194	799.84949	880.931397	880.82404	
17.88308	799.934174	799.858216	880.943632	880.82404	
17.89324	799.946985	799.866943	880.956442	880.82404	
17.90511	799.962882	799.866943	880.972339	880.82404	
17.91362	799.974612	799.87567	880.984069	880.82404	
17.92389	799.98946	799.884396	880.998917	880.82404	
17.93392	800.004565	799.901849	881.014022	880.82404	
17.94402	800.02038	799.910576	881.029837	880.82404	
17.95421	800.037028	799.919303	881.046485	880.82404	
17.96437	800.054126	799.936756	881.063583	880.82404	
17.97454	800.071916	799.954209	881.081374	880.82404	
17.9847	800.090306	799.980389	881.099763	880.82404	
17.99479	800.109183	800.006569	881.118641	880.82404	
18.00504	800.128997	800.024023	881.138455	880.82404	
18.01516	800.149173	800.050202	881.15863	880.82404	
18.02532	800.170044	800.076382	881.179502	880.82404	
18.03553	800.19165	800.111289	881.201108	880.82404	
18.0456	800.213558	800.137469	881.223015	880.832767	
18.05616	800.237444	800.163649	881.246902	880.832767	
18.06591	800.259599	800.198555	881.269056	880.832767	
18.07607	800.283566	800.224735	881.293024	880.832767	
18.08624	800.308179	800.250915	881.317636	880.832767	
18.09636	800.33328	800.277095	881.342738	880.841494	
18.10647	800.358991	800.303275	881.368448	880.841494	
18.1251	800.40889	800.355635	881.418347	880.85022	
18.12974	800.421244	800.373088	881.430702	880.85022	
18.13985	800.448962	800.390542	881.45842	880.858947	
18.15924	800.504913	800.442902	881.51437	880.867673	
18.1638	800.517969	800.460355	881.527427	880.8764	
18.18433	800.580389	800.512715	881.589846	880.885127	
18.18895	800.594335	800.530168	881.603793	880.885127	
18.19901	800.625467	800.556348	881.634924	880.893853	
18.20918	800.657601	800.582528	881.667058	880.90258	
18.21945	800.690678	800.617434	881.700135	880.911307	
18.22953	800.723713	800.643614	881.733171	880.920033	
18.23966	800.75755	800.678521	881.767007	880.920033	
18.25772	800.820269	800.730881	881.829726	880.937487	
18.26237	800.836323	800.748334	881.845781	880.946213	
18.27244	800.871942	800.783241	881.881399	880.95494	
18.28259	800.908478	800.818147	881.917935	880.95494	
18.29281	800.945862	800.861781	881.95532	880.972393	
18.30287	800.983278	800.896687	881.992736	880.98112	
18.31305	801.021774	800.931594	882.031231	880.989847	
18.32327	801.061084	800.975227	882.070541	880.998573	
18.3334	801.100607	801.01886	882.110064	881.016026	
18.34354	801.140769	801.062493	882.150226	881.024753	
18.35363	801.181387	801.106127	882.190844	881.042206	
18.36385	801.223122	801.141033	882.232579	881.05966	
18.37395	801.265016	801.193393	882.274473	881.068386	
18.38414	801.307867	801.237026	882.317324	881.08584	
18.39435	801.351458	801.28066	882.360916	881.103293	
18.40443	801.395096	801.333019	882.404554	881.120746	
18.4146	801.439729	801.376653	882.449186	881.1382	
18.42507	801.486396	801.420286	882.495853	881.164379	
18.43499	801.531137	801.472646	882.540595	881.181833	
18.44518	801.577747	801.516279	882.587204	881.199286	
18.45532	801.624719	801.559912	882.634176	881.216739	
18.46542	801.672141	801.612272	882.681598	881.242919	
18.47605	801.722745	801.655905	882.732202	881.269099	
18.48618	801.771575	801.708265	882.781032	881.286553	
18.49629	801.820902	801.751898	882.830359	881.304006	
18.50647	801.871184	801.804258	882.880641	881.330186	
18.51656	801.92169	801.847892	882.931147	881.356366	
18.52681	801.973612	801.900251	882.983069	881.373819	
18.53698	802.02569	801.943885	883.035147	881.399999	
18.54708	802.078039	801.996245	883.087497	881.426179	
18.55727	802.131545	802.048604	883.141002	881.452359	
18.56762	802.186474	802.100964	883.195931	881.478539	
18.57749	802.23943	802.153324	883.248887	881.504719	
18.58767	802.294676	802.214411	883.304133	881.530899	
18.59782	802.350358	802.266771	883.359815	881.557079	
18.60791	802.40641	802.327857	883.415867	881.583258	
18.61805	802.463325	802.380217	883.472782	881.618165	
18.62869	802.523712	802.441304	883.533169	881.644345	
18.63859	802.580429	802.50239	883.589887	881.670525	
18.64865	802.638711	802.55475	883.648168	881.705432	
18.65869	802.697516	802.624563	883.706973	881.731611	
18.66916	802.759481	802.676923	883.768938	881.766518	
18.67903	802.818449	802.746736	883.827906	881.792698	
18.68915	802.879557	802.807823	883.889015	881.827605	
18.69928	802.941299	802.868909	883.950756	881.862511	
18.70945	803.003931	802.938722	884.013388	881.897418	
18.7196	803.067126	803.008536	884.076584	881.932324	
18.73126	803.140507	803.078349	884.149964	881.975958	
18.74131	803.20435	803.148162	884.213807	882.010864	
18.75129	803.268279	803.209248	884.277736	882.045771	
18.76139	803.333619	803.279062	884.343076	882.089404	
18.77165	803.40065	803.340148	884.410107	882.124311	
18.78173	803.467062	803.409961	884.47652	882.167944	
18.79188	803.53459	803.479774	884.544047	882.211577	
18.80202	803.602715	803.549588	884.612172	882.246484	
18.8122	803.671705	803.619401	884.681162	882.290117	
18.82244	803.741725	803.689214	884.751182	882.33375	
18.83391	803.820946	803.767754	884.830403	882.377383	
18.84381	803.889901	803.82884	884.899358	882.421017	
18.85394	803.961073	803.898653	884.970531	882.455923	
18.8641	804.033034	803.977193	885.042491	882.508283	
18.87422	804.105382	804.047006	885.114839	882.551916	
18.88441	804.178833	804.11682	885.188291	882.595549	
18.89464	804.253246	804.195359	885.262704	882.639183	
18.90472	804.327093	804.265173	885.33655	882.682816	
18.91488	804.402274	804.343712	885.411731	882.726449	
18.92509	804.478318	804.422252	885.487775	882.770082	
18.93667	804.565514	804.500792	885.574972	882.822442	
18.94651	804.640076	804.579332	885.649533	882.874802	
18.95666	804.717676	804.657872	885.727133	882.918435	
18.96677	804.795505	804.736412	885.804963	882.970795	
18.97738	804.877947	804.814951	885.887405	883.014428	
18.98714	804.954334	804.893491	885.963791	883.066788	
18.99729	805.034298	804.980758	886.043755	883.119148	
19.00739	805.114558	805.068024	886.124015	883.162781	
19.0175	805.195502	805.155291	886.204959	883.215141	
19.0277	805.27786	805.23383	886.287317	883.267501	
19.03903	805.372453	805.329823	886.38191	883.328588	
19.04923	805.453702	805.41709	886.463159	883.380948	
19.05941	805.537836	805.504356	886.547293	883.433307	
19.06949	805.621625	805.582896	886.631082	883.494394	
19.0797	805.707226	805.670163	886.716683	883.546754	
19.09768	805.860244	805.818516	886.869702	883.651474	
19.10225	805.899051	805.853422	886.908508	883.677654	
19.11239	805.986009	805.940689	886.995467	883.73874	
19.1225	806.073593	806.027955	887.083051	883.7911	
19.13269	806.16204	806.106495	887.171497	883.852187	
19.14294	806.251807	806.185035	887.261264	883.922	
19.153	806.340546	806.272301	887.350003	883.97436	
19.16318	806.430977	806.359568	887.440435	884.035446	
19.1734	806.522375	806.446834	887.531832	884.096533	
19.18344	806.612716	806.534101	887.622173	884.166346	
19.19359	806.70476	806.621367	887.714217	884.227432	
19.20382	806.798123	806.71736	887.80758	884.297245	
19.2139	806.890621	806.813353	887.900078	884.367059	
19.22408	806.984819	806.90062	887.994277	884.428145	
19.23418	807.078767	806.996613	888.088224	884.497958	
19.24465	807.177006	807.092606	888.186463	884.567771	
19.25464	807.271161	807.197326	888.280619	884.637585	
19.2648	807.367525	807.284592	888.376982	884.707398	
19.27492	807.464179	807.389312	888.473636	884.777211	
19.28511	807.562204	807.485305	888.571661	884.847024	
19.29525	807.660277	807.590025	888.669734	884.916837	
19.30538	807.758839	807.686018	888.768296	884.995377	
19.31556	807.85855	807.790738	888.868007	885.06519	
19.32568	807.958336	807.886731	888.967793	885.135004	
19.33614	808.062891	807.982724	889.072348	885.204817	
19.34732	808.173891	808.104897	889.183348	885.283356	
19.35721	808.273103	808.20089	889.28256	885.35317	
19.36729	808.37494	808.296883	889.384397	885.431709	
19.37741	808.477857	808.401603	889.487314	885.501523	
19.38773	808.583453	808.506323	889.592911	885.580062	
19.39771	808.686108	808.611042	889.695565	885.658602	
19.40784	808.790988	808.715762	889.800445	885.728415	
19.41797	808.89639	808.820482	889.905847	885.806955	
19.42812	809.002713	808.925202	890.01217	885.885495	
19.44826	809.2168	809.038648	890.226257	885.964035	
19.45296	809.266457	809.187001	890.275914	886.077481	
19.46303	809.374018	809.300448	890.383475	886.156021	
19.47316	809.482859	809.413894	890.492316	886.225834	
19.48333	809.592709	809.518614	890.602166	886.304374	
19.49352	809.703398	809.640787	890.712855	886.382914	
19.50363	809.81385	809.745506	890.823307	886.47018	
19.51377	809.925215	809.86768	890.934673	886.539994	
19.52395	810.037654	809.972399	891.047111	886.62726	
19.53405	810.14984	810.085846	891.159298	886.7058	
19.54424	810.263596	810.199292	891.273053	886.793066	
19.55469	810.381054	810.312738	891.390512	886.880333	
19.56482	810.495378	810.426185	891.504835	886.958873	
19.57495	810.610373	810.539631	891.61983	887.046139	
19.5851	810.726283	810.653078	891.735741	887.133405	
19.59522	810.842361	810.775251	891.851819	887.211945	
19.60546	810.96046	810.897424	891.969918	887.299212	
19.61552	811.077061	811.01087	892.086518	887.386478	
19.62566	811.19535	811.133043	892.204807	887.473745	
19.63588	811.315047	811.24649	892.324504	887.561011	
19.64616	811.437139	811.368663	892.446597	887.648278	
19.65626	811.555819	811.499562	892.565276	887.735544	
19.66632	811.675425	811.613009	892.684883	887.822811	
19.67877	811.824745	811.743908	892.834202	887.910077	
19.68662	811.919004	811.866082	892.928461	888.00607	
19.69675	812.040552	811.988255	893.050009	888.093337	
19.70694	812.162868	812.110428	893.172325	888.180603	
19.71717	812.28564	812.232601	893.295097	888.276596	
19.72723	812.406324	812.354774	893.415781	888.372589	
19.73734	812.527608	812.476947	893.537065	888.459856	
19.74767	812.651628	812.59912	893.661085	888.555849	
19.75797	812.775192	812.721293	893.784649	888.651842	
19.76805	812.89614	812.843466	893.905597	888.739108	
19.77799	813.015336	812.965639	894.024793	888.835102	
19.78814	813.13722	813.087812	894.146677	888.931095	
19.80657	813.358416	813.209985	894.367873	889.018361	
19.81112	813.412932	813.358338	894.422389	889.140534	
19.82137	813.535968	813.480511	894.545425	889.236527	
19.83144	813.656844	813.602684	894.666301	889.33252	
19.84157	813.778344	813.733584	894.787801	889.428513	
19.85176	813.90066	813.84703	894.910117	889.51578	
19.86197	814.023168	813.97793	895.032625	889.611773	
19.87203	814.143912	814.091376	895.153369	889.707766	
19.88225	814.26648	814.213549	895.275937	889.803759	
19.89238	814.388124	814.335722	895.397581	889.899752	
19.90262	814.511016	814.457895	895.520473	889.995745	
19.91269	814.631856	814.580068	895.641313	890.091739	
19.92289	814.75422	814.693515	895.763677	890.187732	
19.93327	814.878828	814.824415	895.888285	890.283725	
19.94331	814.99926	814.937861	896.008717	890.379718	
19.9535	815.121576	815.060034	896.131033	890.484438	
19.96377	815.244852	815.17348	896.254309	890.580431	
19.97386	815.36586	815.295653	896.375317	890.676424	
19.98398	815.48724	815.417827	896.496697	890.772417	
19.99415	815.609364	815.54	896.618821	890.877137	
20.00427	815.730696	815.662173	896.740153	890.97313	
20.01444	815.85288	815.784346	896.862337	891.07785	
20.02461	815.974848	815.906519	896.984305	891.173843	
20.03476	816.096636	816.028692	897.106093	891.269836	
20.04491	816.218448	816.150865	897.227905	891.374556	
20.05503	816.339816	816.273038	897.349273	891.470549	
20.07366	816.56352	816.395211	897.572977	891.566542	
20.07834	816.61956	816.552291	897.629017	891.697441	
20.08848	816.741252	816.68319	897.750709	891.793435	
20.09857	816.8628	816.81409	897.872257	891.889428	
20.1092	816.989928	816.936263	897.999385	891.985421	
20.11882	817.10538	817.067163	898.114837	892.090141	
20.12899	817.227384	817.198062	898.236841	892.186134	
20.1391	817.34868	817.320235	898.358137	892.282127	
20.16008	817.600476	817.451135	898.609933	892.37812	
20.16731	817.687296	817.643121	898.696753	892.526473	
20.17482	817.77732	817.774021	898.786777	892.622466	
20.18499	817.899396	817.896194	898.908853	892.718459	
20.1951	818.020692	818.027094	899.030149	892.823179	
20.2053	818.143188	818.149267	899.152645	892.919172	
20.21539	818.264172	818.27144	899.273629	893.015165	
20.22558	818.386452	818.393613	899.395909	893.111158	
20.23582	818.50938	818.507059	899.518837	893.207151	
20.24588	818.630076	818.629232	899.639533	893.311871	
20.25619	818.754708	818.742679	899.764165	893.407864	
20.26872	818.904348	818.856125	899.913805	893.503857	
20.27634	818.995548	818.969572	900.005005	893.608577	
20.28645	819.116904	819.083018	900.126361	893.695843	
20.29663	819.239088	819.196464	900.248545	893.800563	
20.30683	819.361536	819.309911	900.370993	893.905283	
20.31704	819.483948	819.423357	900.493405	893.992549	
20.32706	819.604224	819.536804	900.613681	894.088543	
20.33723	819.726204	819.65025	900.735661	894.184536	
20.34733	819.847452	819.763696	900.856909	894.289255	
20.35764	819.971244	819.885869	900.980701	894.385249	
20.36967	820.115604	820.008042	901.125061	894.481242	
20.37784	820.21362	820.121489	901.223077	894.577235	
20.38798	820.33536	820.243662	901.344817	894.673228	
20.39815	820.457232	820.365835	901.466689	894.769221	
20.40831	820.579188	820.488008	901.588645	894.865214	
20.41895	820.706988	820.618908	901.716445	894.952481	
20.42857	820.822404	820.741081	901.831861	895.0572	
20.43881	820.945284	820.863254	901.954741	895.153193	
20.44893	821.066652	820.985427	902.076109	895.249187	
20.45903	821.187876	821.116327	902.197333	895.34518	
20.46928	821.310924	821.2385	902.320381	895.441173	
20.47949	821.433408	821.369399	902.442865	895.537166	
20.48953	821.553888	821.491572	902.563345	895.633159	
20.49975	821.676528	821.613745	902.685985	895.729152	
20.51771	821.89212	821.831912	902.901577	895.894958	
20.52229	821.94702	821.892998	902.956477	895.947318	
20.5325	822.069456	822.015171	903.078913	896.043311	
20.54272	822.19212	822.137344	903.201577	896.139304	
20.55281	822.313248	822.259517	903.322705	896.235298	
20.56294	822.434868	822.38169	903.444325	896.331291	
20.57492	822.5787	822.503863	903.588157	896.43601	
20.58335	822.679704	822.634763	903.689161	896.532004	
20.59344	822.800832	822.748209	903.810289	896.627997	
20.6036	822.922776	822.879109	903.932233	896.732716	
20.61372	823.044192	822.992555	904.053649	896.837436	
20.63206	823.264332	823.219448	904.273789	897.011969	
20.63666	823.319484	823.271808	904.328941	897.055602	
20.64684	823.441584	823.402708	904.451041	897.160322	
20.65697	823.563132	823.524881	904.572589	897.256315	
20.6674	823.688424	823.647054	904.697881	897.361035	
20.6815	823.857576	823.777954	904.867033	897.457028	
20.68735	823.92768	823.900127	904.937137	897.561748	
20.69747	824.049204	824.0223	905.058661	897.657741	
20.70762	824.171016	824.144473	905.180473	897.753734	
20.71777	824.29284	824.275372	905.302297	897.849727	
20.72798	824.415336	824.397546	905.424793	897.954447	
20.73809	824.536548	824.519719	905.546005	898.05044	
20.74826	824.658672	824.633165	905.668129	898.15516	
20.75842	824.780592	824.755338	905.790049	898.251153	
20.7685	824.901444	824.877511	905.910901	898.347146	
20.77893	825.026664	824.999684	906.036121	898.451866	
20.78888	825.146064	825.113131	906.155521	898.547859	
20.79897	825.267132	825.226577	906.276589	898.652579	
20.80909	825.388548	825.34875	906.398005	898.748572	
20.81928	825.5109	825.462196	906.520357	898.844565	
20.82948	825.633336	825.575643	906.642793	898.940558	
20.83957	825.754368	825.697816	906.763825	899.036551	
20.8497	825.875916	825.811262	906.885373	899.132544	
20.85995	825.99888	825.924709	907.008337	899.228537	
20.86998	826.1193	826.046882	907.128757	899.32453	
20.88041	826.244448	826.169055	907.253905	899.420523	
20.89062	826.367064	826.291228	907.376521	899.525243	
20.9007	826.487964	826.413401	907.497421	899.621236	
20.91088	826.61004	826.535574	907.619497	899.717229	
20.92098	826.731312	826.657747	907.740769	899.813223	
20.93119	826.853892	826.771193	907.863349	899.909216	
20.94141	826.9764	826.902093	907.985857	900.013935	
20.95152	827.097816	827.024266	908.107273	900.109928	
20.96169	827.219748	827.146439	908.229205	900.205922	
20.97186	827.3418	827.268612	908.351257	900.301915	
20.98198	827.463252	827.390785	908.472709	900.397908	
20.99255	827.59014	827.512958	908.599597	900.493901	
21.00243	827.708724	827.635131	908.718181	900.598621	
21.01257	827.830428	827.766031	908.839885	900.694614	
21.02282	827.953416	827.888204	908.962873	900.790607	
21.03288	828.074004	828.010377	909.083461	900.8866	
21.04309	828.196632	828.141277	909.206089	900.982593	
21.05332	828.319416	828.26345	909.328873	901.087313	
21.0634	828.440328	828.385623	909.449785	901.183306	
21.07357	828.562368	828.507796	909.571825	901.270572	
21.08365	828.683304	828.629969	909.692761	901.375292	
21.09509	828.820656	828.769595	909.830113	901.480012	
21.10514	828.941196	828.891768	909.950653	901.584732	
21.11529	829.06302	829.013941	910.072477	901.680725	
21.12544	829.184736	829.136114	910.194193	901.776718	
21.13552	829.305732	829.258288	910.315189	901.872711	
21.1458	829.429176	829.389187	910.438633	901.968704	
21.15593	829.550676	829.51136	910.560133	902.064697	
21.16603	829.671912	829.633533	910.681369	902.16069	
21.17618	829.79364	829.755706	910.803097	902.256683	
21.18627	829.91484	829.877879	910.924297	902.352677	
21.19792	830.054628	830.017506	911.064085	902.457396	
21.20776	830.172588	830.139679	911.182045	902.562116	
21.21791	830.294376	830.261852	911.303833	902.658109	
21.22805	830.416056	830.384025	911.425513	902.754102	
21.2382	830.53794	830.506198	911.547397	902.850095	
21.24843	830.66076	830.628371	911.670217	902.954815	
21.2585	830.781528	830.750544	911.790985	903.050808	
21.26867	830.903604	830.872717	911.913061	903.155528	
21.27883	831.025476	830.986163	912.034933	903.260248	
21.28914	831.14922	831.108337	912.158677	903.356241	
21.30042	831.284568	831.247963	912.294025	903.469687	
21.31054	831.405996	831.361409	912.415453	903.574407	
21.32066	831.527424	831.483582	912.536881	903.6704	
21.33082	831.649344	831.597029	912.658801	903.77512	
21.341	831.771552	831.719202	912.781009	903.871113	
21.35131	831.895332	831.841375	912.904789	903.975833	
21.36128	832.014816	831.963548	913.024273	904.071826	
21.37139	832.136172	832.076994	913.145629	904.167819	
21.38156	832.258212	832.199167	913.267669	904.263812	
21.39173	832.380324	832.312614	913.389781	904.368532	
21.40335	832.519764	832.45224	913.529221	904.473252	
21.41323	832.638228	832.565686	913.647685	904.569245	
21.42334	832.759668	832.687859	913.769125	904.665238	
21.43349	832.881444	832.801306	913.890901	904.769958	
21.44359	833.002632	832.923479	914.012089	904.865951	
21.4538	833.125128	833.045652	914.134585	904.961944	
21.46394	833.246844	833.167825	914.256301	905.066664	
21.47408	833.368512	833.289998	914.377969	905.162657	
21.48426	833.490696	833.412171	914.500153	905.25865	
21.49436	833.611776	833.534344	914.621233	905.354643	
21.50607	833.752404	833.673971	914.761861	905.459363	
21.51594	833.870736	833.796144	914.880193	905.564082	
21.52603	833.991852	833.918317	915.001309	905.660076	
21.53621	834.114036	834.04049	915.123493	905.756069	
21.54629	834.235068	834.162663	915.244525	905.852062	
21.55652	834.35778	834.293562	915.367237	905.956781	
21.56717	834.485628	834.424462	915.495085	906.052775	
21.57724	834.60636	834.546635	915.615817	906.157494	
21.58755	834.730152	834.668808	915.739609	906.253487	
21.59769	834.851772	834.799708	915.861229	906.349481	
21.6087	834.984024	834.930608	915.993481	906.462927	
21.61875	835.104924	835.052781	916.114381	906.55892	
21.62903	835.227912	835.174954	916.237369	906.654913	
21.639	835.347504	835.297127	916.356961	906.750906	
21.64919	835.469772	835.4193	916.479229	906.855626	
21.6593	835.591176	835.541473	916.600633	906.951619	
21.66949	835.71336	835.663646	916.722817	907.047612	
21.68093	835.8507	835.785819	916.860157	907.143605	
21.68979	835.95696	835.907992	916.966417	907.239598	
21.70035	836.083716	836.047618	917.093173	907.344318	
21.71956	836.314308	836.274511	917.323765	907.527578	
21.72421	836.37	836.326871	917.379457	907.571211	
21.7345	836.49354	836.457771	917.502997	907.667204	
21.74446	836.613	836.579944	917.622457	907.763197	
21.75462	836.734992	836.710843	917.744449	907.867917	
21.76478	836.856924	836.833016	917.866381	907.96391	
21.77497	836.979216	836.95519	917.988673	908.059903	
21.78506	837.100224	837.077363	918.109681	908.155896	
21.79519	837.22176	837.190809	918.231217	908.251889	
21.80547	837.345144	837.312982	918.354601	908.347883	
21.81572	837.469752	837.435155	918.479209	908.452602	
21.82587	837.589992	837.548601	918.599449	908.548595	
21.83608	837.712476	837.662048	918.721933	908.635862	
21.84619	837.832847	837.784221	918.842305	908.740582	
21.85631	837.95287	837.897667	918.962327	908.836575	
21.8665	838.072971	838.01984	919.082429	908.932568	
21.87662	838.191617	838.133287	919.201075	909.037288	
21.89471	838.401387	838.342726	919.410844	909.211821	
21.89925	838.454168	838.395086	919.463625	909.255454	
21.90948	838.572135	838.517259	919.581592	909.351447	
21.91962	838.688478	838.630706	919.697935	909.456167	
21.93774	838.893909	838.840145	919.903366	909.6307	
21.94234	838.946216	838.892505	919.955673	909.674333	
21.95244	839.060028	839.014678	920.069485	909.770326	
21.96264	839.17448	839.136851	920.183937	909.866319	
21.97281	839.287926	839.250297	920.297383	909.962312	
21.98299	839.400899	839.363744	920.410356	910.067032	
21.99315	839.51307	839.47719	920.522527	910.163025	
22.00325	839.623864	839.590637	920.633322	910.250291	
22.01526	839.754761	839.704083	920.764218	910.346285	
22.02364	839.845684	839.817529	920.855141	910.442278	
22.03375	839.954766	839.922249	920.964223	910.529544	
22.0439	840.063847	840.035696	921.073305	910.625537	
22.05402	840.171807	840.140415	921.181264	910.72153	
22.06426	840.280495	840.253862	921.289952	910.808797	
22.07439	840.387429	840.358582	921.396886	910.896063	
22.08455	840.493971	840.463301	921.503428	910.992056	
22.09471	840.599972	840.568021	921.60943	911.079323	
22.10481	840.704651	840.672741	921.714108	911.166589	
22.11499	840.809705	840.777461	921.819162	911.253856	
22.12535	840.915879	840.88218	921.925336	911.341122	
22.13533	841.017517	840.9869	922.026974	911.428389	
22.14541	841.119629	841.09162	922.129086	911.515655	
22.16547	841.319892	841.283606	922.329349	911.681461	
22.17059	841.371018	841.335966	922.380475	911.725095	
22.18077	841.471972	841.440686	922.481429	911.812361	
22.19111	841.573971	841.545405	922.583428	911.890901	
22.20129	841.673674	841.641399	922.683131	911.978167	
22.21138	841.771904	841.737392	922.781361	912.056707	
22.22368	841.89082	841.842111	922.900277	912.143974	
22.23175	841.968374	841.938105	922.977831	912.222513	
22.2419	842.065395	842.034098	923.074852	912.301053	
22.25208	842.162058	842.138817	923.171515	912.38832	
22.26216	842.257199	842.23481	923.266656	912.46686	
22.27234	842.352666	842.330804	923.362123	912.545399	
22.28249	842.447231	842.435523	923.456688	912.632666	
22.29276	842.542248	842.531516	923.551705	912.711206	
22.30292	842.635665	842.62751	923.645122	912.789746	
22.31299	842.727647	842.723503	923.737104	912.859559	
22.32492	842.835808	842.819496	923.845265	912.938098	
22.33345	842.912653	842.915489	923.922111	913.016638	
22.34351	843.002723	843.011482	924.01218	913.095178	
22.35363	843.092764	843.098748	924.102221	913.173718	
22.36377	843.182294	843.194742	924.191751	913.243531	
22.37393	843.27144	843.282008	924.280897	913.322071	
22.38409	843.359974	843.369275	924.369431	913.391884	
22.39424	843.44781	843.456541	924.457267	913.470424	
22.40442	843.535316	843.535081	924.544773	913.540237	
22.41452	843.621413	843.622347	924.630871	913.618777	
22.42738	843.730169	843.709614	924.739627	913.68859	
22.43494	843.793794	843.788154	924.803252	913.758403	
22.44506	843.878298	843.866693	924.887755	913.828216	
22.45522	843.962531	843.945233	924.971988	913.89803	
22.46531	844.045534	844.023773	925.054991	913.967843	
22.47551	844.128961	844.102313	925.138418	914.037656	
22.48569	844.211465	844.180853	925.220923	914.107469	
22.49582	844.293031	844.250666	925.302488	914.168556	
22.50599	844.37436	844.337932	925.383817	914.238369	
22.51627	844.455882	844.407745	925.46534	914.299455	
22.52877	844.554016	844.486285	925.563474	914.360542	
22.53644	844.613955	844.564825	925.623413	914.430355	
22.54658	844.692483	844.643365	925.701941	914.500168	
22.55674	844.770685	844.721905	925.780142	914.561255	
22.567	844.84893	844.809171	925.858388	914.622341	
22.57743	844.927824	844.878984	925.937282	914.674701	
22.58718	845.001075	844.966251	926.010532	914.744514	
22.59741	845.077246	845.036064	926.086703	914.805601	
22.60754	845.152155	845.12333	926.161613	914.866687	
22.61756	845.225632	845.193144	926.235089	914.919047	
22.62787	845.300611	845.271683	926.310068	914.980134	
22.63795	845.373274	845.350223	926.382731	915.04122	
22.64808	845.445612	845.420036	926.455069	915.09358	
22.65832	845.51824	845.48985	926.527698	915.163393	
22.66844	845.589402	845.559663	926.598859	915.22448	
22.67889	845.662207	845.638203	926.671664	915.27684	
22.68869	845.729935	845.708016	926.739392	915.337926	
22.69883	845.799361	845.777829	926.808818	915.399013	
22.70915	845.8695	845.838915	926.878957	915.460099	
22.71909	845.936313	845.908729	926.94577	915.512459	
22.72928	846.004334	845.978542	927.013792	915.573546	
22.73969	846.073137	846.048355	927.082594	915.634632	
22.74968	846.138535	846.109441	927.147992	915.686992	
22.75982	846.204311	846.179255	927.213769	915.748079	
22.76991	846.269203	846.240341	927.27866	915.800438	
22.78037	846.335816	846.310154	927.345274	915.861525	
22.79048	846.399602	846.371241	927.40906	915.913885	
22.80059	846.46281	846.432327	927.472268	915.966245	
22.81071	846.525464	846.502141	927.534921	916.018605	
22.82091	846.58799	846.563227	927.597448	916.070964	
22.83109	846.649748	846.624314	927.659205	916.132051	
22.84161	846.712966	846.6854	927.722424	916.175684	
22.85139	846.771133	846.746487	927.78059	916.228044	
22.86161	846.831342	846.807573	927.840799	916.280404	
22.87168	846.890045	846.86866	927.899503	916.332764	
22.88188	846.948936	846.929746	927.958393	916.385124	
22.89209	847.007208	846.990833	928.016665	916.428757	
22.90218	847.064228	847.043193	928.073685	916.47239	
22.91236	847.121149	847.104279	928.130606	916.52475	
22.92249	847.177193	847.165366	928.186651	916.568383	
22.93267	847.232871	847.217726	928.242328	916.612017	
22.94396	847.29391	847.278812	928.303367	916.65565	
22.9538	847.346467	847.331172	928.355925	916.699283	
22.96398	847.400298	847.392258	928.409755	916.742916	
22.97412	847.453294	847.444618	928.462751	916.786549	
22.98423	847.505579	847.496978	928.515036	916.830183	
22.9944	847.557555	847.549338	928.567012	916.865089	
23.00456	847.608843	847.592971	928.6183	916.908723	
23.01468	847.65934	847.645331	928.668797	916.943629	
23.02507	847.710566	847.688964	928.720023	916.987262	
23.035	847.758878	847.741324	928.768335	917.022169	
23.04638	847.813575	847.793684	928.823032	917.065802	
23.05645	847.86129	847.837317	928.870748	917.109435	
23.06661	847.908905	847.880951	928.918363	917.144342	
23.07675	847.955793	847.93331	928.96525	917.179249	
23.0874	848.0044	847.976944	929.013857	917.214155	
23.09704	848.047839	848.020577	929.057296	917.249062	
23.10719	848.092982	848.072937	929.102439	917.283968	
23.11735	848.137561	848.11657	929.147018	917.310148	
23.12743	848.181252	848.160203	929.190709	917.345055	
23.13766	848.2249	848.212563	929.234357	917.379961	
23.14923	848.273482	848.264923	929.282939	917.414868	
23.15913	848.314497	848.308556	929.323955	917.441048	
23.16923	848.355745	848.35219	929.365202	917.475955	
23.1793	848.396306	848.395823	929.405764	917.502134	
23.18955	848.436966	848.439456	929.446424	917.537041	
23.19968	848.476521	848.483089	929.485978	917.563221	
23.21764	848.544418	848.561629	929.553876	917.606854	
23.22222	848.561775	848.579082	929.571233	917.624308	
23.23255	848.60017	848.613989	929.609627	917.641761	
23.24248	848.636508	848.648895	929.645966	917.676667	
23.25276	848.673492	848.692529	929.682949	917.702847	
23.26288	848.709306	848.727435	929.718763	917.729027	
23.27301	848.744557	848.762342	929.754014	917.746481	
23.28317	848.779312	848.805975	929.788769	917.772661	
23.29335	848.813577	848.840882	929.823034	917.79884	
23.30347	848.847002	848.867062	929.856459	917.816294	
23.31362	848.879948	848.901968	929.889405	917.842474	
23.32373	848.91217	848.928148	929.921627	917.868654	
23.33394	848.944096	848.963055	929.953553	917.886107	
23.34402	848.975038	848.989235	929.984495	917.912287	
23.35428	849.00593	849.015415	930.015387	917.92974	
23.36439	849.035765	849.050321	930.045222	917.947193	
23.37455	849.065168	849.076501	930.074625	917.964647	
23.38475	849.094055	849.102681	930.103512	917.9821	
23.39491	849.122266	849.128861	930.131724	917.999553	
23.40505	849.149839	849.155041	930.159296	918.017007	
23.41518	849.176752	849.172494	930.186209	918.025733	
23.42539	849.203312	849.198674	930.212769	918.043187	
23.43552	849.229069	849.224854	930.238526	918.06064	
23.44567	849.254286	849.242307	930.263743	918.069366	
23.45728	849.28232	849.277214	930.291777	918.08682	
23.46709	849.305493	849.294667	930.31495	918.095546	
23.4772	849.32878	849.312121	930.338238	918.104273	
23.48732	849.351523	849.338301	930.36098	918.121726	
23.49768	849.374185	849.355754	930.383643	918.130453	
23.5076	849.395338	849.373207	930.404796	918.130453	
23.5178	849.416469	849.39066	930.425926	918.13918	
23.5279	849.436835	849.408114	930.446293	918.147906	
23.53803	849.456669	849.425567	930.466126	918.156633	
23.54823	849.476068	849.44302	930.485525	918.156633	
23.55968	849.497063	849.460474	930.50652	918.156633	
23.56984	849.515134	849.477927	930.524591	918.16536	
23.57995	849.532535	849.486654	930.541993	918.16536	
23.5901	849.549436	849.504107	930.558894	918.16536	
23.60043	849.566048	849.512833	930.575505	918.16536	
23.61055	849.581746	849.52156	930.591203	918.16536	
23.62071	849.596943	849.539013	930.6064	918.16536	
23.63105	849.611799	849.556467	930.621256	918.16536	
23.64102	849.625582	849.565193	930.635039	918.16536	
23.6512	849.639093	849.57392	930.64855	918.16536	
23.66272	849.653606	849.591373	930.663063	918.16536	
23.67249	849.665422	849.6001	930.674879	918.16536	
23.6832	849.677924	849.608827	930.687382	918.16536	
23.69279	849.688303	849.62628	930.69776	918.16536	
23.70318	849.699132	849.62628	930.708589	918.16536	
23.71332	849.709167	849.643733	930.718624	918.16536	
23.7235	849.718685	849.65246	930.728142	918.16536	
23.7337	849.727663	849.661186	930.73712	918.16536	
23.74381	849.736035	849.661186	930.745492	918.16536	
23.75391	849.743872	849.67864	930.75333	918.16536	
23.76533	849.752018	849.67864	930.761475	918.16536	
23.77519	849.758585	849.687366	930.768042	918.16536	
23.7853	849.764807	849.696093	930.774265	918.16536	
23.79544	849.770534	849.696093	930.779991	918.16536	
23.80562	849.775776	849.696093	930.785233	918.16536	
23.81569	849.780473	849.70482	930.78993	918.16536	
23.8259	849.784746	849.713546	930.794204	918.16536	
23.83611	849.788541	849.713546	930.797998	918.16536	
23.84619	849.791837	849.713546	930.801294	918.16536	
23.85631	849.794708	849.713546	930.804165	918.16536	
23.86794	849.797412	849.722273	930.806869	918.16536	
23.87784	849.79938	849.722273	930.808837	918.16536	
23.88795	849.801023	849.731	930.81048	918.16536	
23.89806	849.805856	849.731	930.815314	918.16536	
23.91653	849.805856	849.731	930.815314	918.16536	
23.92114	849.805856	849.731	930.815314	918.16536	
23.9313	849.805856	849.731	930.815314	918.16536	
23.9415	849.805856	849.731	930.815314	918.16536	
23.95157	849.805856	849.731	930.815314	918.16536	
23.97067	849.805856	849.731	930.815314	918.156633	
23.9754	849.805856	849.731	930.815314	918.156633	
23.98555	849.805856	849.731	930.815314	918.156633	
23.9957	849.805856	849.731	930.815314	918.156633	
24.00615	849.805856	849.731	930.815314	918.156633	
24.01596	849.805856	849.731	930.815314	918.156633	
24.02614	849.805856	849.731	930.815314	918.156633	
24.03631	849.805856	849.731	930.815314	918.156633	
24.04643	849.805856	849.731	930.815314	918.156633	
24.05652	849.805856	849.731	930.815314	918.156633	
24.06912	849.805856	849.731	930.815314	918.156633	
24.07709	849.805856	849.731	930.815314	918.147906	
24.08726	849.805856	849.731	930.815314	918.147906	
24.09735	849.805856	849.731	930.815314	918.147906	
24.10747	849.805856	849.731	930.815314	918.147906	
24.11768	849.805856	849.731	930.815314	918.147906	
24.12775	849.805856	849.731	930.815314	918.147906	
24.1379	849.805856	849.731	930.815314	918.147906	
24.14959	849.805856	849.731	930.815314	918.147906	
24.15827	849.805856	849.731	930.815314	918.147906	
24.17702	849.805856	849.731	930.815314	918.147906	
24.18174	849.805856	849.731	930.815314	918.147906	
24.19176	849.805856	849.731	930.815314	918.147906	
24.20195	849.805856	849.731	930.815314	918.147906	
24.21206	849.805856	849.731	930.815314	918.147906	
24.22227	849.805856	849.731	930.815314	918.147906	
24.23243	849.805856	849.731	930.815314	918.147906	
24.24257	849.805856	849.731	930.815314	918.147906	
24.25273	849.805856	849.731	930.815314	918.147906	
24.26284	849.805856	849.731	930.815314	918.147906	
24.2754	849.805856	849.731	930.815314	918.147906	
24.28322	849.805856	849.731	930.815314	918.147906	
24.29338	849.805856	849.731	930.815314	918.147906	
24.30352	849.805856	849.731	930.815314	918.147906	
24.31363	849.805856	849.731	930.815314	918.147906	
24.32383	849.805856	849.731	930.815314	918.147906	
24.33401	849.805856	849.731	930.815314	918.147906	
24.34412	849.805856	849.731	930.815314	918.147906	
24.35426	849.805856	849.731	930.815314	918.147906	
24.36439	849.805856	849.731	930.815314	918.147906	
24.37453	849.805856	849.731	930.815314	918.147906	
24.38478	849.805856	849.731	930.815314	918.147906	
24.3949	849.805856	849.731	930.815314	918.147906	
24.40506	849.805856	849.731	930.815314	918.147906	
24.41523	849.805856	849.731	930.815314	918.147906	
24.42533	849.805856	849.731	930.815314	918.147906	
24.43565	849.805856	849.731	930.815314	918.147906	
24.44585	849.805856	849.731	930.815314	918.147906	
24.45594	849.805856	849.731	930.815314	918.147906	
24.4661	849.805856	849.731	930.815314	918.147906	
24.47628	849.805856	849.731	930.815314	918.147906	
24.49454	849.805856	849.731	930.815314	918.147906	
24.49919	849.805856	849.731	930.815314	918.147906	
24.50934	849.805856	849.731	930.815314	918.147906	
24.51943	849.805856	849.731	930.815314	918.147906	
24.52962	849.805856	849.731	930.815314	918.147906	
24.53976	849.805856	849.731	930.815314	918.147906	
24.54999	849.805856	849.731	930.815314	918.147906	
24.56012	849.805856	849.731	930.815314	918.147906	
24.57024	849.805856	849.731	930.815314	918.147906	
24.58045	849.805856	849.731	930.815314	918.147906	
24.59067	849.805856	849.731	930.815314	918.147906	
24.60081	849.805856	849.731	930.815314	918.147906	
24.61092	849.805856	849.731	930.815314	918.147906	
24.62106	849.805856	849.731	930.815314	918.147906	
24.63141	849.805856	849.731	930.815314	918.147906	
24.6414	849.805856	849.731	930.815314	918.147906	
24.65156	849.805856	849.731	930.815314	918.147906	
24.66179	849.805856	849.731	930.815314	918.147906	
24.67183	849.805856	849.731	930.815314	918.147906	
24.682	849.805856	849.731	930.815314	918.147906	
24.69271	849.805856	849.731	930.815314	918.147906	
24.7028	849.805856	849.731	930.815314	918.147906	
24.71293	849.805856	849.731	930.815314	918.147906	
24.72308	849.805856	849.731	930.815314	918.147906	
24.73328	849.805856	849.731	930.815314	918.147906	
24.7434	849.805856	849.731	930.815314	918.147906	
24.75357	849.805856	849.731	930.815314	918.147906	
24.76373	849.805856	849.731	930.815314	918.147906	
24.7739	849.805856	849.731	930.815314	918.147906	
24.78404	849.805856	849.731	930.815314	918.147906	
24.79454	849.805856	849.731	930.815314	918.147906	
24.80446	849.805856	849.731	930.815314	918.147906	
24.81453	849.805856	849.731	930.815314	918.147906	
24.82471	849.805856	849.731	930.815314	918.147906	
24.83481	849.805856	849.731	930.815314	918.147906	
24.84501	849.805856	849.731	930.815314	918.147906	
24.8552	849.805856	849.731	930.815314	918.147906	
24.86531	849.805856	849.731	930.815314	918.147906	
24.87541	849.805856	849.731	930.815314	918.147906	
24.88569	849.805856	849.731	930.815314	918.147906	
24.89722	849.805856	849.731	930.815314	918.147906	
24.9071	849.805856	849.731	930.815314	918.147906	
24.9172	849.805856	849.731	930.815314	918.147906	
24.92736	849.805856	849.731	930.815314	918.147906	
24.93764	849.805856	849.731	930.815314	918.147906	
24.94764	849.805856	849.731	930.815314	918.147906	
24.95783	849.805856	849.731	930.815314	918.147906	
24.96794	849.805856	849.731	930.815314	918.147906	
24.97805	849.805856	849.731	930.815314	918.147906	
24.98824	849.805856	849.731	930.815314	918.147906	
24.99985	849.805856	849.731	930.815314	918.147906	
25.0099	849.805856	849.731	930.815314	918.147906	
25.01998	849.805856	849.731	930.815314	918.147906	
25.03002	849.805856	849.731	930.815314	918.147906	
25.04044	849.805856	849.731	930.815314	918.147906	
25.05058	849.805856	849.731	930.815314	918.147906	
25.06075	849.805856	849.731	930.815314	918.147906	
25.07092	849.805856	849.731	930.815314	918.147906	
25.08102	849.805856	849.731	930.815314	918.147906	
25.09122	849.805856	849.731	930.815314	918.147906	
25.10257	849.805856	849.731	930.815314	918.147906	
25.11244	849.805856	849.731	930.815314	918.147906	
25.12256	849.805856	849.731	930.815314	918.147906	
25.13274	849.805856	849.731	930.815314	918.147906	
25.14287	849.805856	849.731	930.815314	918.147906	
25.15305	849.805856	849.731	930.815314	918.147906	
25.16325	849.805856	849.731	930.815314	918.147906	
25.17338	849.805856	849.731	930.815314	918.147906	
25.18352	849.805856	849.731	930.815314	918.147906	
25.19362	849.805856	849.731	930.815314	918.147906	
25.20525	849.805856	849.731	930.815314	918.147906	
25.21512	849.805856	849.731	930.815314	918.147906	
25.22526	849.805856	849.731	930.815314	918.147906	
25.2354	849.805856	849.731	930.815314	918.147906	
25.24561	849.805856	849.731	930.815314	918.147906	
25.2559	849.805856	849.731	930.815314	918.147906	
25.26602	849.805856	849.731	930.815314	918.147906	
25.27618	849.805856	849.731	930.815314	918.147906	
25.28632	849.805856	849.731	930.815314	918.147906	
25.29642	849.805856	849.731	930.815314	918.147906	
25.30786	849.805856	849.731	930.815314	918.147906	
25.3178	849.805856	849.731	930.815314	918.147906	
25.32789	849.805856	849.731	930.815314	918.147906	
25.338	849.805856	849.731	930.815314	918.147906	
25.34815	849.805856	849.731	930.815314	918.147906	
25.35837	849.805856	849.731	930.815314	918.147906	
25.36846	849.805856	849.731	930.815314	918.147906	
25.37864	849.805856	849.731	930.815314	918.147906	
25.38871	849.805856	849.731	930.815314	918.147906	
25.39912	849.805856	849.731	930.815314	918.147906	
25.41052	849.805856	849.731	930.815314	918.147906	
25.42051	849.805856	849.731	930.815314	918.147906	
25.43064	849.805856	849.731	930.815314	918.147906	
25.44077	849.805856	849.731	930.815314	918.147906	
25.45095	849.805856	849.731	930.815314	918.147906	
25.46113	849.805856	849.731	930.815314	918.147906	
25.47135	849.805856	849.731	930.815314	918.147906	
25.48155	849.805856	849.731	930.815314	918.147906	
25.49159	849.805856	849.731	930.815314	918.147906	
25.50182	849.805856	849.731	930.815314	918.147906	
25.51332	849.805856	849.739726	930.815314	918.147906	
25.52321	849.805856	849.739726	930.815314	918.147906	
25.53353	849.805856	849.748453	930.815314	918.147906	
25.54364	849.805856	849.748453	930.815314	918.147906	
25.55375	849.805856	849.748453	930.815314	918.147906	
25.56396	849.805856	849.75718	930.815314	918.147906	
25.57418	849.805856	849.75718	930.815314	918.147906	
25.58427	849.805856	849.75718	930.815314	918.147906	
25.59441	849.805856	849.75718	930.815314	918.147906	
25.60454	849.805856	849.75718	930.815314	918.147906	
25.61601	849.805856	849.75718	930.815314	918.147906	
25.62585	849.805856	849.75718	930.815314	918.147906	
25.64405	849.805856	849.75718	930.815314	918.147906	
25.64866	849.805856	849.75718	930.815314	918.147906	
25.65917	849.805856	849.75718	930.815314	918.147906	
25.66896	849.805856	849.75718	930.815314	918.147906	
25.67909	849.805856	849.75718	930.815314	918.147906	
25.6913	849.805856	849.75718	930.815314	918.147906	
25.69935	849.805856	849.75718	930.815314	918.147906	
25.70952	849.805856	849.75718	930.815314	918.147906	
25.72789	849.805856	849.75718	930.815314	918.147906	
25.73257	849.805856	849.75718	930.815314	918.147906	
25.74269	849.805856	849.75718	930.815314	918.147906	
25.75279	849.805856	849.75718	930.815314	918.147906	
25.76298	849.805856	849.75718	930.815314	918.147906	
25.77314	849.805856	849.75718	930.815314	918.147906	
25.78338	849.805856	849.75718	930.815314	918.147906	
25.79348	849.805856	849.75718	930.815314	918.147906	
25.80362	849.805856	849.75718	930.815314	918.147906	
25.81383	849.805856	849.75718	930.815314	918.147906	
25.82399	849.805856	849.75718	930.815314	918.147906	
25.8341	849.805856	849.75718	930.815314	918.147906	
25.84432	849.805856	849.765906	930.815314	918.147906	
25.85438	849.805856	849.765906	930.815314	918.147906	
25.86457	849.805856	849.765906	930.815314	918.147906	
25.87468	849.805856	849.774633	930.815314	918.147906	
25.88487	849.805856	849.78336	930.815314	918.147906	
25.895	849.805856	849.792086	930.815314	918.147906	
25.90517	849.805856	849.800813	930.815314	918.147906	
25.91537	849.805856	849.800813	930.815314	918.147906	
25.92585	849.805856	849.809539	930.815314	918.147906	
25.93569	849.805856	849.818266	930.815314	918.147906	
25.94584	849.805856	849.818266	930.815314	918.147906	
25.95601	849.805856	849.826993	930.815314	918.147906	
25.96627	849.805856	849.826993	930.815314	918.147906	
25.97628	849.805856	849.835719	930.815314	918.147906	
25.9864	849.805856	849.835719	930.815314	918.147906	
25.99659	849.805856	849.835719	930.815314	918.147906	
26.00671	849.805856	849.835719	930.815314	918.147906	
26.0168	849.805856	849.826993	930.815314	918.147906	
26.02739	849.805856	849.818266	930.815314	918.147906	
26.03745	849.805856	849.818266	930.815314	918.147906	
26.04758	849.805856	849.818266	930.815314	918.147906	
26.05773	849.805856	849.809539	930.815314	918.147906	
26.06808	849.805856	849.809539	930.815314	918.147906	
26.07808	849.805856	849.800813	930.815314	918.147906	
26.08816	849.805856	849.800813	930.815314	918.147906	
26.09835	849.805856	849.800813	930.815314	918.147906	
26.10848	849.805856	849.800813	930.815314	918.147906	
26.11889	849.805856	849.800813	930.815314	918.147906	
26.12935	849.805856	849.809539	930.815314	918.147906	
26.13915	849.805856	849.809539	930.815314	918.147906	
26.15962	849.805856	849.809539	930.815314	918.147906	
26.16419	849.805856	849.809539	930.815314	918.147906	
26.17434	849.805856	849.809539	930.815314	918.147906	
26.18452	849.805856	849.809539	930.815314	918.147906	
26.19464	849.805856	849.809539	930.815314	918.147906	
26.20483	849.805856	849.809539	930.815314	918.147906	
26.21495	849.805856	849.809539	930.815314	918.147906	
26.22766	849.805856	849.809539	930.815314	918.147906	
26.23538	849.805856	849.809539	930.815314	918.147906	
26.24546	849.805856	849.809539	930.815314	918.147906	
26.2556	849.805856	849.809539	930.815314	918.147906	
26.26582	849.805856	849.809539	930.815314	918.147906	
26.27599	849.805856	849.809539	930.815314	918.147906	
26.28613	849.805856	849.809539	930.815314	918.147906	
26.29621	849.805856	849.809539	930.815314	918.147906	
26.30639	849.805856	849.809539	930.815314	918.147906	
26.31655	849.805856	849.809539	930.815314	918.147906	
26.32664	849.805856	849.809539	930.815314	918.147906	
26.33695	849.805856	849.809539	930.815314	918.147906	
26.34701	849.805856	849.809539	930.815314	918.147906	
26.35715	849.805856	849.809539	930.815314	918.147906	
26.36753	849.805856	849.809539	930.815314	918.147906	
26.37759	849.805856	849.809539	930.815314	918.147906	
26.38756	849.805856	849.809539	930.815314	918.147906	
26.39777	849.805856	849.809539	930.815314	918.147906	
26.40784	849.805856	849.809539	930.815314	918.147906	
26.41796	849.805856	849.809539	930.815314	918.147906	
26.42816	849.805856	849.809539	930.815314	918.147906	
26.43847	849.805856	849.809539	930.815314	918.147906	
26.44851	849.805856	849.809539	930.815314	918.147906	
26.45868	849.805856	849.809539	930.815314	918.147906	
26.46876	849.805856	849.809539	930.815314	918.147906	
26.47914	849.805856	849.809539	930.815314	918.147906	
26.48905	849.805856	849.809539	930.815314	918.147906	
26.49919	849.805856	849.809539	930.815314	918.147906	
26.50938	849.805856	849.809539	930.815314	918.147906	
26.5195	849.805856	849.809539	930.815314	918.147906	
26.52965	849.805856	849.809539	930.815314	918.147906	
26.54796	849.805856	849.809539	930.815314	918.147906	
26.55258	849.805856	849.809539	930.815314	918.147906	
26.56275	849.805856	849.809539	930.815314	918.147906	
26.57289	849.805856	849.809539	930.815314	918.147906	
26.58309	849.805856	849.809539	930.815314	918.147906	
26.59321	849.805856	849.809539	930.815314	918.147906	
26.60355	849.805856	849.809539	930.815314	918.147906	
26.6135	849.805856	849.809539	930.815314	918.147906	
26.62364	849.805856	849.809539	930.815314	918.147906	
26.63392	849.805856	849.809539	930.815314	918.147906	
26.64417	849.805856	849.809539	930.815314	918.147906	
26.65432	849.805856	849.809539	930.815314	918.147906	
26.66445	849.805856	849.809539	930.815314	918.147906	
26.67462	849.805856	849.809539	930.815314	918.147906	
26.68477	849.805856	849.809539	930.815314	918.147906	
26.7045	849.805856	849.809539	930.815314	918.147906	
26.70911	849.805856	849.809539	930.815314	918.147906	
26.71924	849.805856	849.809539	930.815314	918.147906	
26.72937	849.805856	849.809539	930.815314	918.147906	
26.74225	849.805856	849.809539	930.815314	918.147906	
26.74981	849.805856	849.809539	930.815314	918.147906	
26.75991	849.805856	849.809539	930.815314	918.147906	
26.77002	849.805856	849.809539	930.815314	918.147906	
26.78013	849.805856	849.809539	930.815314	918.147906	
26.79044	849.805856	849.809539	930.815314	918.147906	
26.80061	849.805856	849.809539	930.815314	918.147906	
26.81071	849.805856	849.809539	930.815314	918.147906	
26.82091	849.805856	849.809539	930.815314	918.147906	
26.83105	849.805856	849.809539	930.815314	918.147906	
26.84354	849.805856	849.809539	930.815314	918.147906	
26.85143	849.805856	849.809539	930.815314	918.147906	
26.86157	849.805856	849.809539	930.815314	918.147906	
26.87168	849.805856	849.809539	930.815314	918.147906	
26.88181	849.805856	849.809539	930.815314	918.147906	
26.89204	849.805856	849.809539	930.815314	918.147906	
26.90223	849.805856	849.809539	930.815314	918.147906	
26.91233	849.805856	849.809539	930.815314	918.147906	
26.92248	849.805856	849.809539	930.815314	918.147906	
26.93263	849.805856	849.809539	930.815314	918.147906	
26.94281	849.805856	849.809539	930.815314	918.147906	
26.96107	849.805856	849.809539	930.815314	918.147906	
26.9657	849.805856	849.809539	930.815314	918.147906	
26.97585	849.805856	849.809539	930.815314	918.147906	
26.98617	849.805856	849.809539	930.815314	918.147906	
26.99617	849.805856	849.809539	930.815314	918.147906	
27.00635	849.805856	849.809539	930.815314	918.147906	
27.01639	849.805856	849.809539	930.815314	918.147906	
27.02658	849.805856	849.809539	930.815314	918.147906	
27.03671	849.805856	849.809539	930.815314	918.147906	
27.04885	849.805856	849.809539	930.815314	918.147906	
27.05709	849.805856	849.809539	930.815314	918.147906	
27.06739	849.805856	849.809539	930.815314	918.147906	
27.07734	849.805856	849.809539	930.815314	918.147906	
27.08754	849.805856	849.809539	930.815314	918.147906	
27.09781	849.805856	849.809539	930.815314	918.147906	
27.10784	849.805856	849.809539	930.815314	918.147906	
27.11801	849.805856	849.809539	930.815314	918.147906	
27.1281	849.805856	849.809539	930.815314	918.147906	
27.13831	849.805856	849.809539	930.815314	918.147906	
27.15139	849.805856	849.809539	930.815314	918.147906	
27.15867	849.805856	849.809539	930.815314	918.147906	
27.16876	849.805856	849.809539	930.815314	918.147906	
27.17887	849.805856	849.809539	930.815314	918.147906	
27.18897	849.805856	849.809539	930.815314	918.147906	
27.19925	849.805856	849.809539	930.815314	918.147906	
27.20929	849.805856	849.809539	930.815314	918.147906	
27.21949	849.805856	849.809539	930.815314	918.147906	
27.2296	849.805856	849.809539	930.815314	918.147906	
27.23973	849.805856	849.809539	930.815314	918.147906	
27.25819	849.805856	849.809539	930.815314	918.147906	
27.26282	849.805856	849.809539	930.815314	918.147906	
27.27299	849.805856	849.809539	930.815314	918.147906	
27.28315	849.805856	849.809539	930.815314	918.147906	
27.29327	849.805856	849.809539	930.815314	918.147906	
27.3035	849.805856	849.809539	930.815314	918.147906	
27.31362	849.805856	849.809539	930.815314	918.147906	
27.32376	849.805856	849.809539	930.815314	918.147906	
27.33401	849.805856	849.809539	930.815314	918.147906	
27.34403	849.805856	849.809539	930.815314	918.147906	
27.35683	849.805856	849.809539	930.815314	918.147906	
27.36448	849.805856	849.809539	930.815314	918.147906	
27.37457	849.805856	849.809539	930.815314	918.147906	
27.38473	849.805856	849.809539	930.815314	918.147906	
27.39483	849.805856	849.809539	930.815314	918.147906	
27.40504	849.805856	849.809539	930.815314	918.147906	
27.41516	849.805856	849.809539	930.815314	918.147906	
27.42534	849.805856	849.809539	930.815314	918.147906	
27.43549	849.805856	849.809539	930.815314	918.147906	
27.44558	849.805856	849.809539	930.815314	918.147906	
27.45582	849.805856	849.809539	930.815314	918.147906	
27.46602	849.805856	849.809539	930.815314	918.147906	
27.47613	849.805856	849.809539	930.815314	918.147906	
27.48635	849.805856	849.809539	930.815314	918.147906	
27.49642	849.805856	849.809539	930.815314	918.147906	
27.50651	849.805856	849.809539	930.815314	918.147906	
27.51678	849.805856	849.809539	930.815314	918.147906	
27.52685	849.805856	849.809539	930.815314	918.147906	
27.53699	849.805856	849.809539	930.815314	918.147906	
27.54713	849.805856	849.809539	930.815314	918.147906	
27.55767	849.805856	849.809539	930.815314	918.147906	
27.57567	849.805856	849.809539	930.815314	918.147906	
27.58037	849.805856	849.809539	930.815314	918.147906	
27.59053	849.805856	849.809539	930.815314	918.147906	
27.60065	849.805856	849.809539	930.815314	918.147906	
27.61081	849.805856	849.809539	930.815314	918.147906	
27.62113	849.805856	849.809539	930.815314	918.147906	
27.6314	849.805856	849.809539	930.815314	918.147906	
27.64127	849.805856	849.809539	930.815314	918.147906	
27.65141	849.805856	849.809539	930.815314	918.147906	
27.66157	849.805856	849.809539	930.815314	918.147906	
27.67179	849.805856	849.809539	930.815314	918.147906	
27.68191	849.805856	849.809539	930.815314	918.147906	
27.69228	849.805856	849.809539	930.815314	918.147906	
27.70227	849.805856	849.809539	930.815314	918.156633	
27.71235	849.805856	849.809539	930.815314	918.156633	
27.72266	849.805856	849.809539	930.815314	918.156633	
27.73271	849.805856	849.809539	930.815314	918.156633	
27.74285	849.805856	849.809539	930.815314	918.156633	
27.75293	849.805856	849.809539	930.815314	918.156633	
27.76314	849.805856	849.809539	930.815314	918.156633	
27.77336	849.805856	849.809539	930.815314	918.156633	
27.78353	849.805856	849.809539	930.815314	918.156633	
27.79362	849.805856	849.809539	930.815314	918.156633	
27.80378	849.805856	849.809539	930.815314	918.156633	
27.81398	849.805856	849.809539	930.815314	918.16536	
27.82411	849.805856	849.809539	930.815314	918.16536	
27.83428	849.805856	849.809539	930.815314	918.174086	
27.84443	849.805856	849.809539	930.815314	918.19154	
27.85453	849.805856	849.809539	930.815314	918.200266	
27.86467	849.805856	849.809539	930.815314	918.217719	
27.87499	849.805856	849.809539	930.815314	918.235173	
27.88511	849.805856	849.809539	930.815314	918.252626	
27.89543	849.805856	849.809539	930.815314	918.270079	
27.90541	849.805856	849.809539	930.815314	918.304986	
27.91558	849.805856	849.809539	930.815314	918.331166	
27.92581	849.805856	849.809539	930.815314	918.357346	
27.93595	849.805856	849.809539	930.815314	918.392252	
27.94609	849.805856	849.809539	930.815314	918.418432	
27.95622	849.805856	849.809539	930.815314	918.453339	
27.96637	849.805856	849.809539	930.815314	918.488246	
27.97701	849.805856	849.809539	930.815314	918.531879	
27.98706	849.805856	849.809539	930.815314	918.566785	
27.99722	849.805856	849.809539	930.815314	918.610419	
28.00733	849.805856	849.809539	930.815314	918.645325	
28.01769	849.805856	849.809539	930.815314	918.688958	
28.02764	849.805856	849.809539	930.815314	918.723865	
28.03778	849.805856	849.809539	930.815314	918.767498	
28.04794	849.805856	849.809539	930.815314	918.811131	
28.05804	849.805856	849.809539	930.815314	918.854765	
28.06838	849.805856	849.809539	930.815314	918.898398	
28.08771	849.805856	849.809539	930.815314	918.942031	
28.09234	849.805856	849.809539	930.815314	918.994391	
28.1025	849.805856	849.809539	930.815314	919.038024	
28.11261	849.805856	849.809539	930.815314	919.081657	
28.12275	849.805856	849.809539	930.815314	919.125291	
28.13297	849.805856	849.809539	930.815314	919.168924	
28.14305	849.805856	849.809539	930.815314	919.212557	
28.16319	849.805856	849.809539	930.815314	919.299824	
28.16788	849.805856	849.809539	930.815314	919.317277	
28.18096	849.805856	849.809539	930.815314	919.352183	
28.18817	849.805856	849.809539	930.815314	919.395817	
28.19853	849.805856	849.809539	930.815314	919.430723	
28.20847	849.805856	849.809539	930.815314	919.46563	
28.2187	849.805856	849.809539	930.815314	919.500536	
28.22913	849.805856	849.809539	930.815314	919.526716	
28.23889	849.805856	849.809539	930.815314	919.561623	
28.24902	849.805856	849.809539	930.815314	919.587803	
28.25918	849.805856	849.809539	930.815314	919.613983	
28.26931	849.805856	849.809539	930.815314	919.640163	
28.28208	849.805856	849.809539	930.815314	919.666343	
28.28967	849.805856	849.809539	930.815314	919.692523	
28.29985	849.805856	849.809539	930.815314	919.709976	
28.31	849.805856	849.809539	930.815314	919.736156	
28.32008	849.805856	849.809539	930.815314	919.753609	
28.33045	849.805856	849.809539	930.815314	919.771063	
28.34062	849.805856	849.809539	930.815314	919.788516	
28.35078	849.805856	849.809539	930.815314	919.805969	
28.36093	849.805856	849.809539	930.815314	919.814696	
28.37103	849.805856	849.809539	930.815314	919.823422	
28.3833	849.805856	849.809539	930.815314	919.832149	
28.39147	849.805856	849.809539	930.815314	919.840876	
28.4016	849.805856	849.809539	930.815314	919.840876	
28.4117	849.805856	849.809539	930.815314	919.849602	
28.42186	849.805856	849.809539	930.815314	919.867056	
28.43205	849.805856	849.809539	930.815314	919.875782	
28.44221	849.805856	849.809539	930.815314	919.901962	
28.45235	849.805856	849.809539	930.815314	919.919415	
28.4625	849.805856	849.809539	930.815314	919.945595	
28.47265	849.805856	849.809539	930.815314	919.980502	
28.48282	849.805856	849.809539	930.815314	920.015409	
28.49304	849.805856	849.809539	930.815314	920.050315	
28.50317	849.805856	849.809539	930.815314	920.093948	
28.51332	849.805856	849.809539	930.815314	920.146308	
28.52343	849.805856	849.809539	930.815314	920.189942	
28.53363	849.805856	849.809539	930.815314	920.242301	
28.54379	849.805856	849.809539	930.815314	920.294661	
28.55393	849.805856	849.809539	930.815314	920.347021	
28.56412	849.805856	849.809539	930.815314	920.399381	
28.57426	849.805856	849.809539	930.815314	920.443014	
28.58442	849.805856	849.809539	930.815314	920.495374	
28.59473	849.805856	849.809539	930.815314	920.539007	
28.6049	849.805856	849.809539	930.815314	920.573914	
28.61498	849.805856	849.809539	930.815314	920.617547	
28.62511	849.805856	849.809539	930.815314	920.652454	
28.63528	849.805856	849.809539	930.815314	920.68736	
28.64546	849.805856	849.809539	930.815314	920.71354	
28.6557	849.805856	849.809539	930.815314	920.748447	
28.66582	849.805856	849.809539	930.815314	920.774627	
28.67593	849.805856	849.809539	930.815314	920.800807	
28.68627	849.805856	849.809539	930.815314	920.81826	
28.69864	849.805856	849.809539	930.815314	920.84444	
28.70646	849.805856	849.809539	930.815314	920.861893	
28.71662	849.805856	849.809539	930.815314	920.888073	
28.72675	849.805856	849.809539	930.815314	920.8968	
28.73738	849.805856	849.809539	930.815314	920.914253	
28.74708	849.805856	849.809539	930.815314	920.931706	
28.75724	849.805856	849.809539	930.815314	920.94916	
28.76738	849.805856	849.809539	930.815314	920.957886	
28.77749	849.805856	849.809539	930.815314	920.966613	
28.7877	849.805856	849.809539	930.815314	920.984066	
28.79861	849.805856	849.809539	930.815314	920.992793	
28.80837	849.805856	849.809539	930.815314	921.00152	
28.81854	849.805856	849.809539	930.815314	921.018973	
28.82868	849.805856	849.809539	930.815314	921.0277	
28.83912	849.805856	849.809539	930.815314	921.05388	
28.84886	849.805856	849.809539	930.815314	921.062606	
28.85903	849.805856	849.809539	930.815314	921.088786	
28.86913	849.805856	849.809539	930.815314	921.114966	
28.8793	849.805856	849.809539	930.815314	921.149873	
28.88947	849.805856	849.809539	930.815314	921.176053	
28.90118	849.805856	849.809539	930.815314	921.219686	
28.91108	849.805856	849.809539	930.815314	921.254592	
28.92124	849.805856	849.809539	930.815314	921.298226	
28.93135	849.805856	849.809539	930.815314	921.341859	
28.94157	849.805856	849.809539	930.815314	921.376765	
28.95178	849.805856	849.809539	930.815314	921.429125	
28.9619	849.805856	849.809539	930.815314	921.472759	
28.97205	849.805856	849.809539	930.815314	921.525118	
28.98226	849.805856	849.809539	930.815314	921.568752	
28.99239	849.805856	849.809539	930.815314	921.621112	
29.00361	849.805856	849.809539	930.815314	921.673471	
29.01384	849.805856	849.809539	930.815314	921.725831	
29.02391	849.805856	849.809539	930.815314	921.769465	
29.03403	849.805856	849.809539	930.815314	921.821824	
29.04416	849.805856	849.809539	930.815314	921.865458	
29.05439	849.805856	849.809539	930.815314	921.909091	
29.0645	849.805856	849.809539	930.815314	921.952724	
29.07466	849.805856	849.809539	930.815314	921.996357	
29.08485	849.805856	849.809539	930.815314	922.031264	
29.09493	849.805856	849.809539	930.815314	922.06617	
29.1065	849.805856	849.809539	930.815314	922.101077	
29.11644	849.805856	849.809539	930.815314	922.135984	
29.12657	849.805856	849.809539	930.815314	922.162164	
29.13672	849.805856	849.809539	930.815314	922.188344	
29.14682	849.805856	849.809539	930.815314	922.214523	
29.15705	849.805856	849.809539	930.815314	922.240703	
29.16715	849.805856	849.809539	930.815314	922.266883	
29.17729	849.805856	849.809539	930.815314	922.293063	
29.18762	849.805856	849.809539	930.815314	922.319243	
29.19767	849.805856	849.809539	930.815314	922.336697	
29.20935	849.805856	849.809539	930.815314	922.35415	
29.21923	849.805856	849.809539	930.815314	922.38033	
29.22938	849.805856	849.809539	930.815314	922.397783	
29.23949	849.805856	849.809539	930.815314	922.415236	
29.24968	849.805856	849.809539	930.815314	922.423963	
29.25984	849.805856	849.809539	930.815314	922.441416	
29.26996	849.805856	849.809539	930.815314	922.45887	
29.28011	849.805856	849.809539	930.815314	922.467596	
29.29023	849.805856	849.809539	930.815314	922.476323	
29.30043	849.805856	849.809539	930.815314	922.485049	
29.31215	849.805856	849.809539	930.815314	922.493776	
29.32205	849.805856	849.809539	930.815314	922.502503	
29.33218	849.805856	849.809539	930.815314	922.511229	
29.34238	849.805856	849.809539	930.815314	922.511229	
29.35245	849.805856	849.809539	930.815314	922.519956	
29.36265	849.805856	849.809539	930.815314	922.519956	
29.37283	849.805856	849.809539	930.815314	922.519956	
29.38295	849.805856	849.809539	930.815314	922.519956	
29.39308	849.805856	849.809539	930.815314	922.519956	
29.40322	849.805856	849.809539	930.815314	922.519956	
29.41475	849.805856	849.809539	930.815314	922.511229	
29.42463	849.805856	849.809539	930.815314	922.511229	
29.43476	849.805856	849.809539	930.815314	922.511229	
29.44496	849.805856	849.809539	930.815314	922.511229	
29.45505	849.805856	849.809539	930.815314	922.511229	
29.46525	849.805856	849.809539	930.815314	922.511229	
29.47541	849.805856	849.809539	930.815314	922.511229	
29.48557	849.805856	849.809539	930.815314	922.511229	
29.49582	849.805856	849.809539	930.815314	922.511229	
29.50613	849.805856	849.809539	930.815314	922.511229	
29.51742	849.805856	849.809539	930.815314	922.511229	
29.5273	849.805856	849.809539	930.815314	922.511229	
29.53743	849.805856	849.809539	930.815314	922.519956	
29.54754	849.805856	849.809539	930.815314	922.519956	
29.55786	849.805856	849.809539	930.815314	922.519956	
29.56788	849.805856	849.809539	930.815314	922.528683	
29.57807	849.805856	849.809539	930.815314	922.528683	
29.58824	849.805856	849.809539	930.815314	922.546136	
29.59842	849.805856	849.809539	930.815314	922.563589	
29.60887	849.805856	849.809539	930.815314	922.581043	
29.62779	849.805856	849.809539	930.815314	922.633402	
29.63253	849.805856	849.809539	930.815314	922.650856	
29.64258	849.805856	849.809539	930.815314	922.685762	
29.65273	849.805856	849.809539	930.815314	922.720669	
29.66289	849.805856	849.809539	930.815314	922.764302	
29.67304	849.805856	849.809539	930.815314	922.807935	
29.68319	849.805856	849.809539	930.815314	922.851569	
29.69334	849.805856	849.809539	930.815314	922.895202	
29.70351	849.805856	849.809539	930.815314	922.938835	
29.71365	849.805856	849.809539	930.815314	922.982468	
29.72409	849.805856	849.809539	930.815314	923.034828	
29.73396	849.805856	849.809539	930.815314	923.087188	
29.74413	849.805856	849.809539	930.815314	923.130821	
29.75427	849.805856	849.809539	930.815314	923.174455	
29.76439	849.805856	849.809539	930.815314	923.226814	
29.77463	849.805856	849.809539	930.815314	923.270448	
29.78473	849.805856	849.809539	930.815314	923.322808	
29.79487	849.805856	849.809539	930.815314	923.366441	
29.80505	849.805856	849.809539	930.815314	923.418801	
29.81518	849.805856	849.809539	930.815314	923.471161	
29.8257	849.805856	849.809539	930.815314	923.52352	
29.83554	849.805856	849.809539	930.815314	923.567154	
29.8457	849.805856	849.809539	930.815314	923.610787	
29.85585	849.805856	849.809539	930.815314	923.65442	
29.86615	849.805856	849.809539	930.815314	923.698053	
29.87612	849.805856	849.809539	930.815314	923.73296	
29.88636	849.805856	849.809539	930.815314	923.767866	
29.89644	849.805856	849.809539	930.815314	923.802773	
29.90658	849.805856	849.809539	930.815314	923.83768	
29.9167	849.805856	849.809539	930.815314	923.86386	
29.92813	849.805856	849.809539	930.815314	923.898766	
29.93803	849.805856	849.809539	930.815314	923.924946	
29.94818	849.805856	849.809539	930.815314	923.951126	
29.95843	849.805856	849.809539	930.815314	923.977306	
29.96891	849.805856	849.809539	930.815314	923.994759	
29.97867	849.805856	849.809539	930.815314	924.020939	
29.98882	849.805856	849.809539	930.815314	924.047119	
29.99892	849.805856	849.809539	930.815314	924.064572	
30.00902	849.805856	849.809539	930.815314	924.090752	
30.01924	849.805856	849.809539	930.815314	924.108206	
30.03072	849.805856	849.809539	930.815314	924.134386	
30.04098	849.805856	849.809539	930.815314	924.143112	
30.05095	849.805856	849.809539	930.815314	924.160566	
30.06108	849.805856	849.809539	930.815314	924.178019	
30.0713	849.805856	849.809539	930.815314	924.195472	
30.0814	849.805856	849.809539	930.815314	924.204199	
30.09155	849.805856	849.809539	930.815314	924.221652	
30.10171	849.805856	849.809539	930.815314	924.230379	
30.11191	849.805856	849.809539	930.815314	924.239105	
30.12202	849.805856	849.809539	930.815314	924.247832	
30.13333	849.805856	849.809539	930.815314	924.256559	
30.14344	849.805856	849.809539	930.815314	924.265285	
30.16339	849.805856	849.809539	930.815314	924.274012	
30.16806	849.805856	849.809539	930.815314	924.282739	
30.17848	849.805856	849.809539	930.815314	924.291465	
30.1884	849.805856	849.809539	930.815314	924.300192	
30.19865	849.805856	849.809539	930.815314	924.308919	
30.20864	849.805856	849.809539	930.815314	924.317645	
30.21875	849.805856	849.809539	930.815314	924.335099	
30.2317	849.805856	849.809539	930.815314	924.343825	
30.23932	849.805856	849.809539	930.815314	924.370005	
30.24923	849.805856	849.809539	930.815314	924.396185	
30.25937	849.805856	849.809539	930.815314	924.422365	
30.2695	849.805856	849.809539	930.815314	924.457272	
30.27968	849.805856	849.809539	930.815314	924.492178	
30.28987	849.805856	849.809539	930.815314	924.535811	
30.29995	849.805856	849.809539	930.815314	924.579445	
30.31015	849.805856	849.809539	930.815314	924.623078	
30.32023	849.805856	849.809539	930.815314	924.666711	
30.33045	849.805856	849.809539	930.815314	924.719071	
30.34096	849.805856	849.809539	930.815314	924.771431	
30.35087	849.805856	849.809539	930.815314	924.823791	
30.36101	849.805856	849.809539	930.815314	924.876151	
30.3711	849.805856	849.809539	930.815314	924.937237	
30.38133	849.805856	849.809539	930.815314	924.998324	
30.39146	849.805856	849.809539	930.815314	925.050683	
30.40161	849.805856	849.809539	930.815314	925.103043	
30.41176	849.805856	849.809539	930.815314	925.155403	
30.42187	849.805856	849.809539	930.815314	925.207763	
30.43205	849.805856	849.809539	930.815314	925.260123	
30.44229	849.805856	849.809539	930.815314	925.303756	
30.45241	849.805856	849.809539	930.815314	925.347389	
30.46261	849.805856	849.809539	930.815314	925.382296	
30.47267	849.805856	849.809539	930.815314	925.417203	
30.48296	849.805856	849.809539	930.815314	925.452109	
30.49307	849.805856	849.809539	930.815314	925.478289	
30.5032	849.805856	849.809539	930.815314	925.504469	
30.51334	849.805856	849.809539	930.815314	925.530649	
30.52346	849.805856	849.809539	930.815314	925.565556	
30.53365	849.805856	849.809539	930.815314	925.583009	
30.54425	849.805856	849.809539	930.815314	925.609189	
30.55406	849.805856	849.809539	930.815314	925.626642	
30.56421	849.805856	849.809539	930.815314	925.644095	
30.57462	849.805856	849.809539	930.815314	925.670275	
30.58465	849.805856	849.809539	930.815314	925.679002	
30.59485	849.805856	849.809539	930.815314	925.696455	
30.60502	849.805856	849.809539	930.815314	925.705182	
30.6151	849.805856	849.809539	930.815314	925.722635	
30.62525	849.805856	849.809539	930.815314	925.731362	
30.6354	849.805856	849.809539	930.815314	925.740089	
30.64662	849.805856	849.809539	930.815314	925.748815	
30.65673	849.805856	849.809539	930.815314	925.757542	
30.66685	849.805856	849.809539	930.815314	925.766268	
30.67704	849.805856	849.809539	930.815314	925.774995	
30.6875	849.805856	849.809539	930.815314	925.783722	
30.69727	849.805856	849.809539	930.815314	925.801175	
30.70746	849.805856	849.809539	930.815314	925.809902	
30.71755	849.805856	849.809539	930.815314	925.836082	
30.72774	849.805856	849.809539	930.815314	925.853535	
30.73787	849.805856	849.809539	930.815314	925.879715	
30.74927	849.805856	849.809539	930.815314	925.914621	
30.75937	849.805856	849.809539	930.815314	925.949528	
30.76948	849.805856	849.809539	930.815314	925.993161	
30.77959	849.805856	849.809539	930.815314	926.036795	
30.79807	849.805856	849.809539	930.815314	926.124061	
30.80266	849.805856	849.809539	930.815314	926.150241	
30.8128	849.805856	849.809539	930.815314	926.202601	
30.82298	849.805856	849.809539	930.815314	926.254961	
30.83307	849.805856	849.809539	930.815314	926.307321	
30.84326	849.805856	849.809539	930.815314	926.35968	
30.85387	849.805856	849.809539	930.815314	926.403314	
30.86377	849.805856	849.809539	930.815314	926.446947	
30.87386	849.805856	849.809539	930.815314	926.49058	
30.88402	849.805856	849.809539	930.815314	926.525487	
30.8942	849.805856	849.809539	930.815314	926.560393	
30.90435	849.805856	849.809539	930.815314	926.5953	
30.9145	849.805856	849.809539	930.815314	926.62148	
30.92463	849.805856	849.809539	930.815314	926.656386	
30.93482	849.805856	849.809539	930.815314	926.682566	
30.9449	849.805856	849.809539	930.815314	926.708746	
30.95516	849.805856	849.809539	930.815314	926.734926	
30.96535	849.805856	849.809539	930.815314	926.761106	
30.97552	849.805856	849.809539	930.815314	926.787286	
30.98561	849.805856	849.809539	930.815314	926.813466	
30.99568	849.805856	849.809539	930.815314	926.830919	
31.00592	849.805856	849.809539	930.815314	926.857099	
31.01603	849.805856	849.809539	930.815314	926.874553	
31.02626	849.805856	849.809539	930.815314	926.892006	
31.03636	849.805856	849.809539	930.815314	926.918186	
31.04653	849.805856	849.809539	930.815314	926.935639	
31.05731	849.805856	849.809539	930.815314	926.953092	
31.06741	849.805856	849.809539	930.815314	926.970546	
31.07756	849.805856	849.809539	930.815314	926.987999	
31.08765	849.805856	849.809539	930.815314	926.996726	
31.09781	849.805856	849.809539	930.815314	927.014179	
31.10797	849.805856	849.809539	930.815314	927.031632	
31.11808	849.805856	849.809539	930.815314	927.040359	
31.1283	849.805856	849.809539	930.815314	927.049085	
31.13842	849.805856	849.809539	930.815314	927.066539	
31.14892	849.805856	849.809539	930.815314	927.075265	
31.16028	849.805856	849.809539	930.815314	927.083992	
31.17004	849.805856	849.809539	930.815314	927.101445	
31.18018	849.805856	849.809539	930.815314	927.101445	
31.19037	849.805856	849.809539	930.815314	927.118899	
31.20059	849.805856	849.809539	930.815314	927.127625	
31.2107	849.805856	849.809539	930.815314	927.136352	
31.22093	849.805856	849.809539	930.815314	927.145079	
31.23106	849.805856	849.809539	930.815314	927.162532	
31.24116	849.805856	849.809539	930.815314	927.171259	
31.25134	849.805856	849.809539	930.815314	927.188712	
31.26284	849.805856	849.809539	930.815314	927.206165	
31.27268	849.805856	849.809539	930.815314	927.232345	
31.28285	849.805856	849.809539	930.815314	927.249798	
31.29306	849.805856	849.809539	930.815314	927.275978	
31.30312	849.805856	849.809539	930.815314	927.310885	
31.31331	849.805856	849.809539	930.815314	927.345791	
31.32345	849.805856	849.809539	930.815314	927.380698	
31.3337	849.805856	849.809539	930.815314	927.415605	
31.3517	849.805856	849.809539	930.815314	927.494144	
31.35632	849.805856	849.809539	930.815314	927.520324	
31.37457	849.805856	849.809539	930.815314	927.598864	
31.37921	849.805856	849.809539	930.815314	927.625044	
31.38935	849.805856	849.809539	930.815314	927.668677	
31.39949	849.805856	849.809539	930.815314	927.721037	
31.40961	849.805856	849.809539	930.815314	927.76467	
31.42775	849.805856	849.809539	930.815314	927.834484	
31.43243	849.805856	849.809539	930.815314	927.851937	
31.44257	849.805856	849.809539	930.815314	927.89557	
31.4527	849.805856	849.809539	930.815314	927.930477	
31.46512	849.805856	849.809539	930.815314	927.965383	
31.47306	849.805856	849.809539	930.815314	927.991563	
31.4832	849.805856	849.809539	930.815314	928.017743	
31.49339	849.805856	849.809539	930.815314	928.043923	
31.50349	849.805856	849.809539	930.815314	928.070103	
31.51372	849.805856	849.809539	930.815314	928.087556	
31.52387	849.805856	849.809539	930.815314	928.113736	
31.53398	849.805856	849.809539	930.815314	928.13119	
31.54418	849.805856	849.809539	930.815314	928.148643	
31.55428	849.805856	849.809539	930.815314	928.166096	
31.56725	849.805856	849.809539	930.815314	928.18355	
31.5751	849.805856	849.809539	930.815314	928.201003	
31.5852	849.805856	849.809539	930.815314	928.218456	
31.59535	849.805856	849.809539	930.815314	928.227183	
31.60545	849.805856	849.809539	930.815314	928.235909	
31.6156	849.805856	849.809539	930.815314	928.244636	
31.62574	849.805856	849.809539	930.815314	928.253363	
31.63606	849.805856	849.809539	930.815314	928.253363	
31.6461	849.805856	849.809539	930.815314	928.253363	
31.65628	849.805856	849.809539	930.815314	928.253363	
31.66637	849.805856	849.809539	930.815314	928.253363	
31.67658	849.805856	849.809539	930.815314	928.253363	
31.68678	849.805856	849.809539	930.815314	928.253363	
31.69694	849.805856	849.809539	930.815314	928.253363	
31.70776	849.805856	849.809539	930.815314	928.253363	
31.71791	849.805856	849.809539	930.815314	928.253363	
31.72807	849.805856	849.809539	930.815314	928.253363	
31.73843	849.805856	849.809539	930.815314	928.253363	
31.74841	849.805856	849.809539	930.815314	928.262089	
31.75855	849.805856	849.809539	930.815314	928.270816	
31.76899	849.805856	849.809539	930.815314	928.279543	
31.77885	849.805856	849.809539	930.815314	928.288269	
31.789	849.805856	849.809539	930.815314	928.296996	
31.79912	849.805856	849.809539	930.815314	928.314449	
31.80922	849.805856	849.809539	930.815314	928.331902	
31.8194	849.805856	849.809539	930.815314	928.358082	
31.82958	849.805856	849.809539	930.815314	928.384262	
31.83974	849.805856	849.809539	930.815314	928.419169	
31.84987	849.805856	849.809539	930.815314	928.445349	
31.85996	849.805856	849.809539	930.815314	928.480255	
31.87043	849.805856	849.809539	930.815314	928.515162	
31.88052	849.805856	849.809539	930.815314	928.558795	
31.89087	849.805856	849.809539	930.815314	928.593702	
31.90107	849.805856	849.809539	930.815314	928.637335	
31.91098	849.805856	849.809539	930.815314	928.672242	
31.92117	849.805856	849.809539	930.815314	928.707148	
31.93131	849.805856	849.809539	930.815314	928.750782	
31.94148	849.805856	849.809539	930.815314	928.794415	
31.95164	849.805856	849.809539	930.815314	928.838048	
31.96173	849.805856	849.809539	930.815314	928.881681	
31.97195	849.805856	849.809539	930.815314	928.925314	
31.98215	849.805856	849.809539	930.815314	928.968948	
31.99231	849.805856	849.809539	930.815314	929.021308	
32.00241	849.805856	849.809539	930.815314	929.064941	
32.01279	849.805856	849.809539	930.815314	929.117301	
32.02272	849.805856	849.809539	930.815314	929.160934	
32.03287	849.805856	849.809539	930.815314	929.204567	
32.04302	849.805856	849.809539	930.815314	929.256927	
32.05319	849.805856	849.809539	930.815314	929.30056	
32.06337	849.805856	849.809539	930.815314	929.344193	
32.07382	849.805856	849.809539	930.815314	929.3791	
32.08473	849.805856	849.809539	930.815314	929.422733	
32.09492	849.805856	849.809539	930.815314	929.45764	
32.105	849.805856	849.809539	930.815314	929.492546	
32.1152	849.805856	849.809539	930.815314	929.527453	
32.1253	849.805856	849.809539	930.815314	929.544906	
32.1355	849.805856	849.809539	930.815314	929.571086	
32.14558	849.805856	849.809539	930.815314	929.597266	
32.1643	849.805856	849.809539	930.815314	929.640899	
32.16886	849.805856	849.809539	930.815314	929.649626	
32.17921	849.805856	849.809539	930.815314	929.667079	
32.18928	849.805856	849.809539	930.815314	929.684533	
32.19939	849.805856	849.809539	930.815314	929.701986	
32.20947	849.805856	849.809539	930.815314	929.719439	
32.21964	849.805856	849.809539	930.815314	929.728166	
32.23814	849.805856	849.809539	930.815314	929.754346	
32.24274	849.805856	849.809539	930.815314	929.763072	
32.25288	849.805856	849.809539	930.815314	929.771799	
32.26305	849.805856	849.809539	930.815314	929.780526	
32.27317	849.805856	849.809539	930.815314	929.789252	
32.28589	849.805856	849.809539	930.815314	929.797979	
32.29374	849.805856	849.809539	930.815314	929.806706	
32.30392	849.805856	849.809539	930.815314	929.815432	
32.31403	849.805856	849.809539	930.815314	929.824159	
32.32418	849.805856	849.809539	930.815314	929.824159	
32.33442	849.805856	849.809539	930.815314	929.832886	
32.34451	849.805856	849.809539	930.815314	929.841612	
32.35465	849.805856	849.809539	930.815314	929.841612	
32.3648	849.805856	849.809539	930.815314	929.850339	
32.37494	849.805856	849.809539	930.815314	929.859066	
32.38513	849.805856	849.809539	930.815314	929.859066	
32.39532	849.805856	849.809539	930.815314	929.876519	
32.40545	849.805856	849.809539	930.815314	929.885246	
32.41557	849.805856	849.809539	930.815314	929.902699	
32.42598	849.805856	849.809539	930.815314	929.920152	
32.43616	849.805856	849.809539	930.815314	929.937605	
32.44607	849.805856	849.809539	930.815314	929.963785	
32.45622	849.805856	849.809539	930.815314	929.998692	
32.46636	849.805856	849.809539	930.815314	930.033599	
32.47651	849.805856	849.809539	930.815314	930.068505	
32.48668	849.805856	849.809539	930.815314	930.103412	
32.50495	849.805856	849.809539	930.815314	930.181951	
32.50957	849.805856	849.809539	930.815314	930.199405	
32.51974	849.805856	849.809539	930.815314	930.243038	
32.53005	849.805856	849.809539	930.815314	930.295398	
32.54037	849.805856	849.809539	930.815314	930.347758	
32.55052	849.805856	849.809539	930.815314	930.400118	
32.56066	849.805856	849.809539	930.815314	930.452478	
32.5708	849.805856	849.809539	930.815314	930.504837	
32.58094	849.805856	849.809539	930.815314	930.557197	
32.59364	849.805856	849.809539	930.815314	930.609557	
32.60134	849.805856	849.809539	930.815314	930.661917	
32.61143	849.805856	849.809539	930.815314	930.723004	
32.62159	849.805856	849.809539	930.815314	930.766637	
32.63183	849.805856	849.809539	930.815314	930.818997	
32.64195	849.805856	849.809539	930.815314	930.871357	
32.65209	849.805856	849.809539	930.815314	930.91499	
32.66223	849.805856	849.809539	930.815314	930.958623	
32.67237	849.805856	849.809539	930.815314	931.002256	
32.6825	849.805856	849.809539	930.815314	931.037163	
32.69268	849.805856	849.809539	930.815314	931.072069	
32.70294	849.805856	849.809539	930.815314	931.106976	
32.71303	849.805856	849.809539	930.815314	931.133156	
32.72313	849.805856	849.809539	930.815314	931.159336	
32.73331	849.805856	849.809539	930.815314	931.185516	
32.74343	849.805856	849.809539	930.815314	931.202969	
32.75362	849.805856	849.809539	930.815314	931.220422	
32.76374	849.805856	849.809539	930.815314	931.237876	
32.77392	849.805856	849.809539	930.815314	931.255329	
32.78407	849.805856	849.809539	930.815314	931.264056	
32.79422	849.805856	849.809539	930.815314	931.272782	
32.80435	849.805856	849.809539	930.815314	931.281509	
32.81455	849.805856	849.809539	930.815314	931.281509	
32.82468	849.805856	849.809539	930.815314	931.281509	
32.83481	849.805856	849.809539	930.815314	931.290236	
32.84495	849.805856	849.809539	930.815314	931.281509	
32.85508	849.805856	849.809539	930.815314	931.281509	
32.86526	849.805856	849.809539	930.815314	931.281509	
32.87538	849.805856	849.809539	930.815314	931.281509	
32.88556	849.805856	849.809539	930.815314	931.281509	
32.89566	849.805856	849.809539	930.815314	931.281509	
32.90585	849.805856	849.809539	930.815314	931.281509	
32.91604	849.805856	849.809539	930.815314	931.281509	
32.92615	849.805856	849.809539	930.815314	931.281509	
32.93632	849.805856	849.809539	930.815314	931.281509	
32.94668	849.805856	849.809539	930.815314	931.281509	
32.95661	849.805856	849.809539	930.815314	931.281509	
32.96678	849.805856	849.809539	930.815314	931.281509	
32.97695	849.805856	849.809539	930.815314	931.281509	
32.98742	849.805856	849.809539	930.815314	931.281509	
32.99726	849.805856	849.809539	930.815314	931.281509	
33.00731	849.805856	849.809539	930.815314	931.281509	
33.01747	849.805856	849.809539	930.815314	931.281509	
33.02759	849.805856	849.809539	930.815314	931.290236	
33.03773	849.805856	849.809539	930.815314	931.290236	
33.04791	849.805856	849.809539	930.815314	931.290236	
33.05807	849.805856	849.809539	930.815314	931.290236	
33.06826	849.805856	849.809539	930.815314	931.290236	
33.07849	849.805856	849.809539	930.815314	931.290236	
33.08852	849.805856	849.809539	930.815314	931.290236	
33.09866	849.805856	849.809539	930.815314	931.298962	
33.10879	849.805856	849.809539	930.815314	931.316416	
33.11895	849.805856	849.809539	930.815314	931.325142	
33.12909	849.805856	849.809539	930.815314	931.342595	
33.13928	849.805856	849.809539	930.815314	931.360049	
33.1494	849.805856	849.809539	930.815314	931.386229	
33.15954	849.805856	849.809539	930.815314	931.412409	
33.16966	849.805856	849.809539	930.815314	931.447315	
33.18768	849.805856	849.809539	930.815314	931.517128	
33.19231	849.805856	849.809539	930.815314	931.534582	
33.2025	849.805856	849.809539	930.815314	931.569488	
33.21261	849.805856	849.809539	930.815314	931.604395	
33.22282	849.805856	849.809539	930.815314	931.648028	
33.23292	849.805856	849.809539	930.815314	931.691661	
33.24305	849.805856	849.809539	930.815314	931.726568	
33.25328	849.805856	849.809539	930.815314	931.761474	
33.26361	849.805856	849.809539	930.815314	931.796381	
33.27386	849.805856	849.809539	930.815314	931.831288	
33.28429	849.805856	849.809539	930.815314	931.857468	
33.29904	849.805856	849.809539	930.815314	931.892374	
33.30458	849.805856	849.809539	930.815314	931.918554	
33.31479	849.805856	849.809539	930.815314	931.953461	
33.32525	849.805856	849.809539	930.815314	931.979641	
33.33527	849.805856	849.809539	930.815314	931.997094	
33.34549	849.805856	849.809539	930.815314	932.023274	
33.35564	849.805856	849.809539	930.815314	932.049454	
33.36598	849.805856	849.809539	930.815314	932.075634	
33.37609	849.805856	849.809539	930.815314	932.093087	
33.38629	849.805856	849.809539	930.815314	932.119267	
33.39654	849.805856	849.809539	930.815314	932.13672	
33.40684	849.805856	849.809539	930.815314	932.1629	
33.41708	849.805856	849.809539	930.815314	932.180353	
33.42727	849.805856	849.809539	930.815314	932.197807	
33.43742	849.805856	849.809539	930.815314	932.21526	
33.44764	849.805856	849.809539	930.815314	932.232713	
33.45786	849.805856	849.809539	930.815314	932.250167	
33.46808	849.805856	849.809539	930.815314	932.26762	
33.4783	849.805856	849.809539	930.815314	932.285073	
33.48866	849.805856	849.809539	930.815314	932.302527	
33.4989	849.805856	849.809539	930.815314	932.311253	
33.50925	849.805856	849.809539	930.815314	932.328706	
33.51928	849.805856	849.809539	930.815314	932.337433	
33.52945	849.805856	849.809539	930.815314	932.354886	
33.53968	849.805856	849.809539	930.815314	932.37234	
33.55839	849.805856	849.809539	930.815314	932.389793	
33.56324	849.805856	849.809539	930.815314	932.39852	
33.57351	849.805856	849.809539	930.815314	932.407246	
33.58369	849.805856	849.809539	930.815314	932.415973	
33.59388	849.805856	849.809539	930.815314	932.4247	
33.60416	849.805856	849.809539	930.815314	932.433426	
33.61434	849.805856	849.809539	930.815314	932.442153	
33.62461	849.805856	849.809539	930.815314	932.45088	
33.63481	849.805856	849.809539	930.815314	932.459606	
33.64504	849.805856	849.809539	930.815314	932.468333	
33.65529	849.805856	849.809539	930.815314	932.477059	
33.66547	849.805856	849.809539	930.815314	932.477059	
33.67569	849.805856	849.809539	930.815314	932.477059	
33.6859	849.805856	849.809539	930.815314	932.485786	
33.69614	849.805856	849.809539	930.815314	932.494513	
33.70635	849.805856	849.809539	930.815314	932.494513	
33.71659	849.805856	849.809539	930.815314	932.494513	
33.72689	849.805856	849.809539	930.815314	932.494513	
33.73711	849.805856	849.809539	930.815314	932.494513	
33.74733	849.805856	849.809539	930.815314	932.503239	
33.75748	849.805856	849.809539	930.815314	932.503239	
33.76768	849.805856	849.809539	930.815314	932.503239	
33.7779	849.805856	849.809539	930.815314	932.503239	
33.78814	849.805856	849.809539	930.815314	932.503239	
33.79838	849.805856	849.809539	930.815314	932.511966	
33.80867	849.805856	849.809539	930.815314	932.511966	
33.81893	849.805856	849.809539	930.815314	932.511966	
33.82905	849.805856	849.809539	930.815314	932.511966	
33.8393	849.805856	849.809539	930.815314	932.511966	
33.84949	849.805856	849.809539	930.815314	932.503239	
33.85968	849.805856	849.809539	930.815314	932.503239	
33.87829	849.805856	849.809539	930.815314	932.503239	
33.88314	849.805856	849.809539	930.815314	932.503239	
33.89344	849.805856	849.809539	930.815314	932.503239	
33.90359	849.805856	849.809539	930.815314	932.503239	
33.91375	849.805856	849.809539	930.815314	932.503239	
33.92398	849.805856	849.809539	930.815314	932.503239	
33.93416	849.805856	849.809539	930.815314	932.503239	
33.94469	849.805856	849.809539	930.815314	932.503239	
33.9547	849.805856	849.809539	930.815314	932.503239	
33.96491	849.805856	849.809539	930.815314	932.503239	
33.97517	849.805856	849.809539	930.815314	932.503239	
33.98535	849.805856	849.809539	930.815314	932.503239	
33.99556	849.805856	849.809539	930.815314	932.503239	
34.00585	849.805856	849.809539	930.815314	932.503239	
34.01602	849.805856	849.809539	930.815314	932.503239	
34.02621	849.805856	849.809539	930.815314	932.503239	
34.03641	849.805856	849.809539	930.815314	932.503239	
34.04676	849.805856	849.809539	930.815314	932.503239	
34.05683	849.805856	849.809539	930.815314	932.503239	
34.06712	849.805856	849.809539	930.815314	932.503239	
34.07734	849.805856	849.809539	930.815314	932.503239	
34.08743	849.805856	849.809539	930.815314	932.503239	
34.0977	849.805856	849.809539	930.815314	932.503239	
34.10794	849.805856	849.809539	930.815314	932.503239	
34.11814	849.805856	849.809539	930.815314	932.503239	
34.1367	849.805856	849.809539	930.815314	932.503239	
34.14161	849.805856	849.809539	930.815314	932.503239	
34.15194	849.805856	849.809539	930.815314	932.503239	
34.16198	849.805856	849.809539	930.815314	932.503239	
34.17217	849.805856	849.809539	930.815314	932.503239	
34.18239	849.805856	849.809539	930.815314	932.503239	
34.19265	849.805856	849.809539	930.815314	932.503239	
34.20279	849.805856	849.809539	930.815314	932.503239	
34.21307	849.805856	849.809539	930.815314	932.503239	
34.22333	849.805856	849.809539	930.815314	932.503239	
34.23347	849.805856	849.809539	930.815314	932.503239	
34.24372	849.805856	849.809539	930.815314	932.503239	
34.25393	849.805856	849.809539	930.815314	932.503239	
34.26417	849.805856	849.809539	930.815314	932.503239	
34.27438	849.805856	849.809539	930.815314	932.503239	
34.28458	849.805856	849.809539	930.815314	932.503239	
34.29491	849.805856	849.809539	930.815314	932.503239	
34.30501	849.805856	849.809539	930.815314	932.503239	
34.31523	849.805856	849.809539	930.815314	932.503239	
34.32551	849.805856	849.809539	930.815314	932.503239	
34.33568	849.805856	849.809539	930.815314	932.503239	
34.34591	849.805856	849.809539	930.815314	932.503239	
34.3561	849.805856	849.809539	930.815314	932.503239	
34.36632	849.805856	849.809539	930.815314	932.503239	
34.37662	849.805856	849.809539	930.815314	932.503239	
34.38683	849.805856	849.809539	930.815314	932.503239	
34.3971	849.805856	849.809539	930.815314	932.503239	
34.40746	849.805856	849.809539	930.815314	932.503239	
34.41748	849.805856	849.809539	930.815314	932.503239	
34.42769	849.805856	849.809539	930.815314	932.503239	
34.43803	849.805856	849.809539	930.815314	932.503239	
34.44842	849.805856	849.809539	930.815314	932.503239	
34.46146	849.805856	849.809539	930.815314	932.503239	
34.46864	849.805856	849.809539	930.815314	932.503239	
34.47909	849.805856	849.809539	930.815314	932.503239	
34.48883	849.805856	849.809539	930.815314	932.503239	
34.49884	849.805856	849.809539	930.815314	932.503239	
34.50896	849.805856	849.809539	930.815314	932.503239	
34.51917	849.805856	849.809539	930.815314	932.503239	
34.52932	849.805856	849.809539	930.815314	932.503239	
34.53943	849.805856	849.809539	930.815314	932.503239	
34.54958	849.805856	849.809539	930.815314	932.503239	
34.55985	849.805856	849.809539	930.815314	932.503239	
34.56992	849.805856	849.809539	930.815314	932.503239	
34.58005	849.805856	849.809539	930.815314	932.503239	
34.5902	849.805856	849.809539	930.815314	932.503239	
34.60043	849.805856	849.809539	930.815314	932.503239	
34.61055	849.805856	849.809539	930.815314	932.503239	
34.62069	849.805856	849.809539	930.815314	932.503239	
34.6309	849.805856	849.809539	930.815314	932.503239	
34.64102	849.805856	849.809539	930.815314	932.503239	
34.65115	849.805856	849.809539	930.815314	932.503239	
34.66134	849.805856	849.809539	930.815314	932.503239	
34.67147	849.805856	849.809539	930.815314	932.503239	
34.6816	849.805856	849.809539	930.815314	932.503239	
34.69179	849.805856	849.809539	930.815314	932.503239	
34.70194	849.805856	849.809539	930.815314	932.503239	
34.71417	849.805856	849.809539	930.815314	932.503239	
34.72221	849.805856	849.809539	930.815314	932.503239	
34.73234	849.805856	849.809539	930.815314	932.503239	
34.74245	849.805856	849.809539	930.815314	932.503239	
34.75263	849.805856	849.809539	930.815314	932.503239	
34.76278	849.805856	849.809539	930.815314	932.503239	
34.77293	849.805856	849.809539	930.815314	932.503239	
34.78313	849.805856	849.809539	930.815314	932.503239	
34.79324	849.805856	849.809539	930.815314	932.503239	
34.80337	849.805856	849.809539	930.815314	932.503239	
34.81352	849.805856	849.809539	930.815314	932.503239	
34.82368	849.805856	849.809539	930.815314	932.503239	
34.83384	849.805856	849.809539	930.815314	932.503239	
34.84398	849.805856	849.809539	930.815314	932.503239	
34.85411	849.805856	849.809539	930.815314	932.503239	
34.86433	849.805856	849.809539	930.815314	932.503239	
34.87439	849.805856	849.809539	930.815314	932.503239	
34.88458	849.805856	849.809539	930.815314	932.503239	
34.89481	849.805856	849.809539	930.815314	932.503239	
34.90488	849.805856	849.809539	930.815314	932.503239	
34.91502	849.805856	849.809539	930.815314	932.503239	
34.92518	849.805856	849.809539	930.815314	932.503239	
34.93535	849.805856	849.809539	930.815314	932.503239	
34.94548	849.805856	849.809539	930.815314	932.503239	
34.95562	849.805856	849.809539	930.815314	932.503239	
34.96582	849.805856	849.809539	930.815314	932.503239	
34.97594	849.805856	849.809539	930.815314	932.503239	
34.98608	849.805856	849.809539	930.815314	932.503239	
34.99625	849.805856	849.809539	930.815314	932.503239	
35.00638	849.805856	849.809539	930.815314	932.503239	
35.01648	849.805856	849.809539	930.815314	932.503239	
35.02664	849.805856	849.809539	930.815314	932.503239	
35.03706	849.805856	849.809539	930.815314	932.503239	
35.047	849.805856	849.809539	930.815314	932.503239	
35.05715	849.805856	849.809539	930.815314	932.503239	
35.06726	849.805856	849.809539	930.815314	932.503239	
35.07761	849.805856	849.809539	930.815314	932.503239	
35.08754	849.805856	849.809539	930.815314	932.503239	
35.09768	849.805856	849.809539	930.815314	932.503239	
35.10783	849.805856	849.809539	930.815314	932.503239	
35.11796	849.805856	849.809539	930.815314	932.503239	
35.12809	849.805856	849.809539	930.815314	932.503239	
35.13832	849.805856	849.809539	930.815314	932.503239	
35.14847	849.805856	849.809539	930.815314	932.503239	
35.15856	849.805856	849.809539	930.815314	932.503239	
35.16871	849.805856	849.809539	930.815314	932.503239	
35.17884	849.805856	849.809539	930.815314	932.503239	
35.18895	849.805856	849.809539	930.815314	932.503239	
35.19918	849.805856	849.809539	930.815314	932.503239	
35.20923	849.805856	849.809539	930.815314	932.503239	
35.21941	849.805856	849.809539	930.815314	932.503239	
35.22962	849.805856	849.809539	930.815314	932.503239	
35.23976	849.805856	849.809539	930.815314	932.503239	
35.24994	849.805856	849.809539	930.815314	932.503239	
35.26003	849.805856	849.809539	930.815314	932.503239	
35.27021	849.805856	849.809539	930.815314	932.503239	
35.2804	849.805856	849.809539	930.815314	932.503239	
35.29052	849.805856	849.809539	930.815314	932.503239	
35.30067	849.805856	849.809539	930.815314	932.503239	
35.31092	849.805856	849.809539	930.815314	932.503239	
35.32099	849.805856	849.809539	930.815314	932.503239	
35.33114	849.805856	849.809539	930.815314	932.503239	
35.3413	849.805856	849.809539	930.815314	932.503239	
35.35169	849.805856	849.809539	930.815314	932.503239	
35.36182	849.805856	849.809539	930.815314	932.503239	
35.37194	849.805856	849.809539	930.815314	932.503239	
35.38212	849.805856	849.809539	930.815314	932.503239	
35.39229	849.805856	849.809539	930.815314	932.503239	
35.40243	849.805856	849.809539	930.815314	932.503239	
35.41256	849.805856	849.809539	930.815314	932.503239	
35.42313	849.805856	849.809539	930.815314	932.503239	
35.43314	849.805856	849.809539	930.815314	932.503239	
35.44308	849.805856	849.809539	930.815314	932.503239	
35.45328	849.805856	849.809539	930.815314	932.503239	
35.46336	849.805856	849.809539	930.815314	932.503239	
35.47352	849.805856	849.809539	930.815314	932.503239	
35.48377	849.805856	849.809539	930.815314	932.503239	
35.49382	849.805856	849.809539	930.815314	932.503239	
35.50397	849.805856	849.809539	930.815314	932.503239	
35.51408	849.805856	849.809539	930.815314	932.503239	
35.52432	849.805856	849.809539	930.815314	932.503239	
35.53444	849.805856	849.809539	930.815314	932.503239	
35.54461	849.805856	849.809539	930.815314	932.503239	
35.55474	849.805856	849.809539	930.815314	932.503239	
35.56493	849.805856	849.809539	930.815314	932.503239	
35.57511	849.805856	849.809539	930.815314	932.503239	
35.58525	849.805856	849.809539	930.815314	932.503239	
35.59541	849.805856	849.809539	930.815314	932.503239	
35.60562	849.805856	849.809539	930.815314	932.503239	
35.6157	849.805856	849.809539	930.815314	932.503239	
35.62584	849.805856	849.809539	930.815314	932.503239	
35.64415	849.805856	849.809539	930.815314	932.503239	
35.64884	849.805856	849.809539	930.815314	932.503239	
35.65898	849.805856	849.809539	930.815314	932.503239	
35.66916	849.805856	849.809539	930.815314	932.503239	
35.67934	849.805856	849.809539	930.815314	932.503239	
35.68944	849.805856	849.809539	930.815314	932.503239	
35.69957	849.805856	849.809539	930.815314	932.503239	
35.70974	849.805856	849.809539	930.815314	932.503239	
35.71999	849.805856	849.809539	930.815314	932.503239	
35.73009	849.805856	849.809539	930.815314	932.503239	
35.74023	849.805856	849.809539	930.815314	932.503239	
35.7504	849.805856	849.809539	930.815314	932.503239	
35.76078	849.805856	849.809539	930.815314	932.503239	
35.77073	849.805856	849.809539	930.815314	932.503239	
35.78088	849.805856	849.809539	930.815314	932.503239	
35.79112	849.805856	849.809539	930.815314	932.503239	
35.80121	849.805856	849.809539	930.815314	932.503239	
35.81132	849.805856	849.809539	930.815314	932.503239	
35.82151	849.805856	849.809539	930.815314	932.503239	
35.83167	849.805856	849.809539	930.815314	932.503239	
35.8418	849.805856	849.809539	930.815314	932.503239	
35.85191	849.805856	849.809539	930.815314	932.503239	
35.86211	849.805856	849.809539	930.815314	932.503239	
35.8724	849.805856	849.809539	930.815314	932.503239	
35.88241	849.805856	849.809539	930.815314	932.503239	
35.89255	849.805856	849.809539	930.815314	932.503239	
35.92038	849.805856	849.809539	930.815314	932.503239	
