16.84732	
16.86539	
16.86992	
16.88008	
16.89023	
16.9004	
16.91054	
16.92072	
16.9308	
16.941	
16.95116	
16.96132	
16.97148	
16.98163	
16.99183	
17.00193	
17.01207	
17.02227	
17.0324	
17.0425	
17.05271	
17.06287	
17.07302	
17.08315	
17.09329	
17.10343	
17.11358	
17.12391	
17.13388	
17.14412	
17.15419	
17.16432	
17.1745	
17.1846	
17.19477	
17.20487	
17.21503	
17.22533	
17.23528	
17.24542	
17.25591	
17.27368	
17.27803	
17.28815	
17.29827	
17.30845	
17.31865	
17.32878	
17.33893	
17.34908	
17.35928	
17.36947	
17.37962	
17.38977	
17.39996	
17.41006	
17.42022	
17.43041	
17.44054	
17.45067	
17.46083	
17.47101	
17.48123	
17.49126	
17.50145	
17.51164	
17.52174	
17.5319	
17.54206	
17.55234	
17.56234	
17.5725	
17.58267	
17.5928	
17.60294	
17.61308	
17.62324	
17.63342	
17.6436	
17.65371	
17.66392	
17.67399	
17.68417	
17.69434	
17.70456	
17.71457	
17.72475	
17.73485	
17.74501	
17.75513	
17.76528	
17.77543	
17.78558	
17.79611	
17.80588	
17.81612	
17.82657	
17.83632	
17.84647	
17.85657	
17.8668	
17.87687	
17.88705	
17.89719	
17.90729	
17.91744	
17.9276	
17.93812	
17.94818	
17.95837	
17.9685	
17.97862	
17.98942	
17.99899	
18.00918	
18.01924	
18.0294	
18.03956	
18.0497	
18.05986	
18.06999	
18.08016	
18.0903	
18.10048	
18.11065	
18.12077	
18.13093	
18.14113	
18.15135	
18.16148	
18.17161	
18.18173	
18.192	
18.21017	
18.21456	
18.22471	
18.23519	
18.24512	
18.25526	
18.26546	
18.27559	
18.29553	358.982899	358.979321	328.221471	328.217892	
18.30006	358.983623	358.979321	328.222195	328.217892	
18.31022	358.986046	358.979321	328.224618	328.217892	
18.32035	358.98907	358.979321	328.227642	328.217892	
18.33054	358.992743	358.979321	328.231315	328.217892	
18.34068	358.997009	358.988047	328.235581	328.217892	
18.35084	359.001909	358.988047	328.240481	328.217892	
18.36102	359.007433	358.996774	328.246005	328.217892	
18.37112	359.013532	358.996774	328.252104	328.217892	
18.38133	359.020325	358.996774	328.258897	328.217892	
18.39151	359.027715	359.0055	328.266287	328.217892	
18.40168	359.035713	359.014227	328.274285	328.226619	
18.41183	359.044324	359.014227	328.282896	328.226619	
18.42198	359.05355	359.03168	328.292122	328.226619	
18.43214	359.063392	359.03168	328.301964	328.226619	
18.45277	359.08661	359.049134	328.325182	328.252799	
18.46524	359.101265	359.066587	328.339837	328.261526	
18.46977	359.106606	359.066587	328.345178	328.270252	
18.47998	359.119429	359.08404	328.358001	328.296432	
18.49162	359.134934	359.092767	328.373506	328.313886	
18.50026	359.146809	359.11022	328.385381	328.331339	
18.51057	359.161659	359.118947	328.400231	328.357519	
18.52057	359.17665	359.1364	328.415222	328.383699	
18.53067	359.19242	359.153853	328.430992	328.401152	
18.54087	359.208956	359.171307	328.447528	328.427332	
18.55114	359.226262	359.197487	328.464834	328.453512	
18.56118	359.243765	359.223667	328.482337	328.470965	
18.57133	359.262088	359.24112	328.50066	328.497145	
18.58147	359.280992	359.276027	328.519564	328.514598	
18.59427	359.305982	359.302206	328.544554	328.540778	
18.60182	359.320911	359.328386	328.559483	328.558232	
18.61193	359.341628	359.363293	328.5802	328.575685	
18.62212	359.363111	359.389473	328.601683	328.593138	
18.63227	359.385157	359.415653	328.623729	328.610592	
18.64244	359.407838	359.450559	328.64641	328.628045	
18.65256	359.431051	359.476739	328.669623	328.645498	
18.66275	359.455013	359.502919	328.693585	328.654225	
18.67289	359.479513	359.537826	328.718085	328.680405	
18.68316	359.504931	359.564006	328.743503	328.697858	
18.69569	359.537019	359.590186	328.775591	328.715311	
18.7116	359.579378	359.633819	328.81795	328.767671	
18.71622	359.59165	359.642546	328.830222	328.776398	
18.72632	359.619273	359.659999	328.857845	328.811304	
18.73673	359.648398	359.686179	328.88697	328.837484	
18.74661	359.676621	359.703632	328.915193	328.872391	
18.75676	359.706224	359.729812	328.944796	328.907298	
18.76692	359.736488	359.747265	328.97506	328.950931	
18.77702	359.767156	359.764719	329.005728	328.985837	
18.78722	359.798795	359.782172	329.037367	329.020744	
18.81607	359.894865	359.808352	329.133437	329.064377	
18.82063	359.9098	359.869438	329.148372	329.142917	
18.83215	359.948715	359.886892	329.187287	329.177824	
18.84092	359.978666	359.921798	329.217237	329.221457	
18.8511	360.014146	359.956705	329.252718	329.256363	
18.86127	360.050183	359.991612	329.288755	329.29127	
18.87143	360.086804	360.026518	329.325376	329.326177	
18.88159	360.124051	360.061425	329.362623	329.361083	
18.8917	360.161734	360.105058	329.400306	329.39599	
18.90383	360.207898	360.157418	329.44647	329.430896	
18.91394	360.24695	360.201051	329.485522	329.465803	
18.92406	360.286628	360.244684	329.5252	329.500709	
18.93425	360.327185	360.288317	329.565757	329.535616	
18.94434	360.368009	360.340677	329.606581	329.570523	
18.95453	360.409797	360.393037	329.648369	329.605429	
18.96464	360.451905	360.445397	329.690477	329.640336	
18.97483	360.494994	360.497757	329.733566	329.683969	
18.98495	360.538347	360.54139	329.776919	329.727602	
18.99531	360.583415	360.59375	329.821987	329.771236	
19.0064	360.632411	360.64611	329.870983	329.823595	
19.01656	360.677917	360.69847	329.916489	329.867229	
19.02669	360.723831	360.75083	329.962403	329.919589	
19.03686	360.770635	360.794463	330.009207	329.971948	
19.04706	360.818137	360.846823	330.056709	330.033035	
19.05717	360.865854	360.899183	330.104426	330.085395	
19.06731	360.914321	360.942816	330.152893	330.137755	
19.07754	360.963882	360.986449	330.202454	330.190115	
19.08763	361.013323	361.038809	330.251895	330.251201	
19.09811	361.065367	361.082442	330.303939	330.303561	
19.10911	361.120783	361.134802	330.359355	330.355921	
19.1193	361.172637	361.178435	330.411209	330.408281	
19.1295	361.225234	361.230795	330.463806	330.460641	
19.13975	361.278716	361.274429	330.517288	330.513	
19.14975	361.331423	361.326788	330.569995	330.56536	
19.15997	361.385987	361.379148	330.624559	330.608994	
19.17006	361.440411	361.422782	330.678983	330.661353	
19.18021	361.495805	361.475141	330.734377	330.704987	
19.19033	361.551699	361.527501	330.790271	330.757347	
19.20053	361.608578	361.579861	330.847149	330.809706	
19.21187	361.672684	361.640948	330.911256	330.870793	
19.22219	361.731675	361.702034	330.970247	330.931879	
19.23222	361.78947	361.754394	331.028042	330.984239	
19.24238	361.848756	361.806754	331.087328	331.045326	
19.25244	361.907998	361.86784	331.14657	331.106412	
19.26267	361.968911	361.928927	331.207483	331.167499	
19.27359	362.034718	361.990014	331.27329	331.237312	
19.28365	362.095794	362.0511	331.334366	331.307125	
19.29369	362.15742	362.112187	331.395992	331.368212	
19.304	362.221872	362.182	331.460444	331.438025	
19.3146	362.287818	362.243086	331.52639	331.516565	
19.32477	362.352091	362.312899	331.590663	331.577651	
19.33493	362.416997	362.382713	331.655569	331.647464	
19.34502	362.482071	362.452526	331.720643	331.717278	
19.35537	362.549434	362.522339	331.788005	331.787091	
19.36531	362.614674	362.600879	331.853246	331.856904	
19.37546	362.682045	362.670692	331.920617	331.91799	
19.38564	362.75009	362.749232	331.988662	331.987804	
19.39575	362.818379	362.819045	332.056951	332.04889	
19.40591	362.887599	362.888858	332.126171	332.109977	
19.41722	362.96546	362.976125	332.204032	332.17979	
19.4274	363.036088	363.054664	332.27466	332.249603	
19.43759	363.107423	363.133204	332.345995	332.31069	
19.44765	363.178507	363.203017	332.417079	332.380503	
19.45814	363.253288	363.281557	332.49186	332.450316	
19.4682	363.325584	363.360097	332.564156	332.520129	
19.47836	363.399193	363.42991	332.637765	332.589942	
19.48849	363.473198	363.499723	332.71177	332.659755	
19.49864	363.548005	363.578263	332.786577	332.738295	
19.5088	363.623461	363.656803	332.862033	332.816835	
19.52009	363.708175	363.726616	332.946747	332.904102	
19.53015	363.784242	363.805156	333.022814	332.991368	
19.54028	363.861371	363.883696	333.099943	333.078634	
19.55054	363.940195	363.953509	333.178767	333.157174	
19.5606	364.018038	364.032049	333.25661	333.244441	
19.57079	364.097569	364.110589	333.336141	333.322981	
19.58092	364.177183	364.180402	333.415755	333.40152	
19.59109	364.257773	364.258942	333.496345	333.488787	
19.60125	364.33887	364.337481	333.577442	333.567327	
19.61134	364.420065	364.424748	333.658637	333.645866	
19.6227	364.512296	364.512014	333.750868	333.733133	
19.63282	364.595022	364.599281	333.833594	333.811673	
19.64295	364.678371	364.677821	333.916943	333.898939	
19.65308	364.762435	364.75636	334.001007	333.977479	
19.67141	364.916981	364.91344	334.155553	334.125832	
19.67595	364.955154	364.948347	334.193726	334.160739	
19.68615	365.041844	365.035613	334.280416	334.248005	
19.69629	365.12851	365.12288	334.367081	334.326545	
19.70641	365.215739	365.210146	334.454311	334.413811	
19.71689	365.306679	365.297412	334.545251	334.501078	
19.72675	365.392954	365.384679	334.631525	334.588344	
19.73685	365.481652	365.471945	334.720224	334.684337	
19.74716	365.573038	365.559212	334.81161	334.78033	
19.75725	365.663006	365.646478	334.901578	334.867597	
19.76746	365.754819	365.742471	334.993391	334.96359	
19.77767	365.847067	365.838465	335.085639	335.059583	
19.78775	365.938808	365.925731	335.17738	335.155576	
19.7979	366.031862	366.030451	335.270434	335.242843	
19.80811	366.126057	366.126444	335.364629	335.347562	
19.81822	366.21993	366.222437	335.458502	335.434829	
19.82841	366.315208	366.327157	335.55378	335.530822	
19.83871	366.412137	366.42315	335.650709	335.626815	
19.84876	366.507282	366.519143	335.745854	335.731535	
19.85887	366.603544	366.623863	335.842116	335.818801	
19.8691	366.701802	366.719856	335.940374	335.914794	
19.87926	366.799823	366.815849	336.038395	336.010788	
19.88948	366.89906	366.911842	336.137632	336.115507	
19.89957	366.997661	367.007835	336.236233	336.2115	
19.90969	367.09722	367.103828	336.335792	336.307494	
19.91993	367.198612	367.199821	336.437184	336.403487	
19.93078	367.306748	367.304541	336.54532	336.508206	
19.94094	367.408547	367.409261	336.647119	336.6042	
19.95108	367.510762	367.496527	336.749334	336.708919	
19.96124	367.613849	367.601247	336.852421	336.813639	
19.97135	367.71702	367.705967	336.955592	336.918359	
19.98155	367.822047	367.80196	337.060619	337.023079	
19.99167	367.926212	367.90668	337.164784	337.127798	
20.00185	368.0319	368.002673	337.270472	337.232518	
20.012	368.137987	368.107393	337.376559	337.337238	
20.0221	368.244152	368.212112	337.482724	337.450684	
20.03348	368.36459	368.334285	337.603162	337.572857	
20.04358	368.472047	368.439005	337.710619	337.686304	
20.0537	368.580331	368.543725	337.818903	337.791023	
20.06385	368.689545	368.648445	337.928117	337.895743	
20.07408	368.800305	368.761891	338.038876	338.00919	
20.08417	368.910068	368.875337	338.14864	338.122636	
20.09429	369.020708	368.988784	338.25928	338.227356	
20.1045	369.133103	369.10223	338.371675	338.340802	
20.11459	369.24473	369.215677	338.483302	338.445522	
20.12517	369.36251	369.329123	338.601082	338.558968	
20.1362	369.485999	369.460023	338.724571	338.672415	
20.14625	369.599068	369.582196	338.83764	338.785861	
20.15636	369.71345	369.695642	338.952022	338.899308	
20.16646	369.828377	369.817815	339.066949	339.012754	
20.17693	369.948262	369.939988	339.186834	339.117474	
20.18678	370.061343	370.062161	339.299915	339.239647	
20.19693	370.178707	370.184334	339.417279	339.36182	
20.20706	370.296351	370.306507	339.534923	339.483993	
20.21717	370.414433	370.42868	339.653005	339.606166	
20.22736	370.534087	370.550853	339.772659	339.728339	
20.23883	370.66965	370.69048	339.908222	339.867965	
20.24898	370.790115	370.812653	340.028686	339.990138	
20.2591	370.910848	370.934826	340.14942	340.121038	
20.26925	371.03257	371.056999	340.271142	340.251938	
20.27942	371.154658	371.187899	340.39323	340.374111	
20.28962	371.277022	371.310072	340.515594	340.50501	
20.29967	371.397646	371.440971	340.636218	340.627183	
20.30986	371.52001	371.563144	340.758582	340.758083	
20.32006	371.642326	371.685318	340.880898	340.880256	
20.33016	371.76349	371.816217	341.002062	341.002429	
20.34153	371.900014	371.947117	341.138586	341.142056	
20.35166	372.021466	372.078017	341.260038	341.264229	
20.36181	372.14329	372.20019	341.381862	341.386402	
20.37196	372.265126	372.322363	341.503698	341.499848	
20.38206	372.386278	372.453262	341.62485	341.622021	
20.39232	372.509434	372.575435	341.748006	341.735468	
20.4024	372.630358	372.697608	341.86893	341.857641	
20.41255	372.752206	372.811055	341.990778	341.971087	
20.42271	372.874066	372.924501	342.112638	342.084533	
20.43283	372.995506	373.046674	342.234078	342.206706	
20.44861	373.184914	373.221207	342.423486	342.389966	
20.45874	373.306474	373.334654	342.545046	342.503412	
20.46888	373.428202	373.4481	342.666774	342.625585	
20.47903	373.549978	373.55282	342.78855	342.747759	
20.48917	373.671706	373.666266	342.910278	342.861205	
20.4996	373.796854	373.779713	343.035426	342.992105	
20.5097	373.917982	373.893159	343.156554	343.114278	
20.51973	374.03839	374.006605	343.276962	343.236451	
20.52992	374.160682	374.120052	343.399254	343.358624	
20.54014	374.28325	374.233498	343.521822	343.480797	
20.55166	374.421562	374.373125	343.660134	343.62915	
20.56181	374.543302	374.486571	343.781874	343.760049	
20.57196	374.665126	374.600017	343.903698	343.882223	
20.58207	374.786482	374.72219	344.025054	344.004396	
20.59225	374.908618	374.844363	344.14719	344.135295	
20.60246	375.031114	374.966536	344.269686	344.266195	
20.61254	375.152026	375.08871	344.390598	344.388368	
20.62273	375.27433	375.210883	344.512902	344.510541	
20.63286	375.39589	375.341782	344.634462	344.632714	
20.64295	375.51703	375.472682	344.755602	344.754887	
20.65428	375.652966	375.612308	344.891538	344.885787	
20.66446	375.775138	375.734481	345.01371	345.00796	
20.67461	375.896902	375.874108	345.135474	345.121406	
20.68475	376.018606	375.996281	345.257178	345.243579	
20.69525	376.144618	376.135907	345.38319	345.357026	
20.70518	376.263826	376.25808	345.502398	345.470472	
20.71516	376.383502	376.38898	345.622074	345.592645	
20.72528	376.504894	376.51988	345.743466	345.714818	
20.73546	376.627126	376.650779	345.865698	345.828265	
20.74581	376.751374	376.781679	345.989946	345.959164	
20.75695	376.884982	376.921305	346.123554	346.090064	
20.76718	377.007706	377.052205	346.246278	346.212237	
20.77724	377.128462	377.183105	346.367034	346.33441	
20.78738	377.250178	377.305278	346.48875	346.46531	
20.80588	377.472238	377.540897	346.71081	346.692203	
20.81045	377.526994	377.593257	346.765566	346.744562	
20.82057	377.648446	377.724157	346.887018	346.866736	
20.83076	377.77075	377.837603	347.009322	346.997635	
20.84088	377.892118	377.959776	347.13069	347.119808	
20.85101	378.013774	378.081949	347.252346	347.250708	
20.86123	378.136474	378.195396	347.375046	347.372881	
20.87139	378.25831	378.317569	347.496882	347.495054	
20.88156	378.38029	378.431015	347.618862	347.617227	
20.89167	378.501598	378.553188	347.74017	347.7394	
20.90177	378.622834	378.666635	347.861406	347.852847	
20.91198	378.745402	378.780081	347.983974	347.97502	
20.92214	378.86731	378.893527	348.105882	348.088466	
20.93229	378.98911	379.006974	348.227682	348.210639	
20.94242	379.110658	379.12042	348.34923	348.332812	
20.95258	379.232506	379.22514	348.471078	348.446259	
20.96279	379.355182	379.338586	348.593754	348.568432	
20.97295	379.47703	379.452033	348.715602	348.681878	
20.98311	379.598878	379.556752	348.83745	348.804051	
20.99318	379.719742	379.678925	348.958314	348.926224	
21.00331	379.841278	379.783645	349.07985	349.03967	
21.01351	379.964722	379.905818	349.203294	349.161844	
21.0237	380.085994	380.019265	349.324566	349.27529	
21.03387	380.208022	380.132711	349.446594	349.40619	
21.044	380.329558	380.254884	349.56813	349.519636	
21.05411	380.450974	380.377057	349.689546	349.650536	
21.06602	380.593906	380.516684	349.832478	349.790162	
21.07574	380.710474	380.638857	349.949046	349.912335	
21.08588	380.832166	380.76103	350.070738	350.043235	
21.10405	381.050278	380.891929	350.28885	350.174134	
21.10861	381.104878	381.049009	350.34345	350.331214	
21.11878	381.22699	381.179909	350.465562	350.462114	
21.12899	381.349486	381.310808	350.588058	350.593013	
21.13909	381.470638	381.441708	350.70921	350.723913	
21.14922	381.592222	381.572608	350.830794	350.846086	
21.1594	381.714418	381.703507	350.95299	350.976986	
21.16967	381.83773	381.843134	351.076302	351.099159	
21.17979	381.959098	381.974033	351.19767	351.221332	
21.18988	382.080154	382.104933	351.318726	351.334778	
21.20007	382.20241	382.244559	351.440982	351.448225	
21.21024	382.324426	382.375459	351.562998	351.570398	
21.22037	382.445974	382.506359	351.684546	351.675118	
21.23053	382.567978	382.637259	351.80655	351.788564	
21.24067	382.68967	382.768158	351.928242	351.90201	
21.2508	382.811242	382.890331	352.049814	352.015457	
21.26098	382.933294	383.012504	352.171866	352.13763	
21.27223	383.068534	383.134677	352.307106	352.24235	
21.2813	383.177206	383.25685	352.415778	352.364523	
21.29141	383.298478	383.379023	352.53705	352.486696	
21.30155	383.420206	383.501197	352.658778	352.608869	
21.3117	383.542042	383.614643	352.780614	352.731042	
21.3219	383.664406	383.728089	352.902978	352.861942	
21.33211	383.786914	383.850262	353.025486	352.975388	
21.3422	383.907982	383.963709	353.146554	353.106288	
21.3524	384.03037	384.077155	353.268942	353.237187	
21.36246	384.151126	384.181875	353.389698	353.35936	
21.37358	384.285118	384.312775	353.52369	353.498987	
21.38376	384.406786	384.426221	353.645358	353.629886	
21.3939	384.528346	384.539667	353.766918	353.760786	
21.40403	384.649954	384.653114	353.888526	353.882959	
21.41413	384.771214	384.775287	354.009786	354.005132	
21.42439	384.894298	384.89746	354.13287	354.127305	
21.43452	385.015846	385.010906	354.254418	354.249478	
21.44461	385.13689	385.133079	354.375462	354.371651	
21.45481	385.259314	385.246526	354.497886	354.485098	
21.46522	385.384306	385.368699	354.622878	354.607271	
21.4763	385.517254	385.499599	354.755826	354.73817	
21.48646	385.639198	385.613045	354.87777	354.851617	
21.49662	385.761046	385.735218	354.999618	354.965063	
21.5067	385.88197	385.857391	355.120542	355.087236	
21.51692	386.004634	385.970837	355.243206	355.209409	
21.52705	386.126206	386.084284	355.364778	355.322856	
21.53714	386.247298	386.206457	355.48587	355.445029	
21.5473	386.369194	386.32863	355.607766	355.558475	
21.55749	386.491438	386.450803	355.73001	355.680648	
21.57789	386.736406	386.668969	355.974978	355.907541	
21.58249	386.791594	386.747509	356.030166	355.986081	
21.59266	386.913514	386.869682	356.152086	356.116981	
21.60277	387.033931	386.991855	356.272503	356.239154	
21.61287	387.153538	387.114028	356.39211	356.370053	
21.62308	387.274	387.244928	356.512571	356.500953	
21.63323	387.393035	387.375827	356.631607	356.623126	
21.64334	387.510969	387.498001	356.749541	356.745299	
21.65351	387.629584	387.620174	356.868156	356.876199	
21.66377	387.750153	387.742347	356.988725	356.998372	
21.67393	387.864055	387.873246	357.102627	357.120545	
21.68409	387.98016	388.004146	357.218732	357.242718	
21.69422	388.095287	388.126319	357.333859	357.364891	
21.70443	388.210655	388.248492	357.449227	357.478337	
21.71449	388.323852	388.370665	357.562423	357.583057	
21.72459	388.436765	388.492838	357.675337	357.687777	
21.73483	388.550648	388.606285	357.78922	357.801223	
21.74495	388.662612	388.719731	357.901184	357.897216	
21.7551	388.774292	388.841904	358.012864	358.001936	
21.7652	388.884695	388.946624	358.123267	358.106656	
21.77542	388.995938	389.06007	358.23451	358.211376	
21.78554	389.105452	389.16479	358.344024	358.316095	
21.79573	389.215038	389.278236	358.45361	358.420815	
21.80587	389.323497	389.382956	358.562068	358.525535	
21.81604	389.431712	389.487676	358.670284	358.638981	
21.82662	389.543566	389.583669	358.782138	358.743701	
21.83733	389.656107	389.688389	358.894679	358.857148	
21.84649	389.751892	389.784382	358.990463	358.970594	
21.85681	389.859241	389.889102	359.097813	359.08404	
21.86694	389.963938	389.985095	359.20251	359.18876	
21.87695	390.06676	390.081088	359.305332	359.29348	
21.88709	390.170394	390.185808	359.408966	359.406926	
21.90558	390.356688	390.360341	359.59526	359.598912	
21.91015	390.402816	390.403974	359.641388	359.642546	
21.92033	390.50474	390.499967	359.743312	359.747265	
21.93046	390.605614	390.604687	359.844186	359.851985	
21.94062	390.706152	390.709406	359.944724	359.947978	
21.95078	390.806065	390.805399	360.044637	360.043971	
21.96097	390.905712	390.910119	360.144284	360.139965	
21.97106	391.00372	391.014839	360.242292	360.235958	
21.98125	391.102079	391.110832	360.340651	360.331951	
21.99147	391.200152	391.215552	360.438724	360.427944	
22.00166	391.297264	391.311545	360.535836	360.523937	
22.01176	391.392866	391.407538	360.631438	360.61993	
22.0219	391.488366	391.512258	360.726938	360.715923	
22.03206	391.583392	391.599524	360.821964	360.80319	
22.04222	391.677758	391.695517	360.91633	360.899183	
22.05238	391.7715	391.782784	361.010072	360.995176	
22.06252	391.86452	391.878777	361.103092	361.091169	
22.07273	391.957524	391.966043	361.196096	361.178435	
22.08281	392.048716	392.044583	361.287288	361.274429	
22.09332	392.143289	392.13185	361.381861	361.370422	
22.10322	392.231593	392.219116	361.470165	361.457688	
22.11333	392.321221	392.297656	361.559793	361.553681	
22.12347	392.410495	392.384922	361.649067	361.640948	
22.13395	392.502844	392.472189	361.741416	361.728214	
22.14381	392.587835	392.559455	361.826407	361.815481	
22.15396	392.675375	392.646722	361.913947	361.902747	
22.16406	392.761921	392.733988	362.000493	361.990014	
22.17423	392.848458	392.812528	362.08703	362.086007	
22.18441	392.934422	392.899795	362.172993	362.164546	
22.19507	393.023774	392.987061	362.262345	362.26054	
22.2052	393.108016	393.074327	362.346588	362.347806	
22.21535	393.191854	393.161594	362.430426	362.426346	
22.22545	393.274707	393.24886	362.513279	362.513612	
22.2356	393.357357	393.3274	362.595929	362.592152	
22.24575	393.439363	393.414667	362.677935	362.679419	
22.2562	393.523143	393.501933	362.761715	362.766685	
22.26632	393.603703	393.5892	362.842275	362.845225	
22.27707	393.688602	393.676466	362.927174	362.923765	
22.28723	393.768141	393.763733	363.006713	363.011031	
22.29781	393.850385	393.850999	363.088957	363.089571	
22.30796	393.928621	393.929539	363.167193	363.168111	
22.31807	394.005981	394.008079	363.244553	363.237924	
22.32824	394.083215	394.095345	363.321787	363.316464	
22.33839	394.159627	394.165158	363.398199	363.395004	
22.34853	394.235406	394.243698	363.473978	363.473543	
22.3587	394.310809	394.322238	363.549381	363.543357	
22.3689	394.385736	394.400778	363.624308	363.621896	
22.37926	394.461249	394.470591	363.699821	363.69171	
22.3894	394.534556	394.549131	363.773128	363.761523	
22.40089	394.616793	394.618944	363.855365	363.848789	
22.41102	394.688702	394.688757	363.927274	363.918602	
22.42116	394.760065	394.75857	363.998637	363.997142	
22.43131	394.830917	394.828383	364.069489	364.066955	
22.45111	394.966288	394.96801	364.20486	364.206582	
22.45567	394.997543	394.99419	364.236115	364.232762	
22.46588	395.06666	395.064003	364.305232	364.302575	
22.47596	395.134427	395.125089	364.372999	364.372388	
22.48616	395.202293	395.194903	364.440865	364.442201	
22.49671	395.271859	395.264716	364.510431	364.512014	
22.50644	395.335444	395.334529	364.574016	364.581827	
22.51703	395.404005	395.395615	364.642577	364.642914	
22.52675	395.466351	395.456702	364.704923	364.704	
22.53688	395.530735	395.526515	364.769307	364.773814	
22.54713	395.5953	395.596328	364.833872	364.8349	
22.55733	395.65885	395.666141	364.897422	364.895987	
22.56752	395.721762	395.727228	364.960334	364.957073	
22.57766	395.783765	395.797041	365.022337	365.01816	
22.58792	395.845882	395.858128	365.084454	365.079246	
22.59819	395.907431	395.927941	365.146003	365.140333	
22.60845	395.968269	395.989027	365.206841	365.192693	
22.61858	396.027775	396.050114	365.266347	365.262506	
22.6287	396.086613	396.1112	365.325185	365.323592	
22.63883	396.144879	396.172287	365.383451	365.375952	
22.64903	396.202961	396.233373	365.441533	365.437039	
22.65915	396.259947	396.29446	365.498519	365.498125	
22.66932	396.316681	396.34682	365.555253	365.550485	
22.67948	396.3727	396.39918	365.611272	365.611572	
22.68985	396.429253	396.460266	365.667825	365.663932	
22.6998	396.482903	396.512626	365.721475	365.716291	
22.71002	396.537423	396.564986	365.775995	365.777378	
22.7202	396.591073	396.617346	365.829645	365.829738	
22.73032	396.643858	396.660979	365.88243	365.890824	
22.74044	396.696019	396.713339	365.934591	365.943184	
22.75081	396.748854	396.765699	365.987426	365.995544	
22.76095	396.799899	396.818059	366.038471	366.047904	
22.7711	396.850358	396.870419	366.08893	366.100264	
22.78125	396.900256	396.922778	366.138828	366.143897	
22.79137	396.94941	396.975138	366.187982	366.196257	
22.80201	397.000392	397.027498	366.238964	366.23989	
22.81216	397.048413	397.071131	366.286985	366.29225	
22.82232	397.095911	397.114765	366.334483	366.335883	
22.83255	397.143061	397.167125	366.381633	366.379517	
22.84316	397.191377	397.219484	366.429949	366.42315	
22.85298	397.235471	397.263118	366.474043	366.466783	
22.8632	397.280774	397.306751	366.519346	366.510416	
22.87341	397.325435	397.350384	366.564007	366.55405	
22.88353	397.369316	397.394017	366.607888	366.597683	
22.89369	397.412345	397.428924	366.650917	366.641316	
22.90405	397.455776	397.472557	366.694348	366.693676	
22.91416	397.497597	397.51619	366.736169	366.728582	
22.92432	397.538999	397.551097	366.777571	366.772216	
22.93443	397.579581	397.586004	366.818153	366.815849	
22.9446	397.619848	397.62091	366.85842	366.859482	
22.95514	397.660888	397.655817	366.89946	366.903115	
22.96487	397.698236	397.690723	366.936808	366.938022	
22.97508	397.736827	397.72563	366.975399	366.972929	
22.98514	397.774264	397.75181	367.012836	367.016562	
22.99525	397.811251	397.786716	367.049823	367.051468	
23.00545	397.848011	397.812896	367.086583	367.086375	
23.01677	397.887983	397.847803	367.126555	367.121282	
23.02692	397.923274	397.88271	367.161846	367.156188	
23.03705	397.957892	397.90889	367.196464	367.191095	
23.04718	397.99191	397.935069	367.230482	367.217275	
23.05737	398.025541	397.969976	367.264113	367.252181	
23.06752	398.058417	398.004883	367.296989	367.287088	
23.07767	398.09073	398.039789	367.329302	367.313268	
23.08778	398.12229	398.074696	367.360862	367.348174	
23.09797	398.153517	398.100876	367.392089	367.374354	
23.10819	398.184224	398.135782	367.422796	367.400534	
23.11949	398.217421	398.179416	367.455993	367.435441	
23.12967	398.246738	398.214322	367.48531	367.470347	
23.13979	398.275288	398.240502	367.513859	367.496527	
23.14998	398.303439	398.275409	367.542011	367.531434	
23.16007	398.330732	398.310315	367.569304	367.557614	
23.17026	398.357716	398.345222	367.596288	367.59252	
23.18039	398.383928	398.371402	367.6225	367.6187	
23.19051	398.409531	398.406308	367.648103	367.64488	
23.20074	398.434806	398.441215	367.673378	367.67106	
23.21082	398.459148	398.476122	367.69772	367.705967	
23.22214	398.48568	398.502301	367.724252	367.732147	
23.23234	398.509039	398.528481	367.747611	367.758327	
23.24239	398.53148	398.563388	367.770052	367.784507	
23.2526	398.553687	398.580841	367.792259	367.810687	
23.26269	398.575035	398.607021	367.813607	367.82814	
23.2729	398.596059	398.633201	367.834631	367.85432	
23.28303	398.616332	398.650654	367.854904	367.871773	
23.29316	398.636007	398.668108	367.874579	367.889226	
23.30332	398.655181	398.685561	367.893752	367.915406	
23.3135	398.673789	398.694288	367.912361	367.93286	
23.32479	398.693685	398.711741	367.932256	367.950313	
23.33501	398.711137	398.720468	367.949709	367.95904	
23.34509	398.727774	398.729194	367.966346	367.976493	
23.35518	398.743876	398.737921	367.982447	367.985219	
23.36544	398.75964	398.746648	367.998212	367.993946	
23.3755	398.774543	398.755374	368.013115	368.002673	
23.38566	398.789012	398.755374	368.027584	368.011399	
23.39578	398.80286	398.755374	368.041432	368.020126	
23.40593	398.816183	398.764101	368.054755	368.020126	
23.42591	398.839674	398.764101	368.078246	368.028853	
23.43045	398.845094	398.772827	368.083666	368.037579	
23.44073	398.85663	398.772827	368.095201	368.046306	
23.45081	398.867402	398.781554	368.105973	368.055033	
23.46092	398.877662	398.790281	368.116234	368.063759	
23.47115	398.887483	398.799007	368.126055	368.072486	
23.48128	398.896658	398.807734	368.13523	368.081213	
23.49138	398.905281	398.825187	368.143852	368.089939	
23.50158	398.913442	398.842641	368.152014	368.107393	
23.5117	398.921011	398.860094	368.159583	368.124846	
23.52192	398.928122	398.877547	368.166694	368.133572	
23.53208	398.934667	398.903727	368.173238	368.151026	
23.54224	398.940695	398.929907	368.179267	368.159752	
23.55246	398.946246	398.94736	368.184818	368.177206	
23.56254	398.951227	398.97354	368.189798	368.194659	
23.57266	398.955743	398.99972	368.194315	368.203386	
23.58284	398.959805	399.017174	368.198377	368.212112	
23.593	398.963391	399.034627	368.201963	368.229566	
23.60314	398.96652	399.05208	368.205092	368.229566	
23.61329	398.96922	399.060807	368.207792	368.229566	
23.62341	398.971502	399.069533	368.210074	368.229566	
23.6337	398.973421	399.069533	368.211993	368.229566	
23.64382	398.974954	399.069533	368.213525	368.229566	
23.65398	398.979321	399.069533	368.217892	368.229566	
23.6641	398.979321	399.069533	368.217892	368.220839	
23.67419	398.979321	399.05208	368.217892	368.220839	
23.68439	398.979321	399.05208	368.217892	368.212112	
23.69452	398.979321	399.043354	368.217892	368.212112	
23.70477	398.979321	399.034627	368.217892	368.203386	
23.71483	398.979321	399.0259	368.217892	368.203386	
23.72526	398.979321	399.017174	368.217892	368.194659	
23.7359	398.979321	399.008447	368.217892	368.194659	
23.75407	398.979321	398.990994	368.217892	368.203386	
23.75862	398.979321	398.982267	368.217892	368.203386	
23.76878	398.979321	398.97354	368.217892	368.203386	
23.77889	398.979321	398.964814	368.217892	368.212112	
23.78907	398.979321	398.964814	368.217892	368.212112	
23.79926	398.979321	398.964814	368.217892	368.212112	
23.8094	398.979321	398.964814	368.217892	368.212112	
23.8195	398.979321	398.964814	368.217892	368.212112	
23.82967	398.979321	398.964814	368.217892	368.212112	
23.84049	398.979321	398.964814	368.217892	368.203386	
23.85012	398.979321	398.964814	368.217892	368.203386	
23.86022	398.979321	398.964814	368.217892	368.203386	
23.87036	398.979321	398.964814	368.217892	368.203386	
23.8806	398.979321	398.964814	368.217892	368.203386	
23.89067	398.979321	398.964814	368.217892	368.203386	
23.90082	398.979321	398.97354	368.217892	368.203386	
23.911	398.979321	398.97354	368.217892	368.203386	
23.92111	398.979321	398.97354	368.217892	368.203386	
23.9313	398.979321	398.97354	368.217892	368.203386	
23.94145	398.979321	398.97354	368.217892	368.203386	
23.95166	398.979321	398.97354	368.217892	368.203386	
23.96183	398.979321	398.97354	368.217892	368.203386	
23.97196	398.979321	398.97354	368.217892	368.203386	
23.98212	398.979321	398.97354	368.217892	368.203386	
23.99225	398.979321	398.97354	368.217892	368.203386	
24.00243	398.979321	398.97354	368.217892	368.203386	
24.01258	398.979321	398.97354	368.217892	368.203386	
24.02271	398.979321	398.97354	368.217892	368.203386	
24.03288	398.979321	398.97354	368.217892	368.203386	
24.04303	398.979321	398.97354	368.217892	368.203386	
24.0532	398.979321	398.97354	368.217892	368.203386	
24.06335	398.979321	398.97354	368.217892	368.203386	
24.07351	398.979321	398.97354	368.217892	368.203386	
24.08365	398.979321	398.97354	368.217892	368.203386	
24.0938	398.979321	398.97354	368.217892	368.203386	
24.10395	398.979321	398.97354	368.217892	368.203386	
24.11416	398.979321	398.97354	368.217892	368.203386	
24.12428	398.979321	398.97354	368.217892	368.203386	
24.13441	398.979321	398.97354	368.217892	368.203386	
24.14463	398.979321	398.97354	368.217892	368.203386	
24.15493	398.979321	398.97354	368.217892	368.203386	
24.16506	398.979321	398.97354	368.217892	368.203386	
24.17522	398.979321	398.97354	368.217892	368.203386	
24.18532	398.979321	398.97354	368.217892	368.203386	
24.19546	398.979321	398.97354	368.217892	368.203386	
24.20562	398.979321	398.97354	368.217892	368.203386	
24.21585	398.979321	398.97354	368.217892	368.203386	
24.22623	398.979321	398.97354	368.217892	368.203386	
24.2364	398.979321	398.97354	368.217892	368.203386	
24.24649	398.979321	398.97354	368.217892	368.203386	
24.25674	398.979321	398.97354	368.217892	368.203386	
24.26679	398.979321	398.97354	368.217892	368.203386	
24.27762	398.979321	398.97354	368.217892	368.203386	
24.28712	398.979321	398.97354	368.217892	368.203386	
24.2972	398.979321	398.97354	368.217892	368.203386	
24.30732	398.979321	398.97354	368.217892	368.203386	
24.31759	398.979321	398.97354	368.217892	368.203386	
24.32771	398.979321	398.97354	368.217892	368.203386	
24.33789	398.979321	398.97354	368.217892	368.203386	
24.34802	398.979321	398.97354	368.217892	368.203386	
24.35821	398.979321	398.97354	368.217892	368.203386	
24.3684	398.979321	398.97354	368.217892	368.203386	
24.37853	398.979321	398.97354	368.217892	368.203386	
24.38869	398.979321	398.97354	368.217892	368.203386	
24.39885	398.979321	398.97354	368.217892	368.203386	
24.40901	398.979321	398.97354	368.217892	368.203386	
24.41912	398.979321	398.97354	368.217892	368.203386	
24.42926	398.979321	398.97354	368.217892	368.203386	
24.44876	398.979321	398.97354	368.217892	368.203386	
24.4533	398.979321	398.97354	368.217892	368.203386	
24.46349	398.979321	398.97354	368.217892	368.203386	
24.47364	398.979321	398.97354	368.217892	368.203386	
24.48377	398.979321	398.97354	368.217892	368.203386	
24.49386	398.979321	398.97354	368.217892	368.203386	
24.50407	398.979321	398.97354	368.217892	368.203386	
24.51423	398.979321	398.97354	368.217892	368.203386	
24.52434	398.979321	398.97354	368.217892	368.203386	
24.5345	398.979321	398.97354	368.217892	368.203386	
24.54476	398.979321	398.97354	368.217892	368.203386	
24.5549	398.979321	398.97354	368.217892	368.203386	
24.56496	398.979321	398.97354	368.217892	368.203386	
24.57514	398.979321	398.97354	368.217892	368.203386	
24.58523	398.979321	398.97354	368.217892	368.203386	
24.59538	398.979321	398.97354	368.217892	368.203386	
24.60554	398.979321	398.97354	368.217892	368.203386	
24.61567	398.979321	398.97354	368.217892	368.203386	
24.62581	398.979321	398.97354	368.217892	368.203386	
24.63596	398.979321	398.97354	368.217892	368.203386	
24.64618	398.979321	398.97354	368.217892	368.203386	
24.65627	398.979321	398.97354	368.217892	368.203386	
24.66644	398.979321	398.97354	368.217892	368.203386	
24.67657	398.979321	398.97354	368.217892	368.203386	
24.68668	398.979321	398.97354	368.217892	368.203386	
24.69689	398.979321	398.97354	368.217892	368.203386	
24.70698	398.979321	398.97354	368.217892	368.203386	
24.71713	398.979321	398.97354	368.217892	368.203386	
24.72731	398.979321	398.97354	368.217892	368.203386	
24.7374	398.979321	398.97354	368.217892	368.203386	
24.7555	398.979321	398.97354	368.217892	368.212112	
24.76005	398.979321	398.97354	368.217892	368.212112	
24.77025	398.979321	398.97354	368.217892	368.212112	
24.7804	398.979321	398.97354	368.217892	368.212112	
24.79052	398.979321	398.97354	368.217892	368.212112	
24.80075	398.979321	398.97354	368.217892	368.212112	
24.81082	398.979321	398.97354	368.217892	368.212112	
24.82096	398.979321	398.97354	368.217892	368.212112	
24.83116	398.979321	398.97354	368.217892	368.212112	
24.84128	398.979321	398.97354	368.217892	368.212112	
24.85145	398.979321	398.97354	368.217892	368.212112	
24.86158	398.979321	398.97354	368.217892	368.212112	
24.87177	398.979321	398.97354	368.217892	368.212112	
24.88194	398.979321	398.97354	368.217892	368.212112	
24.89207	398.979321	398.97354	368.217892	368.212112	
24.90223	398.979321	398.97354	368.217892	368.212112	
24.91239	398.979321	398.97354	368.217892	368.212112	
24.92249	398.979321	398.97354	368.217892	368.212112	
24.93269	398.979321	398.97354	368.217892	368.212112	
24.94284	398.979321	398.97354	368.217892	368.212112	
24.95303	398.979321	398.97354	368.217892	368.212112	
24.96314	398.979321	398.97354	368.217892	368.212112	
24.97329	398.979321	398.97354	368.217892	368.212112	
24.98346	398.979321	398.97354	368.217892	368.212112	
24.99362	398.979321	398.97354	368.217892	368.212112	
25.00375	398.979321	398.97354	368.217892	368.212112	
25.01388	398.979321	398.97354	368.217892	368.212112	
25.02405	398.979321	398.97354	368.217892	368.212112	
25.03427	398.979321	398.97354	368.217892	368.212112	
25.04438	398.979321	398.97354	368.217892	368.212112	
25.05452	398.979321	398.97354	368.217892	368.212112	
25.06475	398.979321	398.97354	368.217892	368.212112	
25.07482	398.979321	398.97354	368.217892	368.212112	
25.08496	398.979321	398.97354	368.217892	368.212112	
25.0951	398.979321	398.97354	368.217892	368.212112	
25.10525	398.979321	398.97354	368.217892	368.212112	
25.11539	398.979321	398.97354	368.217892	368.212112	
25.12552	398.979321	398.97354	368.217892	368.212112	
25.13568	398.979321	398.97354	368.217892	368.212112	
25.14584	398.979321	398.97354	368.217892	368.212112	
25.15598	398.979321	398.97354	368.217892	368.212112	
25.16621	398.979321	398.97354	368.217892	368.212112	
25.17629	398.979321	398.97354	368.217892	368.212112	
25.18639	398.979321	398.97354	368.217892	368.212112	
25.19664	398.979321	398.97354	368.217892	368.212112	
25.2067	398.979321	398.97354	368.217892	368.212112	
25.2169	398.979321	398.97354	368.217892	368.212112	
25.22699	398.979321	398.97354	368.217892	368.212112	
25.2371	398.979321	398.97354	368.217892	368.212112	
25.24735	398.979321	398.97354	368.217892	368.212112	
25.25745	398.979321	398.97354	368.217892	368.212112	
25.27546	398.979321	398.97354	368.217892	368.212112	
25.28078	398.979321	398.97354	368.217892	368.212112	
25.29016	398.979321	398.97354	368.217892	368.212112	
25.30024	398.979321	398.97354	368.217892	368.212112	
25.31036	398.979321	398.97354	368.217892	368.212112	
25.32059	398.979321	398.97354	368.217892	368.212112	
25.33069	398.979321	398.97354	368.217892	368.212112	
25.34083	398.979321	398.97354	368.217892	368.212112	
25.35099	398.979321	398.97354	368.217892	368.212112	
25.36117	398.979321	398.97354	368.217892	368.212112	
25.37129	398.979321	398.97354	368.217892	368.212112	
25.38144	398.979321	398.97354	368.217892	368.212112	
25.39163	398.979321	398.97354	368.217892	368.212112	
25.40176	398.979321	398.97354	368.217892	368.212112	
25.41194	398.979321	398.97354	368.217892	368.212112	
25.42205	398.979321	398.97354	368.217892	368.212112	
25.43224	398.979321	398.97354	368.217892	368.212112	
25.44241	398.979321	398.97354	368.217892	368.212112	
25.45254	398.979321	398.97354	368.217892	368.212112	
25.46269	398.979321	398.97354	368.217892	368.212112	
25.47289	398.979321	398.97354	368.217892	368.212112	
25.48301	398.979321	398.97354	368.217892	368.212112	
25.49314	398.979321	398.97354	368.217892	368.212112	
25.50341	398.979321	398.97354	368.217892	368.212112	
25.51361	398.979321	398.97354	368.217892	368.212112	
25.5237	398.979321	398.97354	368.217892	368.212112	
25.53398	398.979321	398.97354	368.217892	368.212112	
25.54401	398.979321	398.97354	368.217892	368.212112	
25.55422	398.979321	398.97354	368.217892	368.212112	
25.56431	398.979321	398.97354	368.217892	368.212112	
25.57443	398.979321	398.97354	368.217892	368.212112	
25.58458	398.979321	398.97354	368.217892	368.212112	
25.59478	398.979321	398.97354	368.217892	368.212112	
25.60493	398.979321	398.97354	368.217892	368.212112	
25.61502	398.979321	398.97354	368.217892	368.212112	
25.6252	398.979321	398.97354	368.217892	368.212112	
25.63533	398.979321	398.97354	368.217892	368.212112	
25.64546	398.979321	398.97354	368.217892	368.212112	
25.65565	398.979321	398.97354	368.217892	368.212112	
25.66576	398.979321	398.97354	368.217892	368.212112	
25.6759	398.979321	398.97354	368.217892	368.212112	
25.6861	398.979321	398.97354	368.217892	368.212112	
25.69625	398.979321	398.97354	368.217892	368.212112	
25.70642	398.979321	398.97354	368.217892	368.212112	
25.7165	398.979321	398.97354	368.217892	368.212112	
25.72665	398.979321	398.97354	368.217892	368.212112	
25.73682	398.979321	398.97354	368.217892	368.212112	
25.74694	398.979321	398.97354	368.217892	368.212112	
25.75712	398.979321	398.97354	368.217892	368.212112	
25.76728	398.979321	398.97354	368.217892	368.212112	
25.77737	398.979321	398.97354	368.217892	368.212112	
25.78759	398.979321	398.97354	368.217892	368.212112	
25.79768	398.979321	398.97354	368.217892	368.212112	
25.80785	398.979321	398.97354	368.217892	368.212112	
25.818	398.979321	398.97354	368.217892	368.212112	
25.82818	398.979321	398.97354	368.217892	368.212112	
25.83834	398.979321	398.97354	368.217892	368.212112	
25.85778	398.979321	398.97354	368.217892	368.212112	
25.86234	398.979321	398.97354	368.217892	368.212112	
25.87251	398.979321	398.97354	368.217892	368.212112	
25.88261	398.979321	398.97354	368.217892	368.212112	
25.89278	398.979321	398.97354	368.217892	368.212112	
25.90291	398.979321	398.97354	368.217892	368.212112	
25.91312	398.979321	398.97354	368.217892	368.212112	
25.92323	398.979321	398.97354	368.217892	368.212112	
25.93345	398.979321	398.97354	368.217892	368.212112	
25.94371	398.979321	398.97354	368.217892	368.212112	
25.95381	398.979321	398.97354	368.217892	368.212112	
25.96396	398.979321	398.97354	368.217892	368.212112	
25.9741	398.979321	398.97354	368.217892	368.212112	
25.98426	398.979321	398.97354	368.217892	368.212112	
25.99437	398.979321	398.97354	368.217892	368.212112	
26.00454	398.979321	398.97354	368.217892	368.212112	
26.01475	398.979321	398.97354	368.217892	368.212112	
26.02492	398.979321	398.97354	368.217892	368.212112	
26.03503	398.979321	398.97354	368.217892	368.212112	
26.04515	398.979321	398.97354	368.217892	368.212112	
26.05531	398.979321	398.97354	368.217892	368.212112	
26.06544	398.979321	398.97354	368.217892	368.212112	
26.07556	398.979321	398.97354	368.217892	368.212112	
26.08572	398.979321	398.97354	368.217892	368.212112	
26.09588	398.979321	398.97354	368.217892	368.212112	
26.10609	398.979321	398.97354	368.217892	368.212112	
26.11622	398.979321	398.97354	368.217892	368.212112	
26.12634	398.979321	398.97354	368.217892	368.212112	
26.13679	398.979321	398.97354	368.217892	368.212112	
26.1466	398.979321	398.97354	368.217892	368.212112	
26.15674	398.979321	398.97354	368.217892	368.212112	
26.16687	398.979321	398.97354	368.217892	368.212112	
26.17704	398.979321	398.97354	368.217892	368.212112	
26.18716	398.979321	398.97354	368.217892	368.212112	
26.19732	398.979321	398.97354	368.217892	368.212112	
26.20754	398.979321	398.97354	368.217892	368.212112	
26.21765	398.979321	398.97354	368.217892	368.212112	
26.22773	398.979321	398.97354	368.217892	368.212112	
26.23811	398.979321	398.97354	368.217892	368.212112	
26.24829	398.979321	398.97354	368.217892	368.212112	
26.25848	398.979321	398.97354	368.217892	368.212112	
26.26861	398.979321	398.97354	368.217892	368.212112	
26.27945	398.979321	398.97354	368.217892	368.212112	
26.28896	398.979321	398.97354	368.217892	368.212112	
26.29905	398.979321	398.97354	368.217892	368.212112	
26.30917	398.979321	398.97354	368.217892	368.212112	
26.31939	398.979321	398.97354	368.217892	368.212112	
26.32953	398.979321	398.97354	368.217892	368.212112	
26.33967	398.979321	398.97354	368.217892	368.212112	
26.34984	398.979321	398.97354	368.217892	368.212112	
26.36	398.979321	398.97354	368.217892	368.212112	
26.3702	398.979321	398.97354	368.217892	368.212112	
26.38031	398.979321	398.97354	368.217892	368.212112	
26.39046	398.979321	398.97354	368.217892	368.212112	
26.40063	398.979321	398.97354	368.217892	368.212112	
26.41078	398.979321	398.97354	368.217892	368.212112	
26.42092	398.979321	398.97354	368.217892	368.212112	
26.43104	398.979321	398.97354	368.217892	368.212112	
26.45004	398.979321	398.97354	368.217892	368.212112	
26.45458	398.979321	398.97354	368.217892	368.212112	
26.46478	398.979321	398.97354	368.217892	368.212112	
26.47494	398.979321	398.97354	368.217892	368.212112	
26.48501	398.979321	398.97354	368.217892	368.212112	
26.49515	398.979321	398.97354	368.217892	368.212112	
26.50533	398.979321	398.97354	368.217892	368.212112	
26.51546	398.979321	398.97354	368.217892	368.212112	
26.52561	398.979321	398.97354	368.217892	368.212112	
26.53576	398.979321	398.97354	368.217892	368.212112	
26.54589	398.979321	398.97354	368.217892	368.212112	
26.55624	398.979321	398.97354	368.217892	368.212112	
26.56628	398.979321	398.97354	368.217892	368.212112	
26.57636	398.979321	398.97354	368.217892	368.212112	
26.58649	398.979321	398.97354	368.217892	368.212112	
26.59667	398.979321	398.97354	368.217892	368.212112	
26.60679	398.979321	398.97354	368.217892	368.212112	
26.617	398.979321	398.97354	368.217892	368.212112	
26.62709	398.979321	398.97354	368.217892	368.212112	
26.63723	398.979321	398.97354	368.217892	368.212112	
26.64742	398.979321	398.97354	368.217892	368.212112	
26.6576	398.979321	398.97354	368.217892	368.212112	
26.66769	398.979321	398.97354	368.217892	368.212112	
26.67784	398.979321	398.97354	368.217892	368.212112	
26.68801	398.979321	398.97354	368.217892	368.212112	
26.69821	398.979321	398.97354	368.217892	368.212112	
26.70833	398.979321	398.97354	368.217892	368.212112	
26.71849	398.979321	398.97354	368.217892	368.212112	
26.72862	398.979321	398.97354	368.217892	368.212112	
26.73876	398.979321	398.97354	368.217892	368.212112	
26.74893	398.979321	398.97354	368.217892	368.212112	
26.75911	398.979321	398.97354	368.217892	368.212112	
26.76931	398.979321	398.97354	368.217892	368.212112	
26.7794	398.979321	398.97354	368.217892	368.212112	
26.78956	398.979321	398.97354	368.217892	368.212112	
26.79976	398.979321	398.97354	368.217892	368.212112	
26.80988	398.979321	398.97354	368.217892	368.212112	
26.82003	398.979321	398.97354	368.217892	368.212112	
26.83018	398.979321	398.97354	368.217892	368.212112	
26.84035	398.979321	398.97354	368.217892	368.212112	
26.85978	398.979321	398.97354	368.217892	368.212112	
26.86434	398.979321	398.97354	368.217892	368.212112	
26.87453	398.979321	398.97354	368.217892	368.212112	
26.8847	398.979321	398.97354	368.217892	368.212112	
26.89481	398.979321	398.97354	368.217892	368.212112	
26.90504	398.979321	398.97354	368.217892	368.212112	
26.9151	398.979321	398.97354	368.217892	368.212112	
26.92523	398.979321	398.97354	368.217892	368.212112	
26.93542	398.979321	398.97354	368.217892	368.212112	
26.94553	398.979321	398.97354	368.217892	368.212112	
26.95568	398.979321	398.97354	368.217892	368.212112	
26.96582	398.979321	398.97354	368.217892	368.212112	
26.98802	398.979321	398.97354	368.217892	368.212112	
