15.90573	
15.91333	
15.92345	
15.93359	
15.9441	
15.95388	
15.96396	
15.97412	
15.98422	
15.9944	
16.0046	
16.01469	
16.02483	
16.03511	
16.04516	
16.0554	
16.06554	
16.07579	
16.08597	
16.09611	
16.10622	
16.11649	
16.12655	
16.13672	
16.1469	
16.15705	
16.16717	
16.17734	
16.1875	
16.19765	
16.2078	
16.21796	
16.22833	
16.23827	
16.24836	
16.26836	
16.27285	
16.28294	
16.29306	
16.30317	
16.31329	
16.33176	
16.33615	
16.34633	
16.35654	
16.36664	
16.37679	
16.38702	
16.39711	
16.40721	
16.41739	
16.42754	
16.43771	
16.44794	
16.458	
16.46823	
16.47829	
16.48842	
16.49854	
16.50878	
16.51888	
16.52902	
16.53918	
16.54933	
16.55947	
16.56985	
16.57981	
16.59004	
16.60011	
16.61029	
16.62053	
16.63059	
16.64074	
16.65092	
16.66107	
16.67119	
16.68133	
16.69153	
16.70165	
16.71178	
16.72196	
16.73206	
16.74222	
16.75236	
16.76267	
16.77282	
16.78292	
16.79306	
16.80321	
16.81338	
16.82358	
16.83368	
16.84384	
16.85428	
16.86417	
16.87428	
16.8845	
16.89457	
16.90471	
16.91484	
16.92507	
16.93517	
16.94531	
16.95546	
16.9656	
16.97579	
16.98597	
16.99611	
17.00624	
17.01641	
17.02656	
17.03681	
17.0469	
17.057	
17.0672	
17.07736	
17.08748	
17.09763	
17.10781	
17.11804	
17.12815	
17.1383	
17.14853	
17.15861	
17.16875	
17.17912	
17.18907	
17.19922	
17.20936	
17.21952	
17.22968	
17.23982	
17.25	
17.26014	
17.27027	
17.28061	
17.29058	
17.30078	
17.31086	
17.32104	
17.33122	
17.34133	
17.35149	
17.36163	
17.37175	
17.38196	
17.39204	
17.4022	
17.4124	
17.42249	
17.43263	
17.44276	
17.45293	
17.46304	
17.47322	
17.48337	
17.49371	
17.50387	
17.51396	
17.52411	
17.53425	
17.5444	
17.5545	
17.56471	
17.58381	
17.58824	
17.59837	
17.60849	
17.61862	
17.62888	
17.63895	
17.6491	
17.65929	
17.66939	
17.67958	
17.68972	
17.69988	
17.71011	
17.72016	
17.73031	
17.74055	
17.75061	
17.76076	
17.77091	
17.78135	
17.79148	
17.80138	
17.8115	
17.82168	
17.83177	
17.84199	
17.85217	
17.86228	
17.8724	
17.8828	
17.89271	
17.90282	
17.91298	
17.92319	
17.93327	
17.94345	
17.95362	
17.9637	
17.97398	
17.98396	
17.99413	
18.00426	
18.01463	
18.02461	
18.03474	
18.04488	
18.06299	
18.06783	
18.07757	
18.08769	
18.09785	
18.10797	
18.11822	
18.1283	
18.13846	
18.14869	
18.15877	
18.16892	
18.17912	
18.18923	
18.19938	
18.20951	
18.21964	
18.22985	
18.23997	
18.25011	
18.27038	
18.27477	
18.28499	
18.29511	
18.30519	
18.3154	
18.32556	
18.33571	
18.34586	
18.35602	
18.36624	
18.37637	
18.38652	
18.39677	
18.4068	
18.417	
18.42717	
18.43735	
18.44751	
18.45766	
18.46981	
18.47794	
18.48805	
18.49818	
18.50835	
18.51849	
18.53262	728.929832	728.928035	698.028778	698.026981	
18.54239	728.93152	728.928035	698.030465	698.026981	
18.5525	728.933886	728.928035	698.032832	698.026981	
18.56264	728.936882	728.936762	698.035828	698.026981	
18.57299	728.940587	728.936762	698.039533	698.035708	
18.58293	728.944729	728.936762	698.043675	698.035708	
18.59304	728.949553	728.936762	698.048499	698.035708	
18.60323	728.955052	728.936762	698.053998	698.035708	
18.61336	728.961123	728.945489	698.060069	698.044434	
18.63327	728.976023	728.954215	698.074969	698.044434	
18.63782	728.97934	728.954215	698.078286	698.053161	
18.64802	728.987583	728.962942	698.086529	698.061888	
18.6582	728.996423	728.971669	698.095369	698.061888	
18.66835	729.005858	728.980395	698.104803	698.070614	
18.67845	729.015857	728.989122	698.114802	698.079341	
18.68865	729.026587	728.989122	698.125532	698.079341	
18.6988	729.037872	729.006575	698.136817	698.088068	
18.70901	729.049854	729.015302	698.1488	698.096794	
18.71915	729.062378	729.024029	698.161324	698.105521	
18.72924	729.075438	729.041482	698.174384	698.122974	
18.73952	729.089395	729.050208	698.188341	698.131701	
18.74966	729.103758	729.058935	698.202703	698.157881	
18.75979	729.118741	729.076388	698.217686	698.175334	
18.76993	729.134335	729.085115	698.233281	698.201514	
18.78006	729.150539	729.102568	698.249485	698.218967	
18.79029	729.16755	729.120022	698.266495	698.245147	
18.80037	729.184901	729.137475	698.283846	698.271327	
18.81048	729.202921	729.154928	698.301867	698.28878	
18.82082	729.221985	729.181108	698.32093	698.31496	
18.83084	729.241068	729.198561	698.340014	698.34114	
18.84112	729.261287	729.224741	698.360232	698.358594	
18.85135	729.282029	729.250921	698.380975	698.376047	
18.86139	729.303003	729.285828	698.401948	698.402227	
18.87155	729.324821	729.320735	698.423767	698.41968	
18.88164	729.347137	729.346914	698.446083	698.437133	
18.89185	729.370306	729.381821	698.469251	698.454587	
18.902	729.393973	729.408001	698.492918	698.480767	
18.91218	729.418318	729.442908	698.517263	698.489493	
18.92227	729.443078	729.477814	698.542024	698.515673	
18.93266	729.469213	729.512721	698.568159	698.533127	
18.94327	729.496598	729.547627	698.595543	698.55058	
18.95364	729.524009	729.573807	698.622954	698.585486	
18.96362	729.550937	729.599987	698.649883	698.611666	
18.97383	729.579172	729.634894	698.678118	698.637846	
18.98422	729.608521	729.652347	698.707467	698.672753	
18.99399	729.63666	729.687254	698.735606	698.707659	
19.00417	729.666636	729.704707	698.765582	698.742566	
19.01432	729.697132	729.739614	698.796077	698.777473	
19.02443	729.728147	729.757067	698.827093	698.812379	
19.03462	729.760024	729.783247	698.85897	698.856012	
19.04603	729.796537	729.809427	698.895482	698.890919	
19.0563	729.829993	729.844333	698.928939	698.934552	
19.0663	729.863135	729.861787	698.96208	698.969459	
19.07669	729.89827	729.896693	698.997216	698.995639	
19.0868	729.933033	729.922873	699.031978	699.030545	
19.09696	729.968613	729.949053	699.067558	699.065452	
19.10711	730.004758	729.98396	699.103703	699.091632	
19.11728	730.041624	730.018866	699.14057	699.126538	
19.1274	730.078904	730.053773	699.17785	699.152718	
19.13757	730.116998	730.088679	699.215944	699.187625	
19.14875	730.159659	730.132313	699.258604	699.222532	
19.15883	730.198684	730.167219	699.297629	699.257438	
19.16894	730.238438	730.210852	699.337384	699.292345	
19.17909	730.278978	730.245759	699.377923	699.335978	
19.18923	730.320094	730.298119	699.419039	699.370885	
19.19944	730.362121	730.333025	699.461067	699.414518	
19.20954	730.404313	730.385385	699.503259	699.458151	
19.21972	730.447438	730.429019	699.546384	699.510511	
19.2299	730.491215	730.472652	699.59016	699.562871	
19.23998	730.53512	730.525012	699.634065	699.606504	
19.25139	730.585697	730.577372	699.684643	699.667591	
19.26148	730.630983	730.629731	699.729929	699.71995	
19.27163	730.67719	730.673365	699.776136	699.77231	
19.28174	730.723786	730.725725	699.822732	699.82467	
19.29189	730.771195	730.769358	699.870141	699.87703	
19.30216	730.819792	730.821718	699.918737	699.92939	
19.31222	730.868	730.874078	699.966945	699.973023	
19.32237	730.91727	730.926437	700.016215	700.016656	
19.33261	730.967614	730.978797	700.066559	700.069016	
19.34287	731.018658	731.022431	700.117603	700.112649	
19.35391	731.074382	731.07479	700.173328	700.165009	
19.37253	731.170862	731.12715	700.269807	700.208643	
19.37712	731.194525	731.188237	700.293471	700.269729	
19.38728	731.247796	731.240597	700.346741	700.322089	
19.39741	731.30154	731.292957	700.400486	700.365722	
19.40759	731.356168	731.345316	700.455114	700.418082	
19.41772	731.411098	731.397676	700.510044	700.470442	
19.4279	731.466966	731.450036	700.565912	700.531529	
19.43804	731.523237	731.502396	700.622182	700.583888	
19.4482	731.580204	731.554756	700.67915	700.644975	
19.4584	731.638056	731.607116	700.737002	700.706061	
19.46928	731.701459	731.659476	700.800405	700.767148	
19.47877	731.75543	731.720562	700.854376	700.828234	
19.48889	731.814624	731.781649	700.91357	700.889321	
19.49905	731.874756	731.842735	700.973702	700.959134	
19.50924	731.935618	731.903822	701.034564	701.020221	
19.51938	731.996833	731.964908	701.095778	701.081307	
19.52953	732.058708	732.025995	701.157653	701.142394	
19.53966	732.121076	732.095808	701.220022	701.212207	
19.54985	732.184432	732.165621	701.283378	701.273293	
19.55999	732.248124	732.235434	701.34707	701.343107	
19.57023	732.313257	732.305248	701.412202	701.404193	
19.5804	732.378198	732.375061	701.477143	701.46528	
19.59049	732.443382	732.444874	701.542328	701.535093	
19.60059	732.50929	732.514687	701.608236	701.596179	
19.61082	732.576585	732.575774	701.67553	701.665993	
19.62104	732.644553	732.645587	701.743499	701.727079	
19.6311	732.712021	732.7154	701.810966	701.796892	
19.64125	732.780672	732.785213	701.879617	701.866705	
19.65148	732.850611	732.855026	701.949557	701.936519	
19.66218	732.924324	732.924839	702.02327	702.006332	
19.67226	732.994444	732.994653	702.09339	702.076145	
19.68235	733.065182	733.064466	702.164127	702.145958	
19.69252	733.137096	733.134279	702.236041	702.215771	
19.70288	733.211061	733.204092	702.310006	702.285584	
19.71277	733.282179	733.273905	702.381124	702.355398	
19.72291	733.355808	733.343718	702.454754	702.425211	
19.73312	733.430492	733.413532	702.529437	702.495024	
19.74324	733.505203	733.483345	702.604148	702.573564	
19.75336	733.580499	733.561885	702.679444	702.652104	
19.76478	733.666301	733.640424	702.765247	702.73937	
19.77485	733.742507	733.718964	702.841453	702.809183	
19.78503	733.820124	733.788777	702.91907	702.887723	
19.79516	733.898035	733.867317	702.996981	702.974989	
19.80556	733.97872	733.945857	703.077666	703.053529	
19.81567	734.057642	734.033124	703.156588	703.132069	
19.82583	734.137679	734.12039	703.236625	703.210609	
19.83599	734.218287	734.19893	703.317233	703.297875	
19.84614	734.29949	734.286196	703.398436	703.376415	
19.8563	734.381312	734.373463	703.480257	703.463682	
19.86746	734.472086	734.469456	703.571032	703.550948	
19.8858	734.623538	734.626535	703.722483	703.699301	
19.8904	734.661416	734.670169	703.760362	703.742934	
19.90055	734.745901	734.757435	703.844846	703.821474	
19.91065	734.830554	734.853428	703.9295	703.908741	
19.92132	734.920679	734.949421	704.019625	703.996007	
19.93149	735.007253	735.036688	704.106199	704.083274	
19.94161	735.093963	735.132681	704.192909	704.17054	
19.95175	735.181532	735.219947	704.280478	704.257806	
19.96182	735.269042	735.307214	704.367988	704.345073	
19.9723	735.360814	735.403207	704.45976	704.432339	
19.98236	735.449379	735.490473	704.548325	704.519606	
19.99243	735.538792	735.586467	704.637738	704.615599	
20.00257	735.629392	735.673733	704.728338	704.702865	
20.01287	735.722027	735.760999	704.820972	704.798859	
20.02287	735.812562	735.848266	704.911508	704.886125	
20.03303	735.905198	735.935532	705.004143	704.982118	
20.04314	735.998008	736.022799	705.096953	705.078111	
20.05329	736.091758	736.118792	705.190703	705.174104	
20.07223	736.269476	736.206058	705.368422	705.261371	
20.07694	736.313575	736.319505	705.412521	705.39227	
20.08703	736.408821	736.415498	705.507767	705.488264	
20.09716	736.505051	736.511491	705.603997	705.592983	
20.10732	736.602187	736.616211	705.701132	705.688976	
20.11748	736.700019	736.703477	705.798965	705.793696	
20.12762	736.798246	736.808197	705.897192	705.889689	
20.13777	736.897179	736.90419	705.996125	705.985682	
20.14795	736.996938	737.00891	706.095884	706.090402	
20.15808	737.09692	737.104903	706.195865	706.186395	
20.16824	737.197778	737.209623	706.296723	706.282388	
20.17844	737.299769	737.305616	706.398715	706.378382	
20.18861	737.401949	737.401609	706.500895	706.474375	
20.19872	737.504179	737.506329	706.603124	706.579094	
20.20903	737.609074	737.602322	706.70802	706.675087	
20.21907	737.71184	737.698315	706.810785	706.771081	
20.22923	737.816384	737.803035	706.91533	706.8758	
20.23936	737.921317	737.899028	707.020263	706.971793	
20.24948	738.026678	738.003748	707.125623	707.076513	
20.26911	738.234096	738.20446	707.333041	707.277226	
20.28416	738.394312	738.248094	707.493258	707.329586	
20.28882	738.443716	738.405173	707.542661	707.495392	
20.29896	738.552358	738.509893	707.651304	707.608839	
20.3091	738.66165	738.623339	707.760596	707.731012	
20.31925	738.771571	738.736786	707.870516	707.853185	
20.32941	738.882329	738.850232	707.981274	707.975358	
20.33963	738.992389	738.972405	708.091335	708.097531	
20.34973	739.100721	739.085852	708.199667	708.219704	
20.35986	739.208685	739.199298	708.307631	708.33315	
20.36999	739.315941	739.321471	708.414887	708.446597	
20.3806	739.427776	739.443644	708.526722	708.56877	
20.39079	739.534495	739.565817	708.633441	708.673489	
20.40094	739.640738	739.679264	708.739684	708.778209	
20.4111	739.745395	739.79271	708.844341	708.882929	
20.42147	739.852239	739.914883	708.951184	708.978922	
20.43142	739.954026	740.028329	709.052971	709.066189	
20.44153	740.056907	740.141776	709.155853	709.162182	
20.45173	740.160091	740.246496	709.259037	709.249448	
20.46185	740.261937	740.359942	709.360882	709.336715	
20.47217	740.366855	740.464662	709.465801	709.432708	
20.4832	740.474649	740.578108	709.573595	709.537427	
20.49338	740.575132	740.674101	709.674078	709.624694	
20.51134	740.750121	740.770094	709.849067	709.720687	
20.51589	740.794486	740.883541	709.893432	709.84286	
20.5261	740.893314	740.979534	709.99226	709.94758	
20.53623	740.990769	741.0668	710.089714	710.061026	
20.54642	741.088227	741.154067	710.187173	710.165746	
20.55651	741.184153	741.241333	710.283099	710.279192	
20.56665	741.279903	741.3286	710.378848	710.383912	
20.57702	741.377186	741.415866	710.476132	710.488632	
20.58704	741.470571	741.503133	710.569517	710.593352	
20.59725	741.565147	741.590399	710.664093	710.689345	
20.60739	741.65841	741.677666	710.757356	710.785338	
20.61749	741.750791	741.756205	710.849736	710.881331	
20.6277	741.843634	741.843472	710.94258	710.977324	
20.63788	741.935418	741.930738	711.034364	711.055864	
20.64801	742.026241	742.018005	711.125187	711.14313	
20.65817	742.11678	742.105271	711.215725	711.22167	
20.66831	742.206424	742.192538	711.305369	711.30021	
20.67852	742.296214	742.279804	711.39516	711.387476	
20.68891	742.386852	742.367071	711.485797	711.466016	
20.699	742.474267	742.463064	711.573213	711.535829	
20.70919	742.561973	742.55033	711.660918	711.623096	
20.71928	742.648224	742.637597	711.747169	711.710362	
20.72942	742.73434	742.724863	711.833286	711.788902	
20.73962	742.820296	742.81213	711.919242	711.876169	
20.74976	742.90513	742.899396	712.004075	711.963435	
20.75988	742.989222	742.986663	712.088167	712.059428	
20.77005	743.073139	743.073929	712.172084	712.155421	
20.78019	743.156207	743.161195	712.255152	712.242688	
20.79154	743.2484	743.265915	712.347346	712.347408	
20.8017	743.330383	743.353182	712.429329	712.443401	
20.81179	743.411113	743.431722	712.510059	712.530667	
20.82195	743.491868	743.510261	712.590814	712.617934	
20.83231	743.573579	743.597528	712.672524	712.7052	
20.84232	743.651914	743.676068	712.75086	712.78374	
20.8524	743.73024	743.754607	712.829186	712.86228	
20.86256	743.808581	743.824421	712.907526	712.94082	
20.87271	743.886242	743.894234	712.985188	713.010633	
20.88291	743.96363	743.972774	713.062576	713.080446	
20.89416	744.048296	744.051313	713.147242	713.158986	
20.90433	744.124177	744.121127	713.223123	713.220072	
20.91448	744.199315	744.19094	713.29826	713.281159	
20.92457	744.273466	744.260753	713.372412	713.350972	
20.93476	744.347778	744.330566	713.446724	713.420785	
20.94497	744.421539	744.400379	713.520485	713.490598	
20.95511	744.494196	744.470192	713.593142	713.560411	
20.96523	744.566134	744.540006	713.66508	713.630225	
20.97534	744.637376	744.609819	713.736322	713.700038	
20.98562	744.709278	744.670905	713.808223	713.769851	
20.99698	744.787904	744.749445	713.886849	713.857117	
21.00706	744.857096	744.819258	713.956041	713.935657	
21.01722	744.926185	744.889071	714.025131	714.014197	
21.02738	744.994733	744.958885	714.093679	714.08401	
21.03751	745.062513	745.028698	714.161459	714.171277	
21.04769	745.129936	745.098511	714.228882	714.249816	
21.05794	745.197306	745.168324	714.296251	714.31963	
21.06806	745.26315	745.238137	714.362096	714.389443	
21.07823	745.328728	745.30795	714.427674	714.459256	
21.08831	745.393168	745.377764	714.492114	714.529069	
21.09959	745.464502	745.447577	714.563447	714.598882	
21.10971	745.527871	745.51739	714.626817	714.659969	
21.11982	745.590656	745.587203	714.689602	714.712329	
21.12999	745.653161	745.657016	714.752106	714.773415	
21.14009	745.714673	745.726829	714.813619	714.825775	
21.15034	745.77647	745.779189	714.875416	714.878135	
21.16043	745.836679	745.849003	714.935624	714.930495	
21.17058	745.896709	745.910089	714.995655	714.982855	
21.18072	745.956012	745.971176	715.054958	715.035215	
21.19082	746.014558	746.023535	715.113504	715.096301	
21.65312	746.841014	748.048117	715.93996	717.243056	
21.66314	746.872048	748.065571	715.970994	717.251783	
21.67347	746.9038	748.065571	716.002745	717.260509	
21.68367	746.934912	748.048117	716.033858	717.234329	
21.69374	746.965373	748.004484	716.064318	717.190696	
21.7043	746.997063	747.943398	716.096009	717.138336	
21.71536	747.029927	747.873584	716.128872	717.05107	
21.7256	747.060163	747.786318	716.159108	716.981257	
21.73578	747.089932	747.699052	716.188878	716.89399	
21.74604	747.11972	747.603058	716.218665	716.806724	
21.75624	747.149064	747.507065	716.248009	716.710731	
21.77452	747.200728	747.332532	716.299674	716.527471	
21.77911	747.213725	747.280173	716.31267	716.475111	
21.78931	747.24231	747.192906	716.341256	716.361665	
21.79939	747.270282	747.10564	716.369227	716.256945	
21.80954	747.298246	747.035826	716.397192	716.169679	
21.82009	747.327037	746.983467	716.425983	716.099865	
21.8301	747.354116	746.94856	716.453062	716.064959	
21.84826	747.402294	746.931107	716.50124	716.091139	
21.85366	747.416621	746.931107	716.515567	716.108592	
21.86428	747.444518	746.957287	716.543463	716.178405	
21.87407	747.469994	746.992193	716.56894	716.256945	
21.88424	747.496203	747.05328	716.595149	716.352938	
21.89438	747.522104	747.114366	716.62105	716.457658	
21.90447	747.547653	747.192906	716.646598	716.562378	
21.91704	747.579068	747.280173	716.678014	716.684551	
21.92495	747.598727	747.384892	716.697673	716.797997	
21.93506	747.623572	747.489612	716.722518	716.89399	
21.94514	747.64814	747.594332	716.747085	716.981257	
21.95527	747.672569	747.707778	716.771515	717.05107	
21.96562	747.697297	747.821225	716.796243	717.085976	
21.97578	747.721306	747.925944	716.820252	717.094703	
21.98595	747.745102	748.021937	716.844048	717.085976	
21.99614	747.768699	748.109204	716.867645	717.042343	
22.00624	747.791858	748.187744	716.890803	716.989983	
22.01641	747.814934	748.257557	716.913879	716.928897	
22.02708	747.838877	748.30119	716.937822	716.876537	
22.0368	747.860472	748.336097	716.959417	716.832904	
22.04691	747.88269	748.35355	716.981635	716.797997	
22.05716	747.904967	748.362277	717.003912	716.789271	
22.06724	747.926649	748.344823	717.025595	716.797997	
22.07755	747.948576	748.32737	717.047521	716.832904	
22.09559	747.986004	748.30119	717.08495	716.876537	
22.10016	747.995499	748.266284	717.094445	716.963803	
22.11029	748.016269	748.231377	717.115215	717.042343	
22.12247	748.040883	748.187744	717.139828	717.120883	
22.13068	748.057329	748.152837	717.156275	717.20815	
22.14081	748.077376	748.100477	717.176322	717.286689	
22.15101	748.097319	748.056844	717.196265	717.356503	
22.16137	748.117455	748.013211	717.216401	717.400136	
22.17127	748.136213	747.969578	717.235159	717.435042	
22.18143	748.155352	747.925944	717.254297	717.452496	
22.19156	748.17421	747.891038	717.273155	717.443769	
22.20167	748.192777	747.873584	717.291722	717.426316	
22.21181	748.211165	747.856131	717.310111	717.391409	
22.22196	748.229332	747.856131	717.328278	717.356503	
22.23221	748.247434	747.873584	717.34638	717.312869	
22.24236	748.265122	747.891038	717.364068	717.269236	
22.25393	748.285392	747.934671	717.384337	717.243056	
22.26294	748.300239	747.978304	717.399185	717.225603	
22.27309	748.3172	748.030664	717.416146	717.234329	
22.28323	748.333911	748.091751	717.432856	717.260509	
22.29348	748.350555	748.152837	717.4495	717.295416	
22.30364	748.366818	748.22265	717.465763	717.347776	
22.31369	748.382661	748.292464	717.481607	717.400136	
22.32412	748.398862	748.35355	717.497807	717.469949	
22.33403	748.414044	748.423363	717.51299	717.539762	
22.34416	748.429302	748.48445	717.528247	717.609575	
22.3543	748.44434	748.554263	717.543286	717.661935	
22.36443	748.459122	748.606623	717.558068	717.705568	
22.3747	748.47388	748.667709	717.572825	717.731748	
22.38478	748.48812	748.720069	717.587066	717.749202	
22.39496	748.502261	748.763702	717.601207	717.749202	
22.40521	748.516258	748.798609	717.615203	717.731748	
22.41524	748.529727	748.816062	717.628673	717.714295	
22.4256	748.543387	748.842242	717.642333	717.679388	
22.4361	748.556982	748.850969	717.655927	717.644482	
22.44598	748.56955	748.850969	717.668496	717.609575	
22.45615	748.582249	748.850969	717.681195	717.592122	
22.46628	748.594662	748.833516	717.693607	717.574669	
22.47687	748.607726	748.816062	717.706672	717.574669	
22.48666	748.618924	748.789882	717.717869	717.592122	
22.49675	748.630581	748.754976	717.729526	717.609575	
22.50715	748.642351	748.720069	717.741297	717.644482	
22.51711	748.653391	748.693889	717.752337	717.688115	
22.52722	748.664372	748.658983	717.763318	717.731748	
22.53745	748.675253	748.624076	717.774199	717.784108	
22.54755	748.685746	748.589169	717.784692	717.827741	
22.5577	748.696062	748.56299	717.795008	717.871375	
22.56787	748.70616	748.53681	717.805105	717.906281	
22.57818	748.716157	748.519356	717.815103	717.923735	
22.58824	748.725679	748.501903	717.824625	717.941188	
22.59834	748.735016	748.501903	717.833962	717.941188	
22.60871	748.744355	748.493176	717.843301	717.923735	
22.61868	748.753108	748.501903	717.852053	717.915008	
22.62883	748.761782	748.51063	717.860727	717.888828	
22.6399	748.770965	748.528083	717.869911	717.862648	
22.65	748.779117	748.554263	717.878062	717.845195	
22.66016	748.787083	748.589169	717.886028	717.819015	
22.6703	748.794812	748.624076	717.893758	717.810288	
22.68042	748.802288	748.667709	717.901234	717.801561	
22.69909	748.815131	748.746249	717.914077	717.819015	
22.70372	748.818336	748.772429	717.917282	717.819015	
22.7139	748.8251	748.816062	717.924046	717.845195	
22.72401	748.831588	748.868422	717.930534	717.880101	
22.74356	748.843098	748.912055	717.942043	717.906281	
22.74816	748.845826	748.973142	717.944772	717.958641	
22.75833	748.85159	749.008048	717.950535	717.993548	
22.76849	748.857118	749.042955	717.956064	718.019728	
22.77864	748.862421	749.069135	717.961366	718.037181	
22.78882	748.867513	749.095315	717.966459	718.054634	
22.79893	748.872353	749.104042	717.971299	718.063361	
22.80906	748.876981	749.112768	717.975926	718.063361	
22.81935	748.881457	749.112768	717.980403	718.063361	
22.82941	748.885612	749.112768	717.984558	718.045908	
22.84229	748.890551	749.095315	717.989496	718.028454	
22.84981	748.893355	749.086588	717.9923	718.011001	
22.85993	748.896891	749.060408	717.995836	717.984821	
22.87006	748.900217	749.034228	717.999162	717.958641	
22.88018	748.903329	748.999322	718.002274	717.949914	
22.89053	748.906291	748.964415	718.005236	717.949914	
22.90055	748.908959	748.938235	718.007904	717.949914	
22.91074	748.911465	748.903329	718.01041	717.949914	
22.9209	748.91376	748.868422	718.012705	717.958641	
22.93131	748.915916	748.833516	718.014862	717.976094	
22.94366	748.918125	748.807336	718.017071	717.993548	
22.95144	748.919449	748.772429	718.018395	718.002274	
22.96149	748.920956	748.754976	718.019901	718.028454	
22.97159	748.922289	748.737522	718.021234	718.045908	
22.98178	748.923457	748.728796	718.022402	718.054634	
22.99189	748.928035	748.711343	718.026981	718.063361	
23.00207	748.928035	748.711343	718.026981	718.063361	
23.01225	748.928035	748.711343	718.026981	718.054634	
23.02239	748.928035	748.728796	718.026981	718.054634	
23.03252	748.928035	748.746249	718.026981	718.045908	
23.04285	748.928035	748.763702	718.026981	718.037181	
23.05318	748.928035	748.781156	718.026981	718.028454	
23.063	748.928035	748.816062	718.026981	718.028454	
23.07357	748.928035	748.850969	718.026981	718.019728	
23.08371	748.928035	748.885875	718.026981	718.011001	
23.09413	748.928035	748.920782	718.026981	718.011001	
23.10397	748.928035	748.955689	718.026981	718.002274	
23.1141	748.928035	748.981869	718.026981	718.002274	
23.12428	748.928035	749.008048	718.026981	718.002274	
23.13442	748.928035	749.034228	718.026981	718.002274	
23.14458	748.928035	749.051682	718.026981	718.002274	
23.15505	748.928035	749.060408	718.026981	718.011001	
23.16497	748.928035	749.069135	718.026981	718.019728	
23.17513	748.928035	749.069135	718.026981	718.019728	
23.18519	748.928035	749.060408	718.026981	718.028454	
23.19563	748.928035	749.060408	718.026981	718.028454	
23.20579	748.928035	749.042955	718.026981	718.037181	
23.21595	748.928035	749.025502	718.026981	718.037181	
23.22615	748.928035	748.999322	718.026981	718.045908	
23.23628	748.928035	748.973142	718.026981	718.045908	
23.24646	748.928035	748.946962	718.026981	718.045908	
23.25661	748.928035	748.920782	718.026981	718.045908	
23.26679	748.928035	748.885875	718.026981	718.045908	
23.27695	748.928035	748.868422	718.026981	718.037181	
23.28708	748.928035	748.850969	718.026981	718.037181	
23.29725	748.928035	748.833516	718.026981	718.037181	
23.30738	748.928035	748.816062	718.026981	718.037181	
23.31759	748.928035	748.816062	718.026981	718.037181	
23.32778	748.928035	748.816062	718.026981	718.028454	
23.33788	748.928035	748.816062	718.026981	718.028454	
23.34809	748.928035	748.824789	718.026981	718.037181	
23.3582	748.928035	748.833516	718.026981	718.037181	
23.36834	748.928035	748.850969	718.026981	718.037181	
23.37851	748.928035	748.868422	718.026981	718.037181	
23.38867	748.928035	748.885875	718.026981	718.037181	
23.39885	748.928035	748.903329	718.026981	718.037181	
23.40901	748.928035	748.929509	718.026981	718.037181	
23.41916	748.928035	748.955689	718.026981	718.037181	
23.42936	748.928035	748.973142	718.026981	718.037181	
23.43946	748.928035	748.990595	718.026981	718.037181	
23.44964	748.928035	749.008048	718.026981	718.037181	
23.45985	748.928035	749.016775	718.026981	718.037181	
23.46996	748.928035	749.025502	718.026981	718.037181	
23.48215	748.928035	749.025502	718.026981	718.037181	
23.49023	748.928035	749.025502	718.026981	718.037181	
23.50035	748.928035	749.016775	718.026981	718.037181	
23.5105	748.928035	749.008048	718.026981	718.037181	
23.52067	748.928035	748.999322	718.026981	718.037181	
23.53081	748.928035	748.990595	718.026981	718.037181	
23.54102	748.928035	748.973142	718.026981	718.037181	
23.55114	748.928035	748.955689	718.026981	718.037181	
23.56123	748.928035	748.938235	718.026981	718.037181	
23.57144	748.928035	748.920782	718.026981	718.037181	
23.58165	748.928035	748.903329	718.026981	718.037181	
23.59172	748.928035	748.885875	718.026981	718.037181	
23.60181	748.928035	748.868422	718.026981	718.037181	
23.61202	748.928035	748.859696	718.026981	718.037181	
23.62218	748.928035	748.850969	718.026981	718.037181	
23.63228	748.928035	748.850969	718.026981	718.037181	
23.64243	748.928035	748.850969	718.026981	718.037181	
23.65258	748.928035	748.850969	718.026981	718.037181	
23.67063	748.928035	748.868422	718.026981	718.037181	
23.67525	748.928035	748.868422	718.026981	718.037181	
23.68568	748.928035	748.877149	718.026981	718.037181	
23.69559	748.928035	748.885875	718.026981	718.037181	
23.70575	748.928035	748.903329	718.026981	718.037181	
23.71594	748.928035	748.920782	718.026981	718.037181	
23.7261	748.928035	748.929509	718.026981	718.037181	
23.73622	748.928035	748.946962	718.026981	718.037181	
23.74639	748.928035	748.955689	718.026981	718.037181	
23.75655	748.928035	748.973142	718.026981	718.037181	
23.76682	748.928035	748.973142	718.026981	718.037181	
23.77691	748.928035	748.981869	718.026981	718.037181	
23.78708	748.928035	748.981869	718.026981	718.037181	
23.79732	748.928035	748.981869	718.026981	718.037181	
23.80736	748.928035	748.981869	718.026981	718.037181	
23.81753	748.928035	748.973142	718.026981	718.037181	
23.8277	748.928035	748.973142	718.026981	718.037181	
23.83786	748.928035	748.964415	718.026981	718.037181	
23.84801	748.928035	748.955689	718.026981	718.037181	
23.8582	748.928035	748.946962	718.026981	718.037181	
23.86844	748.928035	748.938235	718.026981	718.037181	
23.87859	748.928035	748.929509	718.026981	718.037181	
23.88873	748.928035	748.920782	718.026981	718.037181	
23.8989	748.928035	748.912055	718.026981	718.037181	
23.90906	748.928035	748.903329	718.026981	718.037181	
23.91919	748.928035	748.903329	718.026981	718.037181	
23.92934	748.928035	748.903329	718.026981	718.037181	
23.9395	748.928035	748.903329	718.026981	718.037181	
23.94969	748.928035	748.903329	718.026981	718.037181	
23.95982	748.928035	748.903329	718.026981	718.037181	
23.96996	748.928035	748.912055	718.026981	718.037181	
23.98017	748.928035	748.920782	718.026981	718.037181	
23.99029	748.928035	748.920782	718.026981	718.037181	
24.00059	748.928035	748.920782	718.026981	718.037181	
24.01066	748.928035	748.920782	718.026981	718.037181	
24.02076	748.928035	748.929509	718.026981	718.037181	
24.03092	748.928035	748.929509	718.026981	718.037181	
24.04109	748.928035	748.938235	718.026981	718.037181	
24.05122	748.928035	748.938235	718.026981	718.037181	
24.06151	748.928035	748.938235	718.026981	718.037181	
24.07166	748.928035	748.938235	718.026981	718.037181	
24.08182	748.928035	748.938235	718.026981	718.037181	
24.09195	748.928035	748.938235	718.026981	718.037181	
24.10207	748.928035	748.938235	718.026981	718.037181	
24.11223	748.928035	748.938235	718.026981	718.037181	
24.12237	748.928035	748.938235	718.026981	718.037181	
24.13251	748.928035	748.938235	718.026981	718.037181	
24.14266	748.928035	748.938235	718.026981	718.037181	
24.1528	748.928035	748.938235	718.026981	718.037181	
24.16295	748.928035	748.938235	718.026981	718.037181	
24.17314	748.928035	748.938235	718.026981	718.037181	
24.18327	748.928035	748.938235	718.026981	718.037181	
24.19345	748.928035	748.938235	718.026981	718.037181	
24.20361	748.928035	748.938235	718.026981	718.037181	
24.21375	748.928035	748.938235	718.026981	718.037181	
24.22385	748.928035	748.938235	718.026981	718.037181	
24.23396	748.928035	748.938235	718.026981	718.037181	
24.24435	748.928035	748.938235	718.026981	718.037181	
24.26546	748.928035	748.938235	718.026981	718.037181	
24.27005	748.928035	748.938235	718.026981	718.037181	
24.28022	748.928035	748.938235	718.026981	718.037181	
24.29034	748.928035	748.938235	718.026981	718.037181	
24.30057	748.928035	748.938235	718.026981	718.037181	
24.31068	748.928035	748.938235	718.026981	718.037181	
24.32084	748.928035	748.938235	718.026981	718.037181	
24.33103	748.928035	748.938235	718.026981	718.037181	
24.3412	748.928035	748.938235	718.026981	718.037181	
24.35126	748.928035	748.938235	718.026981	718.037181	
24.36147	748.928035	748.938235	718.026981	718.037181	
24.3716	748.928035	748.938235	718.026981	718.037181	
24.38176	748.928035	748.938235	718.026981	718.037181	
24.39194	748.928035	748.938235	718.026981	718.037181	
24.40217	748.928035	748.938235	718.026981	718.037181	
24.41227	748.928035	748.938235	718.026981	718.037181	
24.42233	748.928035	748.938235	718.026981	718.037181	
24.43274	748.928035	748.938235	718.026981	718.037181	
24.44261	748.928035	748.938235	718.026981	718.037181	
24.45277	748.928035	748.938235	718.026981	718.037181	
24.46297	748.928035	748.938235	718.026981	718.037181	
24.47305	748.928035	748.938235	718.026981	718.037181	
24.48473	748.928035	748.938235	718.026981	718.037181	
24.49349	748.928035	748.938235	718.026981	718.037181	
24.51134	748.928035	748.938235	718.026981	718.037181	
24.51597	748.928035	748.938235	718.026981	718.037181	
24.52604	748.928035	748.938235	718.026981	718.037181	
24.53622	748.928035	748.938235	718.026981	718.037181	
24.54638	748.928035	748.938235	718.026981	718.037181	
24.55655	748.928035	748.938235	718.026981	718.037181	
24.56679	748.928035	748.938235	718.026981	718.037181	
24.57685	748.928035	748.938235	718.026981	718.037181	
24.58708	748.928035	748.938235	718.026981	718.037181	
24.59723	748.928035	748.938235	718.026981	718.037181	
24.60737	748.928035	748.938235	718.026981	718.037181	
24.6175	748.928035	748.938235	718.026981	718.037181	
24.62769	748.928035	748.938235	718.026981	718.037181	
24.63786	748.928035	748.938235	718.026981	718.037181	
24.648	748.928035	748.938235	718.026981	718.037181	
24.65815	748.928035	748.938235	718.026981	718.037181	
24.66832	748.928035	748.938235	718.026981	718.037181	
24.67848	748.928035	748.938235	718.026981	718.037181	
24.68864	748.928035	748.938235	718.026981	718.037181	
24.70692	748.928035	748.938235	718.026981	718.037181	
24.71154	748.928035	748.938235	718.026981	718.037181	
24.72167	748.928035	748.938235	718.026981	718.037181	
24.73182	748.928035	748.938235	718.026981	718.037181	
24.74195	748.928035	748.938235	718.026981	718.037181	
24.75215	748.928035	748.938235	718.026981	718.037181	
24.76227	748.928035	748.938235	718.026981	718.037181	
24.77241	748.928035	748.938235	718.026981	718.037181	
24.7826	748.928035	748.938235	718.026981	718.037181	
24.79271	748.928035	748.938235	718.026981	718.037181	
24.80288	748.928035	748.938235	718.026981	718.037181	
24.813	748.928035	748.938235	718.026981	718.037181	
24.82314	748.928035	748.938235	718.026981	718.037181	
24.83331	748.928035	748.938235	718.026981	718.037181	
24.84349	748.928035	748.938235	718.026981	718.037181	
24.85367	748.928035	748.938235	718.026981	718.037181	
24.86376	748.928035	748.938235	718.026981	718.037181	
24.87389	748.928035	748.938235	718.026981	718.037181	
24.88406	748.928035	748.938235	718.026981	718.037181	
24.89417	748.928035	748.938235	718.026981	718.037181	
24.90431	748.928035	748.938235	718.026981	718.037181	
24.91448	748.928035	748.938235	718.026981	718.037181	
24.92466	748.928035	748.938235	718.026981	718.037181	
24.94269	748.928035	748.938235	718.026981	718.037181	
24.94726	748.928035	748.938235	718.026981	718.037181	
24.95749	748.928035	748.938235	718.026981	718.037181	
24.96755	748.928035	748.938235	718.026981	718.037181	
24.97774	748.928035	748.938235	718.026981	718.037181	
24.98793	748.928035	748.938235	718.026981	718.037181	
24.99806	748.928035	748.938235	718.026981	718.037181	
25.0082	748.928035	748.938235	718.026981	718.037181	
25.0184	748.928035	748.938235	718.026981	718.037181	
25.02855	748.928035	748.938235	718.026981	718.037181	
25.03872	748.928035	748.938235	718.026981	718.037181	
25.04883	748.928035	748.938235	718.026981	718.037181	
25.05911	748.928035	748.938235	718.026981	718.037181	
25.06916	748.928035	748.938235	718.026981	718.037181	
25.07929	748.928035	748.938235	718.026981	718.037181	
25.08948	748.928035	748.938235	718.026981	718.037181	
25.09959	748.928035	748.938235	718.026981	718.037181	
25.10983	748.928035	748.938235	718.026981	718.037181	
25.12001	748.928035	748.938235	718.026981	718.037181	
25.13012	748.928035	748.938235	718.026981	718.037181	
25.14031	748.928035	748.938235	718.026981	718.037181	
25.15043	748.928035	748.938235	718.026981	718.037181	
25.16059	748.928035	748.938235	718.026981	718.037181	
25.17073	748.928035	748.938235	718.026981	718.037181	
25.1809	748.928035	748.938235	718.026981	718.037181	
25.19107	748.928035	748.938235	718.026981	718.037181	
25.20123	748.928035	748.938235	718.026981	718.037181	
25.21138	748.928035	748.938235	718.026981	718.037181	
25.22157	748.928035	748.938235	718.026981	718.037181	
25.23169	748.928035	748.938235	718.026981	718.037181	
25.24182	748.928035	748.938235	718.026981	718.037181	
25.25199	748.928035	748.938235	718.026981	718.037181	
25.26231	748.928035	748.938235	718.026981	718.037181	
25.27228	748.928035	748.938235	718.026981	718.037181	
25.28244	748.928035	748.938235	718.026981	718.037181	
25.29256	748.928035	748.938235	718.026981	718.037181	
25.30269	748.928035	748.938235	718.026981	718.037181	
25.31282	748.928035	748.938235	718.026981	718.037181	
25.32319	748.928035	748.938235	718.026981	718.037181	
25.33316	748.928035	748.938235	718.026981	718.037181	
25.34328	748.928035	748.938235	718.026981	718.037181	
25.35349	748.928035	748.938235	718.026981	718.037181	
25.36364	748.928035	748.938235	718.026981	718.037181	
25.37379	748.928035	748.938235	718.026981	718.037181	
25.38389	748.928035	748.938235	718.026981	718.037181	
25.39402	748.928035	748.938235	718.026981	718.037181	
25.40421	748.928035	748.938235	718.026981	718.037181	
25.41432	748.928035	748.938235	718.026981	718.037181	
25.42446	748.928035	748.938235	718.026981	718.037181	
25.43463	748.928035	748.938235	718.026981	718.037181	
25.44479	748.928035	748.938235	718.026981	718.037181	
25.4629	748.928035	748.938235	718.026981	718.037181	
25.46746	748.928035	748.938235	718.026981	718.037181	
25.47769	748.928035	748.938235	718.026981	718.037181	
25.49763	748.928035	748.938235	718.026981	718.037181	
25.50224	748.928035	748.938235	718.026981	718.037181	
25.5124	748.928035	748.938235	718.026981	718.037181	
25.52249	748.928035	748.938235	718.026981	718.037181	
25.53273	748.928035	748.938235	718.026981	718.037181	
25.54294	748.928035	748.938235	718.026981	718.037181	
25.55299	748.928035	748.938235	718.026981	718.037181	
25.56315	748.928035	748.938235	718.026981	718.037181	
25.57334	748.928035	748.938235	718.026981	718.037181	
25.58412	748.928035	748.938235	718.026981	718.037181	
25.59366	748.928035	748.938235	718.026981	718.037181	
25.60373	748.928035	748.938235	718.026981	718.037181	
25.61391	748.928035	748.938235	718.026981	718.037181	
25.62398	748.928035	748.938235	718.026981	718.037181	
25.63436	748.928035	748.938235	718.026981	718.037181	
25.64435	748.928035	748.938235	718.026981	718.037181	
25.65447	748.928035	748.938235	718.026981	718.037181	
25.6646	748.928035	748.938235	718.026981	718.037181	
25.67473	748.928035	748.938235	718.026981	718.037181	
25.68491	748.928035	748.938235	718.026981	718.037181	
25.69526	748.928035	748.938235	718.026981	718.037181	
25.70541	748.928035	748.938235	718.026981	718.037181	
25.71556	748.928035	748.938235	718.026981	718.037181	
25.72578	748.928035	748.938235	718.026981	718.037181	
25.73588	748.928035	748.938235	718.026981	718.037181	
25.74608	748.928035	748.938235	718.026981	718.037181	
25.75626	748.928035	748.938235	718.026981	718.037181	
25.76639	748.928035	748.938235	718.026981	718.037181	
25.77654	748.928035	748.938235	718.026981	718.037181	
25.78669	748.928035	748.938235	718.026981	718.037181	
25.79687	748.928035	748.938235	718.026981	718.037181	
25.80706	748.928035	748.938235	718.026981	718.037181	
25.81722	748.928035	748.938235	718.026981	718.037181	
25.82737	748.928035	748.938235	718.026981	718.037181	
25.8376	748.928035	748.938235	718.026981	718.037181	
25.85571	748.928035	748.938235	718.026981	718.037181	
25.86031	748.928035	748.938235	718.026981	718.037181	
25.87046	748.928035	748.938235	718.026981	718.037181	
25.88062	748.928035	748.938235	718.026981	718.037181	
25.89076	748.928035	748.938235	718.026981	718.037181	
25.90091	748.928035	748.938235	718.026981	718.037181	
25.91115	748.928035	748.938235	718.026981	718.037181	
25.92127	748.928035	748.938235	718.026981	718.037181	
25.93141	748.928035	748.938235	718.026981	718.037181	
25.94165	748.928035	748.938235	718.026981	718.037181	
25.95174	748.928035	748.938235	718.026981	718.037181	
25.96188	748.928035	748.938235	718.026981	718.037181	
25.97196	748.928035	748.938235	718.026981	718.037181	
25.9822	748.928035	748.938235	718.026981	718.037181	
25.9923	748.928035	748.938235	718.026981	718.037181	
26.00246	748.928035	748.938235	718.026981	718.037181	
26.01264	748.928035	748.938235	718.026981	718.037181	
26.02277	748.928035	748.938235	718.026981	718.037181	
26.03292	748.928035	748.938235	718.026981	718.037181	
26.04308	748.928035	748.938235	718.026981	718.037181	
26.0532	748.928035	748.938235	718.026981	718.037181	
26.06335	748.928035	748.938235	718.026981	718.037181	
26.07357	748.928035	748.938235	718.026981	718.037181	
26.08394	748.928035	748.938235	718.026981	718.037181	
26.09392	748.928035	748.938235	718.026981	718.037181	
26.10397	748.928035	748.938235	718.026981	718.037181	
26.11412	748.928035	748.938235	718.026981	718.037181	
26.12426	748.928035	748.938235	718.026981	718.037181	
26.13442	748.928035	748.938235	718.026981	718.037181	
26.14455	748.928035	748.938235	718.026981	718.037181	
26.15469	748.928035	748.938235	718.026981	718.037181	
26.16488	748.928035	748.938235	718.026981	718.037181	
26.18298	748.928035	748.938235	718.026981	718.037181	
26.18755	748.928035	748.938235	718.026981	718.037181	
26.19778	748.928035	748.938235	718.026981	718.037181	
26.20787	748.928035	748.938235	718.026981	718.037181	
26.21802	748.928035	748.938235	718.026981	718.037181	
26.22821	748.928035	748.938235	718.026981	718.037181	
26.23833	748.928035	748.938235	718.026981	718.037181	
26.24846	748.928035	748.938235	718.026981	718.037181	
26.26733	748.928035	748.938235	718.026981	718.037181	
26.27194	748.928035	748.938235	718.026981	718.037181	
26.28206	748.928035	748.938235	718.026981	718.037181	
26.29227	748.928035	748.938235	718.026981	718.037181	
26.30237	748.928035	748.938235	718.026981	718.037181	
26.3125	748.928035	748.938235	718.026981	718.037181	
26.32265	748.928035	748.938235	718.026981	718.037181	
26.33292	748.928035	748.938235	718.026981	718.037181	
26.34316	748.928035	748.938235	718.026981	718.037181	
26.35319	748.928035	748.938235	718.026981	718.037181	
26.36334	748.928035	748.938235	718.026981	718.037181	
26.37364	748.928035	748.938235	718.026981	718.037181	
26.38369	748.928035	748.938235	718.026981	718.037181	
26.39385	748.928035	748.938235	718.026981	718.037181	
26.40392	748.928035	748.938235	718.026981	718.037181	
26.41409	748.928035	748.938235	718.026981	718.037181	
26.42421	748.928035	748.938235	718.026981	718.037181	
26.43437	748.928035	748.938235	718.026981	718.037181	
26.44452	748.928035	748.938235	718.026981	718.037181	
26.45466	748.928035	748.938235	718.026981	718.037181	
26.46482	748.928035	748.938235	718.026981	718.037181	
26.48289	748.928035	748.938235	718.026981	718.037181	
26.48955	748.928035	748.938235	718.026981	718.037181	
26.49768	748.928035	748.938235	718.026981	718.037181	
26.5078	748.928035	748.938235	718.026981	718.037181	
26.51796	748.928035	748.938235	718.026981	718.037181	
26.52812	748.928035	748.938235	718.026981	718.037181	
26.53826	748.928035	748.938235	718.026981	718.037181	
26.54846	748.928035	748.938235	718.026981	718.037181	
26.55855	748.928035	748.938235	718.026981	718.037181	
26.56872	748.928035	748.938235	718.026981	718.037181	
26.58724	748.928035	748.938235	718.026981	718.037181	
26.59186	748.928035	748.938235	718.026981	718.037181	
26.60195	748.928035	748.938235	718.026981	718.037181	
26.61223	748.928035	748.938235	718.026981	718.037181	
26.62263	748.928035	748.938235	718.026981	718.037181	
26.63244	748.928035	748.938235	718.026981	718.037181	
26.64258	748.928035	748.938235	718.026981	718.037181	
26.65272	748.928035	748.938235	718.026981	718.037181	
26.66285	748.928035	748.938235	718.026981	718.037181	
26.673	748.928035	748.938235	718.026981	718.037181	
26.68317	748.928035	748.938235	718.026981	718.037181	
26.69333	748.928035	748.938235	718.026981	718.037181	
26.7035	748.928035	748.938235	718.026981	718.037181	
26.71366	748.928035	748.938235	718.026981	718.037181	
26.72375	748.928035	748.938235	718.026981	718.037181	
26.73396	748.928035	748.938235	718.026981	718.037181	
26.74404	748.928035	748.938235	718.026981	718.037181	
26.75419	748.928035	748.938235	718.026981	718.037181	
26.76438	748.928035	748.938235	718.026981	718.037181	
26.77449	748.928035	748.938235	718.026981	718.037181	
26.78462	748.928035	748.938235	718.026981	718.037181	
26.7948	748.928035	748.938235	718.026981	718.037181	
26.80493	748.928035	748.938235	718.026981	718.037181	
26.81523	748.928035	748.938235	718.026981	718.037181	
26.82524	748.928035	748.938235	718.026981	718.037181	
26.83539	748.928035	748.938235	718.026981	718.037181	
26.84564	748.928035	748.938235	718.026981	718.037181	
26.85571	748.928035	748.938235	718.026981	718.037181	
26.86588	748.928035	748.938235	718.026981	718.037181	
26.87604	748.928035	748.938235	718.026981	718.037181	
26.88621	748.928035	748.938235	718.026981	718.037181	
26.89637	748.928035	748.938235	718.026981	718.037181	
26.90651	748.928035	748.938235	718.026981	718.037181	
26.91668	748.928035	748.938235	718.026981	718.037181	
26.92685	748.928035	748.938235	718.026981	718.037181	
26.93699	748.928035	748.938235	718.026981	718.037181	
26.94716	748.928035	748.938235	718.026981	718.037181	
26.95731	748.928035	748.938235	718.026981	718.037181	
26.96743	748.928035	748.938235	718.026981	718.037181	
26.97763	748.928035	748.938235	718.026981	718.037181	
26.98778	748.928035	748.938235	718.026981	718.037181	
26.99801	748.928035	748.938235	718.026981	718.037181	
27.0081	748.928035	748.938235	718.026981	718.037181	
27.01825	748.928035	748.938235	718.026981	718.037181	
27.02841	748.928035	748.938235	718.026981	718.037181	
27.03857	748.928035	748.938235	718.026981	718.037181	
27.04873	748.928035	748.938235	718.026981	718.037181	
27.05883	748.928035	748.938235	718.026981	718.037181	
27.06903	748.928035	748.938235	718.026981	718.037181	
27.07926	748.928035	748.938235	718.026981	718.037181	
27.08939	748.928035	748.938235	718.026981	718.037181	
27.09953	748.928035	748.938235	718.026981	718.037181	
27.10978	748.928035	748.938235	718.026981	718.037181	
27.11986	748.928035	748.938235	718.026981	718.037181	
27.13	748.928035	748.938235	718.026981	718.037181	
27.14019	748.928035	748.938235	718.026981	718.037181	
27.15032	748.928035	748.938235	718.026981	718.037181	
27.16046	748.928035	748.938235	718.026981	718.037181	
27.17059	748.928035	748.938235	718.026981	718.037181	
27.18078	748.928035	748.938235	718.026981	718.037181	
27.19092	748.928035	748.938235	718.026981	718.037181	
27.20108	748.928035	748.938235	718.026981	718.037181	
27.21124	748.928035	748.938235	718.026981	718.037181	
27.2214	748.928035	748.938235	718.026981	718.037181	
27.23153	748.928035	748.938235	718.026981	718.037181	
27.24168	748.928035	748.938235	718.026981	718.037181	
27.25181	748.928035	748.938235	718.026981	718.037181	
27.26201	748.928035	748.938235	718.026981	718.037181	
27.27218	748.928035	748.938235	718.026981	718.037181	
27.28228	748.928035	748.938235	718.026981	718.037181	
27.29245	748.928035	748.938235	718.026981	718.037181	
27.30254	748.928035	748.938235	718.026981	718.037181	
27.31271	748.928035	748.938235	718.026981	718.037181	
27.32284	748.928035	748.938235	718.026981	718.037181	
27.333	748.928035	748.938235	718.026981	718.037181	
27.34319	748.928035	748.938235	718.026981	718.037181	
27.35329	748.928035	748.938235	718.026981	718.037181	
27.36349	748.928035	748.938235	718.026981	718.037181	
27.37372	748.928035	748.938235	718.026981	718.037181	
27.38373	748.928035	748.938235	718.026981	718.037181	
27.3939	748.928035	748.938235	718.026981	718.037181	
27.40401	748.928035	748.938235	718.026981	718.037181	
27.41419	748.928035	748.938235	718.026981	718.037181	
27.42432	748.928035	748.938235	718.026981	718.037181	
27.43445	748.928035	748.938235	718.026981	718.037181	
27.44462	748.928035	748.938235	718.026981	718.037181	
27.45476	748.928035	748.938235	718.026981	718.037181	
27.46491	748.928035	748.938235	718.026981	718.037181	
27.47513	748.928035	748.938235	718.026981	718.037181	
27.4852	748.928035	748.938235	718.026981	718.037181	
27.4954	748.928035	748.938235	718.026981	718.037181	
27.5055	748.928035	748.938235	718.026981	718.037181	
27.51564	748.928035	748.938235	718.026981	718.037181	
27.52588	748.928035	748.938235	718.026981	718.037181	
27.53597	748.928035	748.938235	718.026981	718.037181	
27.54614	748.928035	748.938235	718.026981	718.037181	
27.55632	748.928035	748.938235	718.026981	718.037181	
27.56644	748.928035	748.938235	718.026981	718.037181	
27.57658	748.928035	748.938235	718.026981	718.037181	
27.58686	748.928035	748.938235	718.026981	718.037181	
27.59699	748.928035	748.938235	718.026981	718.037181	
27.60722	748.928035	748.938235	718.026981	718.037181	
27.61732	748.928035	748.938235	718.026981	718.037181	
27.6275	748.928035	748.938235	718.026981	718.037181	
27.63773	748.928035	748.938235	718.026981	718.037181	
27.64782	748.928035	748.938235	718.026981	718.037181	
27.65797	748.928035	748.938235	718.026981	718.037181	
27.66808	748.928035	748.938235	718.026981	718.037181	
27.67831	748.928035	748.938235	718.026981	718.037181	
27.68844	748.928035	748.938235	718.026981	718.037181	
27.69858	748.928035	748.938235	718.026981	718.037181	
27.70874	748.928035	748.938235	718.026981	718.037181	
27.71891	748.928035	748.938235	718.026981	718.037181	
27.72909	748.928035	748.938235	718.026981	718.037181	
27.73923	748.928035	748.938235	718.026981	718.037181	
27.74937	748.928035	748.938235	718.026981	718.037181	
27.7595	748.928035	748.938235	718.026981	718.037181	
27.76967	748.928035	748.938235	718.026981	718.037181	
27.77982	748.928035	748.938235	718.026981	718.037181	
27.79002	748.928035	748.938235	718.026981	718.037181	
27.80013	748.928035	748.938235	718.026981	718.037181	
27.81024	748.928035	748.938235	718.026981	718.037181	
27.82048	748.928035	748.938235	718.026981	718.037181	
27.83061	748.928035	748.938235	718.026981	718.037181	
27.84079	748.928035	748.938235	718.026981	718.037181	
27.85095	748.928035	748.938235	718.026981	718.037181	
27.86113	748.928035	748.938235	718.026981	718.037181	
27.87134	748.928035	748.938235	718.026981	718.037181	
27.88144	748.928035	748.938235	718.026981	718.037181	
27.89161	748.928035	748.938235	718.026981	718.037181	
27.90184	748.928035	748.938235	718.026981	718.037181	
27.9119	748.928035	748.938235	718.026981	718.037181	
27.92203	748.928035	748.938235	718.026981	718.037181	
27.93226	748.928035	748.938235	718.026981	718.037181	
27.94238	748.928035	748.938235	718.026981	718.037181	
27.95251	748.928035	748.938235	718.026981	718.037181	
27.96262	748.928035	748.938235	718.026981	718.037181	
27.97276	748.928035	748.938235	718.026981	718.037181	
27.98292	748.928035	748.938235	718.026981	718.037181	
27.99306	748.928035	748.938235	718.026981	718.037181	
28.0032	748.928035	748.938235	718.026981	718.037181	
28.01336	748.928035	748.938235	718.026981	718.037181	
28.03136	748.928035	748.938235	718.026981	718.037181	
28.0359	748.928035	748.938235	718.026981	718.037181	
28.04615	748.928035	748.938235	718.026981	718.037181	
28.05622	748.928035	748.938235	718.026981	718.037181	
28.06642	748.928035	748.938235	718.026981	718.037181	
28.07698	748.928035	748.938235	718.026981	718.037181	
28.08738	748.928035	748.938235	718.026981	718.037181	
28.09749	748.928035	748.938235	718.026981	718.037181	
28.10763	748.928035	748.938235	718.026981	718.037181	
28.11788	748.928035	748.938235	718.026981	718.037181	
28.12796	748.928035	748.938235	718.026981	718.037181	
28.1381	748.928035	748.938235	718.026981	718.037181	
28.14832	748.928035	748.938235	718.026981	718.037181	
28.15844	748.928035	748.938235	718.026981	718.037181	
28.16859	748.928035	748.938235	718.026981	718.037181	
28.17874	748.928035	748.938235	718.026981	718.037181	
28.18886	748.928035	748.938235	718.026981	718.037181	
28.19907	748.928035	748.938235	718.026981	718.037181	
28.2092	748.928035	748.938235	718.026981	718.037181	
28.21934	748.928035	748.938235	718.026981	718.037181	
28.22952	748.928035	748.938235	718.026981	718.037181	
28.23961	748.928035	748.938235	718.026981	718.037181	
28.2498	748.928035	748.938235	718.026981	718.037181	
28.25998	748.928035	748.938235	718.026981	718.037181	
28.27017	748.928035	748.938235	718.026981	718.037181	
28.28028	748.928035	748.938235	718.026981	718.037181	
28.29042	748.928035	748.938235	718.026981	718.037181	
28.30057	748.928035	748.938235	718.026981	718.037181	
28.31068	748.928035	748.938235	718.026981	718.037181	
28.32086	748.928035	748.938235	718.026981	718.037181	
28.33102	748.928035	748.938235	718.026981	718.037181	
28.34117	748.928035	748.938235	718.026981	718.037181	
28.35139	748.928035	748.938235	718.026981	718.037181	
28.36153	748.928035	748.938235	718.026981	718.037181	
28.37165	748.928035	748.938235	718.026981	718.037181	
28.38188	748.928035	748.938235	718.026981	718.037181	
28.39195	748.928035	748.938235	718.026981	718.037181	
28.40212	748.928035	748.938235	718.026981	718.037181	
28.41229	748.928035	748.938235	718.026981	718.037181	
28.42239	748.928035	748.938235	718.026981	718.037181	
28.43253	748.928035	748.938235	718.026981	718.037181	
28.44267	748.928035	748.938235	718.026981	718.037181	
28.45282	748.928035	748.938235	718.026981	718.037181	
28.46297	748.928035	748.938235	718.026981	718.037181	
28.47311	748.928035	748.938235	718.026981	718.037181	
28.48327	748.928035	748.938235	718.026981	718.037181	
28.49558	748.928035	748.938235	718.026981	718.037181	
28.50359	748.928035	748.938235	718.026981	718.037181	
28.51371	748.928035	748.938235	718.026981	718.037181	
28.52389	748.928035	748.938235	718.026981	718.037181	
28.53405	748.928035	748.938235	718.026981	718.037181	
28.54413	748.928035	748.938235	718.026981	718.037181	
28.55424	748.928035	748.938235	718.026981	718.037181	
28.56448	748.928035	748.938235	718.026981	718.037181	
28.57457	748.928035	748.938235	718.026981	718.037181	
28.5849	748.928035	748.938235	718.026981	718.037181	
28.59483	748.928035	748.938235	718.026981	718.037181	
28.60506	748.928035	748.938235	718.026981	718.037181	
28.61518	748.928035	748.938235	718.026981	718.037181	
28.62533	748.928035	748.938235	718.026981	718.037181	
28.63547	748.928035	748.938235	718.026981	718.037181	
28.64568	748.928035	748.938235	718.026981	718.037181	
28.65579	748.928035	748.938235	718.026981	718.037181	
28.66597	748.928035	748.938235	718.026981	718.037181	
28.67613	748.928035	748.938235	718.026981	718.037181	
28.68631	748.928035	748.938235	718.026981	718.037181	
28.69644	748.928035	748.938235	718.026981	718.037181	
28.70658	748.928035	748.938235	718.026981	718.037181	
28.71675	748.928035	748.938235	718.026981	718.037181	
28.72692	748.928035	748.938235	718.026981	718.037181	
28.73701	748.928035	748.938235	718.026981	718.037181	
28.74726	748.928035	748.938235	718.026981	718.037181	
28.75737	748.928035	748.938235	718.026981	718.037181	
28.76755	748.928035	748.938235	718.026981	718.037181	
28.77774	748.928035	748.938235	718.026981	718.037181	
28.78786	748.928035	748.938235	718.026981	718.037181	
28.79808	748.928035	748.938235	718.026981	718.037181	
28.80814	748.928035	748.938235	718.026981	718.037181	
28.81834	748.928035	748.938235	718.026981	718.037181	
28.82852	748.928035	748.938235	718.026981	718.037181	
28.83865	748.928035	748.938235	718.026981	718.037181	
28.84881	748.928035	748.938235	718.026981	718.037181	
28.85892	748.928035	748.938235	718.026981	718.037181	
28.86912	748.928035	748.938235	718.026981	718.037181	
28.87935	748.928035	748.938235	718.026981	718.037181	
28.88941	748.928035	748.938235	718.026981	718.037181	
28.89959	748.928035	748.938235	718.026981	718.037181	
28.9098	748.928035	748.938235	718.026981	718.037181	
28.91989	748.928035	748.938235	718.026981	718.037181	
28.93003	748.928035	748.938235	718.026981	718.037181	
28.94019	748.928035	748.938235	718.026981	718.037181	
28.95036	748.928035	748.938235	718.026981	718.037181	
28.96051	748.928035	748.938235	718.026981	718.037181	
28.97065	748.928035	748.938235	718.026981	718.037181	
28.98104	748.928035	748.938235	718.026981	718.037181	
28.99117	748.928035	748.938235	718.026981	718.037181	
29.00145	748.928035	748.938235	718.026981	718.037181	
29.01146	748.928035	748.938235	718.026981	718.037181	
29.02163	748.928035	748.938235	718.026981	718.037181	
29.03176	748.928035	748.938235	718.026981	718.037181	
29.04191	748.928035	748.938235	718.026981	718.037181	
29.05203	748.928035	748.938235	718.026981	718.037181	
29.06226	748.928035	748.938235	718.026981	718.037181	
29.07236	748.928035	748.938235	718.026981	718.037181	
29.08248	748.928035	748.938235	718.026981	718.037181	
29.09267	748.928035	748.938235	718.026981	718.037181	
29.10279	748.928035	748.938235	718.026981	718.037181	
29.11294	748.928035	748.938235	718.026981	718.037181	
29.12308	748.928035	748.938235	718.026981	718.037181	
29.13326	748.928035	748.938235	718.026981	718.037181	
29.14351	748.928035	748.938235	718.026981	718.037181	
29.15361	748.928035	748.938235	718.026981	718.037181	
29.16372	748.928035	748.938235	718.026981	718.037181	
29.17394	748.928035	748.938235	718.026981	718.037181	
29.184	748.928035	748.938235	718.026981	718.037181	
29.19418	748.928035	748.938235	718.026981	718.037181	
29.20429	748.928035	748.938235	718.026981	718.037181	
29.21446	748.928035	748.938235	718.026981	718.037181	
29.22461	748.928035	748.938235	718.026981	718.037181	
29.23474	748.928035	748.938235	718.026981	718.037181	
29.2449	748.928035	748.938235	718.026981	718.037181	
29.2629	748.928035	748.938235	718.026981	718.037181	
29.26748	748.928035	748.938235	718.026981	718.037181	
29.27763	748.928035	748.938235	718.026981	718.037181	
29.28778	748.928035	748.938235	718.026981	718.037181	
29.29794	748.928035	748.938235	718.026981	718.037181	
29.30805	748.928035	748.938235	718.026981	718.037181	
29.31829	748.928035	748.938235	718.026981	718.037181	
29.32839	748.928035	748.938235	718.026981	718.037181	
29.33854	748.928035	748.938235	718.026981	718.037181	
29.34869	748.928035	748.938235	718.026981	718.037181	
29.35881	748.928035	748.938235	718.026981	718.037181	
29.36902	748.928035	748.938235	718.026981	718.037181	
29.37915	748.928035	748.938235	718.026981	718.037181	
29.38932	748.928035	748.938235	718.026981	718.037181	
29.39966	748.928035	748.938235	718.026981	718.037181	
29.40967	748.928035	748.938235	718.026981	718.037181	
29.41981	748.928035	748.938235	718.026981	718.037181	
29.43005	748.928035	748.938235	718.026981	718.037181	
29.44016	748.928035	748.938235	718.026981	718.037181	
29.45029	748.928035	748.938235	718.026981	718.037181	
29.46047	748.928035	748.938235	718.026981	718.037181	
29.47062	748.928035	748.938235	718.026981	718.037181	
29.48074	748.928035	748.938235	718.026981	718.037181	
29.49091	748.928035	748.938235	718.026981	718.037181	
29.50121	748.928035	748.938235	718.026981	718.037181	
29.51125	748.928035	748.938235	718.026981	718.037181	
29.52136	748.928035	748.938235	718.026981	718.037181	
29.53152	748.928035	748.938235	718.026981	718.037181	
29.54171	748.928035	748.938235	718.026981	718.037181	
29.55186	748.928035	748.938235	718.026981	718.037181	
29.56196	748.928035	748.938235	718.026981	718.037181	
29.57218	748.928035	748.938235	718.026981	718.037181	
29.58237	748.928035	748.938235	718.026981	718.037181	
29.59245	748.928035	748.938235	718.026981	718.037181	
29.60258	748.928035	748.938235	718.026981	718.037181	
29.61279	748.928035	748.938235	718.026981	718.037181	
29.62287	748.928035	748.938235	718.026981	718.037181	
29.63302	748.928035	748.938235	718.026981	718.037181	
29.64317	748.928035	748.938235	718.026981	718.037181	
29.65333	748.928035	748.938235	718.026981	718.037181	
29.6636	748.928035	748.938235	718.026981	718.037181	
29.67367	748.928035	748.938235	718.026981	718.037181	
29.68386	748.928035	748.938235	718.026981	718.037181	
29.69405	748.928035	748.938235	718.026981	718.037181	
29.70411	748.928035	748.938235	718.026981	718.037181	
29.71429	748.928035	748.938235	718.026981	718.037181	
29.72448	748.928035	748.938235	718.026981	718.037181	
29.73458	748.928035	748.938235	718.026981	718.037181	
29.74472	748.928035	748.938235	718.026981	718.037181	
29.75486	748.928035	748.938235	718.026981	718.037181	
29.76507	748.928035	748.938235	718.026981	718.037181	
29.7752	748.928035	748.938235	718.026981	718.037181	
29.78532	748.928035	748.938235	718.026981	718.037181	
29.79552	748.928035	748.938235	718.026981	718.037181	
29.80563	748.928035	748.938235	718.026981	718.037181	
29.81584	748.928035	748.938235	718.026981	718.037181	
29.82597	748.928035	748.938235	718.026981	718.037181	
29.8361	748.928035	748.938235	718.026981	718.037181	
29.84632	748.928035	748.938235	718.026981	718.037181	
29.85638	748.928035	748.938235	718.026981	718.037181	
29.86659	748.928035	748.938235	718.026981	718.037181	
29.87676	748.928035	748.938235	718.026981	718.037181	
29.8869	748.928035	748.938235	718.026981	718.037181	
29.89705	748.928035	748.938235	718.026981	718.037181	
29.9072	748.928035	748.938235	718.026981	718.037181	
29.91736	748.928035	748.938235	718.026981	718.037181	
29.92761	748.928035	748.938235	718.026981	718.037181	
29.93771	748.928035	748.938235	718.026981	718.037181	
29.94787	748.928035	748.938235	718.026981	718.037181	
29.9581	748.928035	748.938235	718.026981	718.037181	
29.96814	748.928035	748.938235	718.026981	718.037181	
29.97834	748.928035	748.938235	718.026981	718.037181	
29.98852	748.928035	748.938235	718.026981	718.037181	
29.99867	748.928035	748.938235	718.026981	718.037181	
30.00881	748.928035	748.938235	718.026981	718.037181	
30.01895	748.928035	748.938235	718.026981	718.037181	
30.02913	748.928035	748.938235	718.026981	718.037181	
30.03928	748.928035	748.938235	718.026981	718.037181	
30.04944	748.928035	748.938235	718.026981	718.037181	
30.05954	748.928035	748.938235	718.026981	718.037181	
30.06974	748.928035	748.938235	718.026981	718.037181	
30.07987	748.928035	748.938235	718.026981	718.037181	
30.09003	748.928035	748.938235	718.026981	718.037181	
30.10019	748.928035	748.938235	718.026981	718.037181	
30.1104	748.928035	748.938235	718.026981	718.037181	
30.1205	748.928035	748.938235	718.026981	718.037181	
30.13075	748.928035	748.938235	718.026981	718.037181	
30.14081	748.928035	748.938235	718.026981	718.037181	
30.15102	748.928035	748.938235	718.026981	718.037181	
30.16112	748.928035	748.938235	718.026981	718.037181	
30.17126	748.928035	748.938235	718.026981	718.037181	
30.18141	748.928035	748.938235	718.026981	718.037181	
30.19163	748.928035	748.938235	718.026981	718.037181	
30.20175	748.928035	748.938235	718.026981	718.037181	
30.21188	748.928035	748.938235	718.026981	718.037181	
30.22214	748.928035	748.938235	718.026981	718.037181	
30.2323	748.928035	748.938235	718.026981	718.037181	
30.24237	748.928035	748.938235	718.026981	718.037181	
30.25385	748.928035	748.938235	718.026981	718.037181	
30.26263	748.928035	748.938235	718.026981	718.037181	
30.27276	748.928035	748.938235	718.026981	718.037181	
30.28292	748.928035	748.938235	718.026981	718.037181	
30.29306	748.928035	748.938235	718.026981	718.037181	
30.30319	748.928035	748.938235	718.026981	718.037181	
30.31333	748.928035	748.938235	718.026981	718.037181	
30.33141	748.928035	748.938235	718.026981	718.037181	
30.33603	748.928035	748.938235	718.026981	718.037181	
30.34621	748.928035	748.938235	718.026981	718.037181	
30.35632	748.928035	748.938235	718.026981	718.037181	
30.36653	748.928035	748.938235	718.026981	718.037181	
30.37666	748.928035	748.938235	718.026981	718.037181	
30.38681	748.928035	748.938235	718.026981	718.037181	
30.39698	748.928035	748.938235	718.026981	718.037181	
30.4071	748.928035	748.938235	718.026981	718.037181	
30.41728	748.928035	748.938235	718.026981	718.037181	
30.42747	748.928035	748.938235	718.026981	718.037181	
30.43759	748.928035	748.938235	718.026981	718.037181	
30.44777	748.928035	748.938235	718.026981	718.037181	
30.45792	748.928035	748.938235	718.026981	718.037181	
30.46806	748.928035	748.938235	718.026981	718.037181	
30.47829	748.928035	748.938235	718.026981	718.037181	
30.48838	748.928035	748.938235	718.026981	718.037181	
30.50059	748.928035	748.938235	718.026981	718.037181	
30.50873	748.928035	748.938235	718.026981	718.037181	
30.51883	748.928035	748.938235	718.026981	718.037181	
30.52896	748.928035	748.938235	718.026981	718.037181	
30.53916	748.928035	748.938235	718.026981	718.037181	
30.54953	748.928035	748.938235	718.026981	718.037181	
30.55951	748.928035	748.938235	718.026981	718.037181	
30.56967	748.928035	748.938235	718.026981	718.037181	
30.5798	748.928035	748.938235	718.026981	718.037181	
30.5902	748.928035	748.938235	718.026981	718.037181	
30.60027	748.928035	748.938235	718.026981	718.037181	
30.61045	748.928035	748.938235	718.026981	718.037181	
30.62062	748.928035	748.938235	718.026981	718.037181	
30.63073	748.928035	748.938235	718.026981	718.037181	
30.64088	748.928035	748.938235	718.026981	718.037181	
30.65127	748.928035	748.938235	718.026981	718.037181	
30.66121	748.928035	748.938235	718.026981	718.037181	
30.67135	748.928035	748.938235	718.026981	718.037181	
30.68149	748.928035	748.938235	718.026981	718.037181	
30.69173	748.928035	748.938235	718.026981	718.037181	
30.70183	748.928035	748.938235	718.026981	718.037181	
30.71196	748.928035	748.938235	718.026981	718.037181	
30.72214	748.928035	748.938235	718.026981	718.037181	
30.73225	748.928035	748.938235	718.026981	718.037181	
30.74246	748.928035	748.938235	718.026981	718.037181	
30.75256	748.928035	748.938235	718.026981	718.037181	
30.76271	748.928035	748.938235	718.026981	718.037181	
30.77286	748.928035	748.938235	718.026981	718.037181	
30.78299	748.928035	748.938235	718.026981	718.037181	
30.79315	748.928035	748.938235	718.026981	718.037181	
30.80327	748.928035	748.938235	718.026981	718.037181	
30.81348	748.928035	748.938235	718.026981	718.037181	
30.82369	748.928035	748.938235	718.026981	718.037181	
30.83378	748.928035	748.938235	718.026981	718.037181	
30.84394	748.928035	748.938235	718.026981	718.037181	
30.85411	748.928035	748.938235	718.026981	718.037181	
30.86438	748.928035	748.938235	718.026981	718.037181	
30.87437	748.928035	748.938235	718.026981	718.037181	
30.88451	748.928035	748.938235	718.026981	718.037181	
30.89469	748.928035	748.938235	718.026981	718.037181	
30.90481	748.928035	748.938235	718.026981	718.037181	
30.91497	748.928035	748.938235	718.026981	718.037181	
30.92517	748.928035	748.938235	718.026981	718.037181	
30.93532	748.928035	748.938235	718.026981	718.037181	
30.94548	748.928035	748.938235	718.026981	718.037181	
30.95565	748.928035	748.938235	718.026981	718.037181	
30.96604	748.928035	748.938235	718.026981	718.037181	
30.97597	748.928035	748.938235	718.026981	718.037181	
30.98613	748.928035	748.938235	718.026981	718.037181	
30.9963	748.928035	748.938235	718.026981	718.037181	
31.00649	748.928035	748.938235	718.026981	718.037181	
31.01661	748.928035	748.938235	718.026981	718.037181	
31.02676	748.928035	748.938235	718.026981	718.037181	
31.03696	748.928035	748.938235	718.026981	718.037181	
31.04709	748.928035	748.938235	718.026981	718.037181	
31.05719	748.928035	748.938235	718.026981	718.037181	
31.06739	748.928035	748.938235	718.026981	718.037181	
31.07756	748.928035	748.938235	718.026981	718.037181	
31.08793	748.928035	748.938235	718.026981	718.037181	
31.09787	748.928035	748.938235	718.026981	718.037181	
31.10802	748.928035	748.938235	718.026981	718.037181	
31.11825	748.928035	748.938235	718.026981	718.037181	
31.12834	748.928035	748.938235	718.026981	718.037181	
31.13849	748.928035	748.938235	718.026981	718.037181	
31.14868	748.928035	748.938235	718.026981	718.037181	
31.15881	748.928035	748.938235	718.026981	718.037181	
31.16898	748.928035	748.938235	718.026981	718.037181	
31.17915	748.928035	748.938235	718.026981	718.037181	
31.18934	748.928035	748.938235	718.026981	718.037181	
31.19954	748.928035	748.938235	718.026981	718.037181	
31.20965	748.928035	748.938235	718.026981	718.037181	
31.2198	748.928035	748.938235	718.026981	718.037181	
31.23001	748.928035	748.938235	718.026981	718.037181	
31.24011	748.928035	748.938235	718.026981	718.037181	
31.25026	748.928035	748.938235	718.026981	718.037181	
31.2604	748.928035	748.938235	718.026981	718.037181	
31.27058	748.928035	748.938235	718.026981	718.037181	
31.28093	748.928035	748.938235	718.026981	718.037181	
31.29106	748.928035	748.938235	718.026981	718.037181	
31.30123	748.928035	748.938235	718.026981	718.037181	
31.31132	748.928035	748.938235	718.026981	718.037181	
31.32153	748.928035	748.938235	718.026981	718.037181	
31.33168	748.928035	748.938235	718.026981	718.037181	
31.34181	748.928035	748.938235	718.026981	718.037181	
31.35193	748.928035	748.938235	718.026981	718.037181	
31.36205	748.928035	748.938235	718.026981	718.037181	
31.37225	748.928035	748.938235	718.026981	718.037181	
31.38259	748.928035	748.938235	718.026981	718.037181	
31.39254	748.928035	748.938235	718.026981	718.037181	
31.40266	748.928035	748.938235	718.026981	718.037181	
31.41285	748.928035	748.938235	718.026981	718.037181	
31.42297	748.928035	748.938235	718.026981	718.037181	
31.43312	748.928035	748.938235	718.026981	718.037181	
31.44326	748.928035	748.938235	718.026981	718.037181	
31.45351	748.928035	748.938235	718.026981	718.037181	
31.46367	748.928035	748.938235	718.026981	718.037181	
31.47375	748.928035	748.938235	718.026981	718.037181	
31.48388	748.928035	748.938235	718.026981	718.037181	
31.51352	748.928035	748.938235	718.026981	718.037181	
