12.66322	
12.67348	
12.68374	
12.69398	
12.7042	
12.7144	
12.72462	
12.73493	
12.74521	
12.75526	
12.76551	
12.77571	
12.78591	
12.79623	
12.80652	
12.8166	
12.82675	
12.83696	
12.84711	
12.85735	
12.86759	
12.87788	
12.88812	
12.89828	
12.91672	
12.9213	
12.93156	
12.9417	
12.95207	
12.96219	
12.97239	
12.98267	
12.99297	
13.00304	
13.01346	
13.02348	
13.03375	
13.04394	
13.05411	
13.06433	
13.07451	
13.08485	
13.09508	
13.10522	
13.11547	
13.12566	
13.13593	
13.14611	
13.15641	
13.16658	
13.17679	
13.18695	
13.20021	
13.20711	
13.21723	
13.2274	
13.2376	
13.2482	
13.25825	
13.26843	
13.27865	
13.28873	
13.29888	
13.30909	
13.31921	
13.32934	
13.33949	
13.34964	
13.35986	
13.36996	
13.38008	
13.39023	
13.40034	
13.41053	
13.42066	
13.43101	
13.44095	
13.45111	
13.46129	
13.47143	
13.48157	
13.49172	
13.50184	
13.51207	
13.5222	
13.53235	
13.54253	
13.55266	
13.56281	
13.57294	
13.58311	
13.59326	
13.60339	
13.61354	
13.62394	
13.63386	
13.64439	
13.65458	
13.66466	
13.67482	
13.685	
13.6951	
13.70524	
13.71538	
13.72552	
13.73565	
13.74585	
13.75602	
13.76619	
13.77629	
13.78643	
13.79655	
13.80674	
13.81685	
13.82697	
13.83716	
13.84741	
13.85742	
13.86762	
13.87777	
13.88797	
13.89806	
13.90831	
13.91853	
13.92855	
13.93868	
13.94887	
13.95906	
13.96918	
13.97934	
13.98946	
13.99964	
14.00978	
14.01995	
14.0301	
14.04021	
14.05039	
14.06061	
14.07079	
14.08085	
14.09099	
14.10119	
14.11134	
14.12149	
14.13162	
14.14175	
14.15198	
14.16226	
14.17221	
14.18241	
14.19784	558.961292	558.959146	528.147504	528.145358	
14.20275	558.961962	558.959146	528.148174	528.145358	
14.21289	558.964124	558.959146	528.150336	528.145358	
14.22301	558.966896	558.959146	528.153108	528.145358	
14.23349	558.970864	558.959146	528.157076	528.145358	
14.24354	558.974444	558.959146	528.160656	528.145358	
14.25374	558.979122	558.959146	528.165334	528.154085	
14.26394	558.984427	558.959146	528.170639	528.154085	
14.27402	558.990266	558.967873	528.176478	528.154085	
14.28413	558.996749	558.967873	528.182961	528.154085	
14.29427	559.003857	558.9766	528.190069	528.162812	
14.30454	559.011705	558.9766	528.197917	528.171538	
14.31463	559.020015	558.985326	528.206227	528.171538	
14.32479	559.028994	558.994053	528.215206	528.180265	
14.33496	559.038623	558.994053	528.224835	528.188992	
14.34543	559.049186	559.011506	528.235398	528.206445	
14.35519	559.059592	559.011506	528.245804	528.215171	
14.36605	559.071921	559.020233	528.258133	528.223898	
14.3755	559.083131	559.028959	528.269343	528.241351	
14.38561	559.095758	559.037686	528.28197	528.250078	
14.39576	559.109071	559.046413	528.295283	528.267531	
14.40633	559.123612	559.055139	528.309824	528.276258	
14.41622	559.137771	559.063866	528.323983	528.293711	
14.42633	559.152862	559.081319	528.339074	528.311165	
14.43647	559.168635	559.098773	528.354847	528.311165	
14.44697	559.185641	559.116226	528.371853	528.328618	
14.45672	559.201967	559.133679	528.388179	528.346071	
14.46702	559.219876	559.151132	528.406088	528.354798	
14.47723	559.238251	559.186039	528.424463	528.372251	
14.4873	559.256969	559.203492	528.443181	528.389704	
14.49745	559.27647	559.238399	528.462682	528.407158	
14.517	559.316882	559.299485	528.503094	528.450791	
14.52156	559.326203	559.308212	528.512415	528.450791	
14.53172	559.347804	559.343119	528.534017	528.485698	
14.54184	559.369943	559.378025	528.556155	528.503151	
14.55212	559.393054	559.412932	528.579267	528.538057	
14.56223	559.416403	559.447838	528.602615	528.564237	
14.57236	559.440407	559.482745	528.626619	528.590417	
14.58262	559.46538	559.517652	528.651592	528.625324	
14.59264	559.490331	559.552558	528.676543	528.66023	
14.60282	559.516326	559.587465	528.702538	528.695137	
14.6131	559.543219	559.613645	528.729431	528.721317	
14.62317	559.570129	559.648551	528.756341	528.756224	
14.63329	559.597834	559.674731	528.784046	528.79113	
14.64344	559.62622	559.709638	528.812432	528.81731	
14.65356	559.656145	559.735818	528.842357	528.84349	
14.66378	559.684967	559.761998	528.871179	528.86967	
14.67392	559.71517	559.788178	528.901382	528.904577	
14.68434	559.746883	559.814358	528.933095	528.92203	
14.69422	559.777522	559.840538	528.963734	528.94821	
14.70434	559.809508	559.866717	528.995721	528.97439	
14.72276	559.870284	559.910351	529.056496	529.02675	
14.72733	559.885252	559.919077	529.071464	529.044203	
14.73747	559.919341	559.945257	529.105553	529.070383	
14.74769	559.95431	559.971437	529.140522	529.096563	
14.75815	559.990783	559.997617	529.176995	529.131469	
14.76823	560.026518	560.023797	529.21273	529.166376	
14.7784	560.063174	560.04125	529.249386	529.201282	
14.78874	560.101122	560.076157	529.287334	529.236189	
14.79871	560.138284	560.102337	529.324496	529.271096	
14.80884	560.176686	560.128517	529.362898	529.306002	
14.81907	560.216074	560.163423	529.402286	529.349635	
14.82924	560.25585	560.19833	529.442062	529.393269	
14.83937	560.29608	560.233237	529.482292	529.436902	
14.84948	560.336847	560.27687	529.523059	529.480535	
14.85967	560.378587	560.320503	529.564799	529.524168	
14.86987	560.420964	560.364136	529.607176	529.567802	
14.8801	560.464089	560.416496	529.650301	529.611435	
14.89016	560.507099	560.460129	529.693312	529.663795	
14.90033	560.55123	560.521216	529.737442	529.707428	
14.91055	560.596229	560.573576	529.782441	529.751061	
14.92096	560.642666	560.634662	529.828878	529.803421	
14.93084	560.687294	560.687022	529.873506	529.847054	
14.94101	560.733917	560.748109	529.920129	529.890688	
14.95117	560.781062	560.809195	529.967274	529.943047	
14.96127	560.828577	560.861555	530.014789	529.986681	
14.97147	560.877194	560.913915	530.063406	530.039041	
14.98158	560.925998	560.975002	530.11221	530.082674	
15.00169	561.026076	561.079721	530.212288	530.187394	
15.00628	561.048774	561.105901	530.234986	530.204847	
15.01926	561.115981	561.158261	530.302193	530.257207	
15.02659	561.151778	561.210621	530.33799	530.30084	
15.03668	561.203779	561.254254	530.389991	530.361926	
15.04689	561.25705	561.297887	530.443262	530.414286	
15.05695	561.310173	561.350247	530.496385	530.466646	
15.06715	561.364636	561.393881	530.550848	530.519006	
15.0773	561.419455	561.437514	530.605667	530.571366	
15.08742	561.474671	561.481147	530.660883	530.623726	
15.09763	561.531083	561.52478	530.717295	530.684812	
15.10772	561.587384	561.57714	530.773596	530.737172	
15.1205	561.659847	561.620773	530.846059	530.789532	
15.12841	561.704932	561.673133	530.891144	530.850619	
15.13853	561.763219	561.716766	530.949431	530.902979	
15.14869	561.82248	561.769126	531.008692	530.964065	
15.15888	561.882499	561.821486	531.068711	531.016425	
15.16901	561.942749	561.882573	531.128961	531.077511	
15.17916	562.003747	561.943659	531.189959	531.138598	
15.18937	562.065771	561.996019	531.251983	531.199684	
15.1995	562.127928	562.065832	531.31414	531.260771	
15.20965	562.19079	562.126919	531.377002	531.321858	
15.21979	562.254194	562.196732	531.440406	531.382944	
15.23002	562.318855	562.257819	531.505067	531.452757	
15.24947	562.444524	562.397445	531.630736	531.583657	
15.25404	562.473932	562.432351	531.660144	531.618564	
15.26423	562.540386	562.510891	531.726598	531.688377	
15.27437	562.607136	562.580704	531.793348	531.75819	
15.28449	562.674341	562.659244	531.860553	531.83673	
15.29469	562.742698	562.737784	531.92891	531.906543	
15.30478	562.810986	562.816324	531.997198	531.976356	
15.31532	562.882971	562.894864	532.069183	532.046169	
15.32731	562.965809	562.973404	532.152021	532.115982	
15.33526	563.020933	563.051943	532.207145	532.194522	
15.34537	563.091814	563.130483	532.278026	532.264335	
15.35551	563.163472	563.200296	532.349684	532.342875	
15.36633	563.240741	563.278836	532.426954	532.421415	
15.37583	563.309009	563.348649	532.495221	532.491228	
15.38594	563.382307	563.427189	532.568519	532.561041	
15.40393	563.515137	563.497002	532.701349	532.639581	
15.40857	563.549278	563.584269	532.73549	532.718121	
15.41875	563.625203	563.662809	532.811415	532.796661	
15.4318	563.723526	563.732622	532.909738	532.866474	
15.43908	563.778523	563.802435	532.964736	532.936287	
15.44921	563.855804	563.880975	533.042016	533.014827	
15.45937	563.933957	563.950788	533.120169	533.08464	
15.46951	564.012635	564.020601	533.198847	533.16318	
15.47968	564.09209	564.099141	533.278302	533.232993	
15.48983	564.172021	564.177681	533.358233	533.311533	
15.49995	564.252289	564.247494	533.438501	533.390073	
15.51015	564.333875	564.326034	533.520087	533.468613	
15.5203	564.415645	564.404574	533.601857	533.547152	
15.53275	564.518664	564.474387	533.704876	533.625692	
15.54064	564.58151	564.561653	533.767722	533.712959	
15.55084	564.665529	564.640193	533.851741	533.791498	
15.56094	564.749357	564.718733	533.935569	533.887492	
15.57105	564.833915	564.805999	534.020127	533.966031	
15.58131	564.920355	564.893266	534.106567	534.062024	
15.59141	565.006107	564.980532	534.192319	534.149291	
15.60153	565.092531	565.067799	534.278743	534.245284	
15.61169	565.179996	565.163792	534.366208	534.33255	
15.62183	565.267896	565.259785	534.454108	534.419817	
15.63405	565.374814	565.347051	534.561026	534.507083	
15.64251	565.449064	565.443044	534.635276	534.603077	
15.6526	565.538357	565.539038	534.724569	534.690343	
15.66283	565.629593	565.635031	534.815805	534.786336	
15.67287	565.719672	565.731024	534.905884	534.873603	
15.68307	565.811825	565.835743	534.998037	534.969596	
15.69325	565.90439	565.92301	535.090602	535.056862	
15.70343	565.997651	566.02773	535.183863	535.152855	
15.71363	566.091674	566.123723	535.277886	535.248848	
15.72391	566.188543	566.219716	535.374755	535.344841	
15.73393	566.280632	566.324436	535.466844	535.432108	
15.75226	566.454263	566.498969	535.640475	535.606641	
15.75684	566.497658	566.542602	535.68387	535.650274	
15.76702	566.594767	566.638595	535.780979	535.746267	
15.77711	566.691538	566.734588	535.877751	535.84226	
15.78724	566.789407	566.830581	535.975619	535.938253	
15.79747	566.888844	566.926574	536.075056	536.034247	
15.80761	566.988049	567.022567	536.174261	536.13024	
15.81773	567.087623	567.127287	536.273836	536.234959	
15.82786	567.187922	567.214554	536.374134	536.330952	
15.84066	567.315888	567.319273	536.5021	536.435672	
15.84841	567.393517	567.415266	536.579729	536.540392	
15.85854	567.49566	567.51126	536.681872	536.636385	
15.86871	567.598889	567.607253	536.785101	536.741105	
15.87888	567.702656	567.703246	536.888868	536.845825	
15.88902	567.806753	567.790512	536.992966	536.950544	
15.89917	567.911686	567.895232	537.097898	537.055264	
15.90939	568.017845	567.991225	537.204057	537.159984	
15.91955	568.124072	568.087218	537.310284	537.264704	
15.92962	568.229921	568.191938	537.416133	537.369423	
15.94195	568.360676	568.296658	537.546889	537.474143	
15.95001	568.44631	568.401377	537.632522	537.578863	
15.96025	568.555866	568.506097	537.742078	537.683583	
15.9703	568.66399	568.610817	537.850202	537.788302	
15.98042	568.773473	568.715537	537.959685	537.901749	
15.9907	568.885249	568.820257	538.071461	538.015195	
16.00075	568.995176	568.933703	538.181388	538.128642	
16.01093	569.107184	569.047149	538.293396	538.242088	
16.02109	569.21959	569.160596	538.405803	538.355534	
16.0312	569.332022	569.274042	538.518234	538.468981	
16.04136	569.445755	569.396215	538.631967	538.591154	
16.05159	569.560743	569.509662	538.746955	538.713327	
16.06175	569.675606	569.631835	538.861818	538.826773	
16.07189	569.79079	569.754008	538.977002	538.948946	
16.08201	569.906452	569.876181	539.092664	539.062393	
16.09219	570.023864	569.998354	539.210076	539.184566	
16.10237	570.141041	570.120527	539.327253	539.298012	
16.11249	570.258566	570.251427	539.444778	539.411459	
16.12262	570.376811	570.3736	539.563023	539.533632	
16.13275	570.495637	570.504499	539.681849	539.655805	
16.14299	570.616374	570.626672	539.802586	539.769251	
16.15316	570.736939	570.757572	539.923151	539.891424	
16.16327	570.857381	570.879745	540.043593	540.004871	
16.17344	570.979256	571.001918	540.165468	540.127044	
16.18364	571.101608	571.132818	540.28782	540.24049	
16.19395	571.2266	571.263717	540.412812	540.362663	
16.20388	571.344524	571.385891	540.530736	540.484836	
16.21404	571.466396	571.508064	540.652608	540.598283	
16.22425	571.588892	571.630237	540.775104	540.729182	
16.23433	571.709936	571.75241	540.896148	540.851355	
16.24464	571.833632	571.874583	541.019844	540.973528	
16.25484	571.956212	572.005482	541.142424	541.104428	
16.26484	572.07608	572.127655	541.262292	541.226601	
16.27499	572.19782	572.249828	541.384032	541.357501	
16.28511	572.31932	572.372002	541.505532	541.479674	
16.29539	572.44262	572.494175	541.628832	541.610573	
16.30542	572.56304	572.616348	541.749252	541.732747	
16.31557	572.684744	572.738521	541.870956	541.85492	
16.3257	572.806352	572.860694	541.992564	541.977093	
16.33589	572.928596	572.982867	542.114808	542.099266	
16.34599	573.049844	573.10504	542.236056	542.221439	
16.35719	573.184328	573.23594	542.37054	542.343612	
16.36784	573.312176	573.358113	542.498388	542.474511	
16.37727	573.425216	573.480286	542.611428	542.587958	
16.38741	573.546848	573.593732	542.73306	542.710131	
16.40585	573.768284	573.811898	542.954496	542.928297	
16.41041	573.822812	573.864258	543.009024	542.97193	
16.4206	573.9452	573.968978	543.131412	543.094103	
16.43081	574.067684	574.091151	543.253896	543.216276	
16.44084	574.188032	574.204597	543.374244	543.338449	
16.45102	574.31018	574.318044	543.496392	543.451896	
16.46147	574.435664	574.43149	543.621876	543.574069	
16.47157	574.556804	574.544936	543.743016	543.696242	
16.48171	574.678412	574.649656	543.864624	543.809688	
16.49187	574.80044	574.763103	543.986652	543.931861	
16.502	574.922	574.876549	544.108212	544.054034	
16.51228	575.045336	574.998722	544.231548	544.176207	
16.52235	575.166188	575.112168	544.3524	544.298381	
16.5325	575.288024	575.225615	544.474236	544.420554	
16.54265	575.409728	575.347788	544.59594	544.542727	
16.55274	575.530892	575.469961	544.717104	544.673626	
16.56333	575.657984	575.592134	544.844196	544.795799	
16.57312	575.775452	575.714307	544.961664	544.926699	
16.58329	575.89742	575.845207	545.083632	545.048872	
16.59341	576.01886	575.96738	545.205072	545.171045	
16.60351	576.140108	576.098279	545.32632	545.301945	
16.61375	576.263012	576.220453	545.449224	545.424118	
16.6239	576.384752	576.351352	545.570964	545.555018	
16.63401	576.506168	576.482252	545.69238	545.677191	
16.64415	576.628148	576.613152	545.81436	545.799364	
16.65426	576.749144	576.744051	545.935356	545.921537	
16.66493	576.877256	576.883678	546.063468	546.04371	
16.67507	576.998756	577.014577	546.184968	546.174609	
16.68519	577.120208	577.145477	546.30642	546.288056	
16.69532	577.241792	577.26765	546.428004	546.410229	
16.70548	577.3637	577.39855	546.549912	546.532402	
16.71559	577.484984	577.529449	546.671196	546.645848	
16.72576	577.607132	577.651623	546.793344	546.768021	
16.73587	577.728464	577.773796	546.914676	546.881468	
16.74626	577.853192	577.895969	547.039404	547.003641	
16.75671	577.978472	578.018142	547.164684	547.125814	
16.76787	578.112464	578.149041	547.298676	547.256714	
16.77773	578.230724	578.271214	547.416936	547.378887	
16.7878	578.351564	578.384661	547.537776	547.50106	
16.79794	578.473292	578.506834	547.659504	547.623233	
16.80829	578.597468	578.629007	547.78368	547.745406	
16.81843	578.719076	578.742453	547.905288	547.867579	
16.82856	578.840648	578.8559	548.02686	547.998479	
16.83878	578.963324	578.978073	548.149536	548.120652	
16.84882	579.083792	579.100246	548.270004	548.242825	
16.85902	579.20618	579.222419	548.392392	548.364998	
16.87053	579.344408	579.353319	548.53062	548.495897	
16.88047	579.463652	579.475492	548.649864	548.626797	
16.89061	579.585284	579.588938	548.771496	548.740243	
16.90079	579.707456	579.711111	548.893668	548.862417	
16.91096	579.829448	579.833284	549.01566	548.98459	
16.9211	579.9512	579.955457	549.137412	549.106763	
16.93123	580.072736	580.07763	549.258948	549.220209	
16.94146	580.195496	580.199803	549.381708	549.351109	
16.95157	580.316864	580.31325	549.503076	549.464555	
16.96168	580.4381	580.426696	549.624312	549.595455	
16.97317	580.576112	580.557596	549.762324	549.726355	
16.98302	580.694264	580.671042	549.880476	549.848528	
17.00283	580.931948	580.897935	550.11816	550.092874	
17.00735	580.986224	580.950295	550.172436	550.145234	
17.01788	581.112536	581.055015	550.298748	550.267407	
17.02774	581.23088	581.177188	550.417092	550.398306	
17.03782	581.351804	581.299361	550.538016	550.520479	
17.04794	581.473304	581.40408	550.659516	550.642652	
17.06285	581.652164	581.578613	550.838376	550.825912	
17.07575	581.807072	581.726966	550.993284	550.982992	
17.08561	581.925332	581.849139	551.111544	551.105165	
17.09571	582.046472	581.962586	551.232684	551.227338	
17.10584	582.167972	582.084759	551.354184	551.349511	
17.11601	582.29006	582.206932	551.476272	551.48041	
17.12622	582.412664	582.337832	551.598876	551.593857	
17.13635	582.534128	582.468731	551.72034	551.71603	
17.14653	582.656348	582.590904	551.84256	551.838203	
17.15655	582.7766	582.721804	551.962812	551.951649	
17.16701	582.902072	582.852704	552.088284	552.073822	
17.18653	583.136444	583.001057	552.322656	552.204722	
17.19122	583.192628	583.166863	552.37884	552.353075	
17.20136	583.314248	583.297763	552.50046	552.475248	
17.2114	583.434788	583.428662	552.621	552.597421	
17.22163	583.557548	583.568289	552.74376	552.719594	
17.23174	583.678784	583.707915	552.864996	552.841767	
17.24305	583.814588	583.838815	553.0008	552.96394	
17.25204	583.922372	583.969714	553.108584	553.09484	
17.26219	584.044256	584.109341	553.230468	553.208286	
17.27239	584.166704	584.24024	553.352916	553.339186	
17.28287	584.292476	584.37114	553.478688	553.461359	
17.2927	584.414012	584.50204	553.600224	553.583532	
17.30299	584.533796	584.63294	553.720008	553.705705	
17.31302	584.654144	584.755113	553.840356	553.827878	
17.32316	584.775824	584.877286	553.962036	553.950051	
17.33328	584.897276	584.999459	554.083488	554.072224	
17.34345	585.01934	585.121632	554.205552	554.194397	
17.35364	585.141644	585.243805	554.327856	554.31657	
17.36375	585.262976	585.357251	554.449188	554.438743	
17.37409	585.387128	585.470698	554.57334	554.560917	
17.38452	585.51224	585.592871	554.698452	554.691816	
17.39438	585.630464	585.69759	554.816676	554.805263	
17.40456	585.752708	585.811037	554.93892	554.927436	
17.41481	585.87566	585.915757	555.061872	555.049609	
17.42525	586.000964	586.029203	555.187176	555.163055	
17.43504	586.118456	586.133923	555.304668	555.285228	
17.44515	586.239812	586.238642	555.426024	555.398675	
17.45532	586.36184	586.343362	555.548052	555.520848	
17.46553	586.484288	586.448082	555.6705	555.643021	
17.4756	586.60526	586.552802	555.791472	555.756467	
17.48629	586.73354	586.666248	555.919752	555.887367	
17.49633	586.853888	586.779695	556.0401	556.00954	
17.50659	586.97614	586.884414	556.162352	556.131713	
17.51654	587.094037	587.006587	556.280249	556.245159	
17.52705	587.217966	587.12876	556.404179	556.367332	
17.53682	587.332523	587.242207	556.518735	556.489505	
17.54701	587.451376	587.355653	556.637588	556.611678	
17.55717	587.569267	587.477826	556.755479	556.733851	
17.56729	587.686201	587.608726	556.872413	556.864751	
17.57746	587.803026	587.730899	556.989238	556.986924	
17.58915	587.936459	587.879252	557.122671	557.126551	
17.59906	588.049044	588.001425	557.235256	557.248724	
17.60923	588.163926	588.123598	557.350139	557.36217	
17.6193	588.277035	588.254498	557.463247	557.484343	
17.62954	588.39157	588.385397	557.577782	557.597789	
17.63965	588.503905	588.50757	557.690117	557.719962	
17.64981	588.616247	588.63847	557.802459	557.833409	
17.65995	588.727812	588.76937	557.914024	557.946855	
17.67013	588.839156	588.891543	558.025368	558.051575	
17.68037	588.950456	589.013716	558.136668	558.156295	
17.69183	589.074384	589.153342	558.260596	558.269741	
17.70171	589.180527	589.275515	558.366739	558.365734	
17.71211	589.291686	589.388962	558.477899	558.470454	
17.72197	589.396408	589.502408	558.58262	558.575174	
17.7321	589.503488	589.615855	558.6897	558.671167	
17.7423	589.610728	589.720574	558.79694	558.775887	
17.75251	589.717402	589.825294	558.903614	558.87188	
17.76262	589.822355	589.921287	559.008567	558.9766	
17.77276	589.927081	590.026007	559.113293	559.081319	
17.78297	590.031928	590.122	559.21814	559.177312	
17.79446	590.149128	590.217993	559.335341	559.299485	
17.80438	590.249946	590.30526	559.436158	559.404205	
17.81449	590.351496	590.401253	559.537708	559.517652	
17.82463	590.453118	590.479793	559.63933	559.622371	
17.83523	590.558668	590.567059	559.74488	559.727091	
17.84497	590.655088	590.654325	559.8413	559.831811	
17.85511	590.754797	590.741592	559.941009	559.936531	
17.8652	590.853509	590.828858	560.039721	560.04125	
17.87533	590.951886	590.916125	560.138098	560.14597	
17.88557	591.050851	591.003391	560.237063	560.241963	
17.8972	591.162282	591.099384	560.348495	560.35541	
17.90702	591.255896	591.195378	560.442108	560.451403	
17.91715	591.351864	591.282644	560.538076	560.547396	
17.92734	591.447661	591.378637	560.633873	560.643389	
17.93747	591.542418	591.47463	560.72863	560.739382	
17.94767	591.637172	591.570623	560.823384	560.835375	
17.95778	591.730423	591.666616	560.916635	560.922642	
17.968	591.824086	591.771336	561.010298	561.009908	
17.97807	591.91584	591.867329	561.102052	561.097175	
17.98824	592.007915	591.972049	561.194127	561.193168	
17.99967	592.110564	592.085495	561.296776	561.289161	
18.00974	592.200347	592.190215	561.386559	561.376427	
18.01988	592.290187	592.294935	561.476399	561.47242	
18.03009	592.380001	592.399655	561.566213	561.55096	
18.0402	592.468342	592.504374	561.654554	561.638227	
18.0504	592.556928	592.609094	561.74314	561.725493	
18.06054	592.644402	592.705087	561.830614	561.821486	
18.07071	592.731394	592.80108	561.917606	561.908753	
18.08085	592.81758	592.888347	562.003792	561.996019	
18.09097	592.90294	592.975613	562.089152	562.083286	
18.10274	593.001472	593.080333	562.187684	562.179279	
18.11264	593.083703	593.158873	562.269916	562.266545	
18.12279	593.167445	593.237413	562.353657	562.353812	
18.13296	593.250739	593.315953	562.436952	562.441078	
18.1431	593.333228	593.394492	562.519441	562.519618	
18.15326	593.415244	593.464306	562.601456	562.606884	
18.16342	593.496585	593.534119	562.682797	562.685424	
18.17356	593.57763	593.603932	562.763842	562.763964	
18.18373	593.657444	593.673745	562.843656	562.842504	
18.19402	593.738658	593.743558	562.92487	562.92977	
18.20542	593.826579	593.813371	563.012791	563.00831	
18.21533	593.902897	593.883185	563.089109	563.08685	
18.22542	593.979988	593.952998	563.1662	563.16539	
18.23564	594.057505	594.022811	563.243717	563.24393	
18.24748	594.146405	594.083897	563.332617	563.322469	
18.25582	594.208693	594.144984	563.394905	563.392283	
18.26596	594.283765	594.214797	563.469978	563.462096	
18.27616	594.358658	594.28461	563.54487	563.540636	
18.28625	594.432166	594.354423	563.618378	563.619175	
18.30715	594.581171	594.485323	563.767383	563.750075	
18.31272	594.620949	594.537683	563.807161	563.811162	
18.32252	594.690211	594.616223	563.876424	563.880975	
18.33262	594.761019	594.686036	563.947231	563.959515	
18.34284	594.832068	594.755849	564.01828	564.029328	
18.35298	594.901909	594.834389	564.088121	564.099141	
18.36312	594.971191	594.912929	564.157403	564.168954	
18.37399	595.044784	594.991469	564.230996	564.238767	
18.38339	595.107781	595.070008	564.293993	564.30858	
18.39351	595.175092	595.157275	564.361304	564.369667	
18.40367	595.242124	595.227088	564.428336	564.43948	
18.41419	595.310807	595.314355	564.497019	564.500567	
18.42407	595.374716	595.392894	564.560928	564.561653	
18.4342	595.439656	595.471434	564.625868	564.631466	
18.44457	595.505525	595.541247	564.691737	564.683826	
18.45445	595.567704	595.619787	564.753916	564.753639	
18.46467	595.631389	595.6896	564.817601	564.814726	
18.47482	595.694022	595.76814	564.880234	564.867086	
18.485	595.756211	595.837953	564.942423	564.928172	
18.49513	595.817558	595.907767	565.00377	564.989259	
18.50551	595.879757	595.960126	565.065969	565.050345	
18.52364	595.985994	596.02994	565.172206	565.111432	
18.52825	596.013072	596.099753	565.199284	565.189972	
18.53835	596.071633	596.152113	565.257845	565.251058	
18.54854	596.130131	596.204472	565.316343	565.312145	
18.55869	596.187716	596.265559	565.373928	565.381958	
18.56882	596.244652	596.309192	565.430864	565.443044	
18.57898	596.301144	596.361552	565.487356	565.504131	
18.58914	596.35698	596.413912	565.543192	565.556491	
18.5993	596.41228	596.448819	565.598492	565.617577	
18.60945	596.466873	596.492452	565.653085	565.669937	
18.61995	596.522759	596.536085	565.708971	565.722297	
18.62985	596.574782	596.579718	565.760994	565.774657	
18.63999	596.627565	596.623352	565.813777	565.827017	
18.65015	596.679785	596.666985	565.865997	565.87065	
18.66032	596.73147	596.710618	565.917682	565.92301	
18.67052	596.782677	596.754251	565.968889	565.966643	
18.68066	596.832981	596.797884	566.019193	566.010276	
18.69081	596.882756	596.832791	566.068968	566.05391	
18.70096	596.931908	596.885151	566.11812	566.10627	
18.71114	596.98064	596.928784	566.166852	566.149903	
18.72159	597.029973	596.972417	566.216185	566.193536	
18.73145	597.075951	597.024777	566.262163	566.237169	
18.74169	597.123104	597.06841	566.309316	566.289529	
18.75173	597.168793	597.112044	566.355005	566.324436	
18.76193	597.21456	597.164404	566.400772	566.376796	
18.77206	597.259384	597.216763	566.445596	566.429155	
18.78229	597.304081	597.269123	566.490293	566.472789	
18.79247	597.347929	597.321483	566.534141	566.525149	
18.80254	597.39072	597.365116	566.576932	566.568782	
18.81275	597.433484	597.417476	566.619696	566.629868	
18.82327	597.476961	597.469836	566.663173	566.673502	
18.83308	597.516886	597.522196	566.703098	566.725861	
18.84322	597.557527	597.565829	566.743739	566.769495	
18.85335	597.597577	597.618189	566.783789	566.813128	
18.86395	597.639208	597.670549	566.82542	566.856761	
18.87369	597.676181	597.714182	566.862393	566.900394	
18.88383	597.714464	597.757816	566.900676	566.944028	
18.89398	597.752215	597.801449	566.938427	566.978934	
18.90414	597.789358	597.845082	566.97557	567.013841	
18.91422	597.825639	597.879989	567.011851	567.048747	
18.92454	597.8623	597.923622	567.048512	567.083654	
18.93459	597.897151	597.967255	567.083363	567.109834	
18.94479	597.932044	598.002162	567.118256	567.136014	
18.95489	597.966014	598.037068	567.152226	567.162194	
18.96546	598.000906	598.071975	567.187118	567.1971	
18.97523	598.032608	598.098155	567.21882	567.22328	
18.98673	598.069983	598.124335	567.256195	567.24946	
18.9955	598.096589	598.159241	567.282801	567.27564	
19.00569	598.127869	598.185421	567.314081	567.30182	
19.01579	598.158293	598.211601	567.344505	567.328	
19.02714	598.191688	598.229054	567.3779	567.362907	
19.03721	598.220761	598.255234	567.406973	567.389087	
19.04744	598.249676	598.281414	567.435888	567.415266	
19.05753	598.277632	598.298868	567.463844	567.441446	
19.07601	598.326445	598.333774	567.512657	567.502533	
19.08066	598.338786	598.333774	567.524999	567.51126	
19.09077	598.364844	598.351227	567.551056	567.546166	
19.10093	598.390487	598.368681	567.576699	567.572346	
19.11113	598.415602	598.386134	567.601814	567.607253	
19.12125	598.439937	598.403587	567.626149	567.633433	
19.13176	598.464593	598.421041	567.650806	567.650886	
19.1416	598.487108	598.438494	567.67332	567.685793	
19.15174	598.509746	598.455947	567.695958	567.703246	
19.16187	598.531786	598.473401	567.717998	567.720699	
19.17199	598.553202	598.490854	567.739414	567.746879	
19.1822	598.574226	598.508307	567.760438	567.764332	
19.19235	598.594538	598.534487	567.78075	567.781786	
19.2025	598.614271	598.560667	567.800483	567.799239	
19.21267	598.633451	598.57812	567.819663	567.816692	
19.22278	598.651953	598.6043	567.838165	567.825419	
19.23352	598.670953	598.63048	567.857165	567.842872	
19.24314	598.687461	598.647933	567.873673	567.851599	
19.25333	598.704367	598.674113	567.890579	567.869052	
19.26351	598.720667	598.700293	567.906879	567.877779	
19.27356	598.73653	598.717747	567.922742	567.895232	
19.28379	598.751446	598.7352	567.937658	567.912685	
19.29389	598.765931	598.76138	567.952143	567.921412	
19.30407	598.779941	598.778833	567.966153	567.938865	
19.31421	598.793339	598.796286	567.979551	567.956319	
19.32431	598.806135	598.81374	567.992347	567.965045	
19.33513	598.81917	598.822466	568.005382	567.982498	
19.34523	598.830804	598.83992	568.017016	567.999952	
19.35535	598.841906	598.848646	568.028118	568.017405	
19.36547	598.852466	598.857373	568.038678	568.034858	
19.37671	598.863484	598.8661	568.049696	568.043585	
19.38653	598.872622	598.874826	568.058834	568.061038	
19.39656	598.881431	598.874826	568.067643	568.069765	
19.40674	598.889819	598.883553	568.076031	568.078492	
19.417	598.89772	598.883553	568.083932	568.087218	
19.42706	598.904954	598.883553	568.091167	568.095945	
19.4378	598.912072	598.883553	568.098284	568.095945	
19.44795	598.9183	598.883553	568.104512	568.104672	
19.4581	598.924011	598.883553	568.110223	568.104672	
19.46835	598.929263	598.883553	568.115475	568.104672	
19.47843	598.933944	598.883553	568.120156	568.095945	
19.48868	598.938206	598.883553	568.124418	568.095945	
19.49871	598.941924	598.883553	568.128137	568.095945	
19.5089	598.945237	598.883553	568.131449	568.095945	
19.5191	598.948108	598.883553	568.13432	568.095945	
19.52921	598.950537	598.883553	568.136749	568.095945	
19.54046	598.952729	598.89228	568.138941	568.095945	
19.55055	598.954352	598.89228	568.140564	568.095945	
19.56076	598.959146	598.89228	568.145358	568.104672	
19.5709	598.959146	598.89228	568.145358	568.104672	
19.58104	598.959146	598.89228	568.145358	568.104672	
19.59128	598.959146	598.901006	568.145358	568.104672	
19.60138	598.959146	598.909733	568.145358	568.104672	
19.61151	598.959146	598.918459	568.145358	568.104672	
19.62169	598.959146	598.927186	568.145358	568.104672	
19.63181	598.959146	598.927186	568.145358	568.104672	
19.6433	598.959146	598.944639	568.145358	568.104672	
19.65328	598.959146	598.944639	568.145358	568.104672	
19.66344	598.959146	598.953366	568.145358	568.104672	
19.67354	598.959146	598.953366	568.145358	568.104672	
19.68397	598.959146	598.953366	568.145358	568.104672	
19.69392	598.959146	598.953366	568.145358	568.104672	
19.70404	598.959146	598.944639	568.145358	568.104672	
19.71416	598.959146	598.944639	568.145358	568.104672	
19.72432	598.959146	598.944639	568.145358	568.104672	
19.73442	598.959146	598.944639	568.145358	568.104672	
19.74606	598.959146	598.944639	568.145358	568.104672	
19.75598	598.959146	598.944639	568.145358	568.104672	
19.77398	598.959146	598.944639	568.145358	568.104672	
19.7785	598.959146	598.944639	568.145358	568.104672	
19.78864	598.959146	598.944639	568.145358	568.104672	
19.79882	598.959146	598.944639	568.145358	568.104672	
19.809	598.959146	598.944639	568.145358	568.104672	
19.81914	598.959146	598.944639	568.145358	568.104672	
19.82927	598.959146	598.944639	568.145358	568.104672	
19.83948	598.959146	598.944639	568.145358	568.104672	
19.84983	598.959146	598.944639	568.145358	568.104672	
19.85981	598.959146	598.944639	568.145358	568.104672	
19.86998	598.959146	598.944639	568.145358	568.104672	
19.8801	598.959146	598.944639	568.145358	568.104672	
19.89028	598.959146	598.944639	568.145358	568.104672	
19.90044	598.959146	598.944639	568.145358	568.104672	
19.91063	598.959146	598.944639	568.145358	568.104672	
19.92082	598.959146	598.944639	568.145358	568.104672	
19.93093	598.959146	598.944639	568.145358	568.104672	
19.9411	598.959146	598.944639	568.145358	568.104672	
19.95139	598.959146	598.944639	568.145358	568.104672	
19.96144	598.959146	598.944639	568.145358	568.104672	
19.97158	598.959146	598.944639	568.145358	568.104672	
19.98177	598.959146	598.944639	568.145358	568.104672	
19.99187	598.959146	598.944639	568.145358	568.104672	
20.00206	598.959146	598.944639	568.145358	568.104672	
20.01223	598.959146	598.944639	568.145358	568.104672	
20.02236	598.959146	598.944639	568.145358	568.104672	
20.03254	598.959146	598.944639	568.145358	568.104672	
20.04263	598.959146	598.944639	568.145358	568.104672	
20.05382	598.959146	598.944639	568.145358	568.104672	
20.06393	598.959146	598.944639	568.145358	568.104672	
20.07403	598.959146	598.944639	568.145358	568.104672	
20.08418	598.959146	598.944639	568.145358	568.104672	
20.09429	598.959146	598.944639	568.145358	568.104672	
20.10448	598.959146	598.944639	568.145358	568.104672	
20.11461	598.959146	598.944639	568.145358	568.104672	
20.12479	598.959146	598.944639	568.145358	568.104672	
20.13498	598.959146	598.944639	568.145358	568.104672	
20.14535	598.959146	598.944639	568.145358	568.104672	
20.15636	598.959146	598.944639	568.145358	568.104672	
20.16687	598.959146	598.944639	568.145358	568.104672	
20.18453	598.959146	598.944639	568.145358	568.104672	
20.18937	598.959146	598.944639	568.145358	568.104672	
20.19958	598.959146	598.944639	568.145358	568.104672	
20.20968	598.959146	598.944639	568.145358	568.104672	
20.21988	598.959146	598.944639	568.145358	568.104672	
20.23002	598.959146	598.944639	568.145358	568.104672	
20.24015	598.959146	598.944639	568.145358	568.104672	
20.25182	598.959146	598.944639	568.145358	568.104672	
20.26068	598.959146	598.944639	568.145358	568.104672	
20.27091	598.959146	598.944639	568.145358	568.104672	
20.28099	598.959146	598.944639	568.145358	568.104672	
20.29111	598.959146	598.944639	568.145358	568.104672	
20.30129	598.959146	598.944639	568.145358	568.104672	
20.31149	598.959146	598.944639	568.145358	568.104672	
20.3216	598.959146	598.944639	568.145358	568.104672	
20.33172	598.959146	598.944639	568.145358	568.104672	
20.3419	598.959146	598.944639	568.145358	568.104672	
20.35205	598.959146	598.944639	568.145358	568.104672	
20.36225	598.959146	598.944639	568.145358	568.104672	
20.37315	598.959146	598.944639	568.145358	568.104672	
20.38252	598.959146	598.944639	568.145358	568.104672	
20.39269	598.959146	598.944639	568.145358	568.104672	
20.40277	598.959146	598.944639	568.145358	568.104672	
20.41296	598.959146	598.944639	568.145358	568.104672	
20.42316	598.959146	598.944639	568.145358	568.104672	
20.43328	598.959146	598.944639	568.145358	568.104672	
20.44341	598.959146	598.944639	568.145358	568.104672	
20.45352	598.959146	598.944639	568.145358	568.104672	
20.46453	598.959146	598.944639	568.145358	568.104672	
20.47466	598.959146	598.944639	568.145358	568.104672	
20.48481	598.959146	598.944639	568.145358	568.104672	
20.49498	598.959146	598.944639	568.145358	568.104672	
20.50541	598.959146	598.944639	568.145358	568.104672	
20.51522	598.959146	598.944639	568.145358	568.104672	
20.52537	598.959146	598.944639	568.145358	568.104672	
20.53558	598.959146	598.944639	568.145358	568.104672	
20.54566	598.959146	598.944639	568.145358	568.104672	
20.55581	598.959146	598.944639	568.145358	568.104672	
20.56716	598.959146	598.944639	568.145358	568.104672	
20.57729	598.959146	598.944639	568.145358	568.104672	
20.58741	598.959146	598.944639	568.145358	568.104672	
20.5976	598.959146	598.944639	568.145358	568.104672	
20.60817	598.959146	598.944639	568.145358	568.104672	
20.61826	598.959146	598.944639	568.145358	568.104672	
20.62841	598.959146	598.944639	568.145358	568.104672	
20.63877	598.959146	598.944639	568.145358	568.104672	
20.64881	598.959146	598.944639	568.145358	568.104672	
20.65892	598.959146	598.944639	568.145358	568.104672	
20.67039	598.959146	598.944639	568.145358	568.104672	
20.68054	598.959146	598.944639	568.145358	568.104672	
20.69068	598.959146	598.944639	568.145358	568.104672	
20.70084	598.959146	598.944639	568.145358	568.104672	
20.71096	598.959146	598.944639	568.145358	568.104672	
20.72115	598.959146	598.944639	568.145358	568.104672	
20.7313	598.959146	598.944639	568.145358	568.104672	
20.74148	598.959146	598.944639	568.145358	568.104672	
20.75166	598.959146	598.944639	568.145358	568.104672	
20.76173	598.959146	598.944639	568.145358	568.104672	
20.773	598.959146	598.944639	568.145358	568.104672	
20.78325	598.959146	598.944639	568.145358	568.104672	
20.79325	598.959146	598.944639	568.145358	568.104672	
20.8035	598.959146	598.944639	568.145358	568.104672	
20.81379	598.959146	598.944639	568.145358	568.104672	
20.82382	598.959146	598.944639	568.145358	568.104672	
20.83396	598.959146	598.944639	568.145358	568.104672	
20.84424	598.959146	598.944639	568.145358	568.104672	
20.85427	598.959146	598.944639	568.145358	568.104672	
20.86436	598.959146	598.944639	568.145358	568.104672	
20.87563	598.959146	598.944639	568.145358	568.104672	
20.88584	598.959146	598.944639	568.145358	568.104672	
20.89594	598.959146	598.944639	568.145358	568.104672	
20.90614	598.959146	598.944639	568.145358	568.104672	
20.91674	598.959146	598.944639	568.145358	568.104672	
20.92641	598.959146	598.944639	568.145358	568.104672	
20.93654	598.959146	598.944639	568.145358	568.104672	
20.94666	598.959146	598.944639	568.145358	568.104672	
20.95684	598.959146	598.944639	568.145358	568.104672	
20.967	598.959146	598.944639	568.145358	568.104672	
20.97838	598.959146	598.944639	568.145358	568.104672	
20.99787	598.959146	598.944639	568.145358	568.104672	
21.00244	598.959146	598.944639	568.145358	568.104672	
21.01254	598.959146	598.944639	568.145358	568.104672	
21.02274	598.959146	598.944639	568.145358	568.104672	
21.03295	598.959146	598.944639	568.145358	568.104672	
21.04306	598.959146	598.944639	568.145358	568.104672	
21.05324	598.959146	598.944639	568.145358	568.104672	
21.06343	598.959146	598.944639	568.145358	568.104672	
21.07353	598.959146	598.944639	568.145358	568.104672	
21.08403	598.959146	598.944639	568.145358	568.104672	
21.09397	598.959146	598.944639	568.145358	568.104672	
21.10403	598.959146	598.944639	568.145358	568.104672	
21.1142	598.959146	598.944639	568.145358	568.104672	
21.12428	598.959146	598.944639	568.145358	568.104672	
21.1345	598.959146	598.944639	568.145358	568.104672	
21.14456	598.959146	598.944639	568.145358	568.104672	
21.1548	598.959146	598.944639	568.145358	568.104672	
21.16497	598.959146	598.944639	568.145358	568.104672	
21.17526	598.959146	598.944639	568.145358	568.104672	
21.18525	598.959146	598.944639	568.145358	568.104672	
21.1954	598.959146	598.944639	568.145358	568.104672	
21.20554	598.959146	598.944639	568.145358	568.104672	
21.2157	598.959146	598.944639	568.145358	568.104672	
21.22582	598.959146	598.944639	568.145358	568.104672	
21.23596	598.959146	598.944639	568.145358	568.104672	
21.2462	598.959146	598.944639	568.145358	568.104672	
21.2563	598.959146	598.944639	568.145358	568.104672	
21.26647	598.959146	598.944639	568.145358	568.104672	
21.27692	598.959146	598.944639	568.145358	568.104672	
21.28674	598.959146	598.944639	568.145358	568.104672	
21.29698	598.959146	598.944639	568.145358	568.104672	
21.30705	598.959146	598.944639	568.145358	568.104672	
21.31717	598.959146	598.944639	568.145358	568.104672	
21.3274	598.959146	598.944639	568.145358	568.104672	
21.33757	598.959146	598.944639	568.145358	568.104672	
21.3477	598.959146	598.944639	568.145358	568.104672	
21.35781	598.959146	598.944639	568.145358	568.104672	
21.36796	598.959146	598.944639	568.145358	568.104672	
21.37887	598.959146	598.944639	568.145358	568.104672	
21.38904	598.959146	598.944639	568.145358	568.104672	
21.39922	598.959146	598.944639	568.145358	568.104672	
21.4093	598.959146	598.944639	568.145358	568.104672	
21.42749	598.959146	598.944639	568.145358	568.104672	
21.43206	598.959146	598.944639	568.145358	568.104672	
21.44221	598.959146	598.944639	568.145358	568.104672	
21.45236	598.959146	598.944639	568.145358	568.104672	
21.46252	598.959146	598.944639	568.145358	568.104672	
21.47286	598.959146	598.944639	568.145358	568.104672	
21.48295	598.959146	598.944639	568.145358	568.104672	
21.49314	598.959146	598.944639	568.145358	568.104672	
21.50332	598.959146	598.944639	568.145358	568.104672	
21.51343	598.959146	598.944639	568.145358	568.104672	
21.52363	598.959146	598.944639	568.145358	568.104672	
21.53395	598.959146	598.944639	568.145358	568.104672	
21.54386	598.959146	598.944639	568.145358	568.104672	
21.55405	598.959146	598.944639	568.145358	568.104672	
21.5642	598.959146	598.944639	568.145358	568.104672	
21.57433	598.959146	598.944639	568.145358	568.104672	
21.58447	598.959146	598.944639	568.145358	568.104672	
21.59474	598.959146	598.944639	568.145358	568.104672	
21.60513	598.959146	598.944639	568.145358	568.104672	
21.61499	598.959146	598.944639	568.145358	568.104672	
21.62508	598.959146	598.944639	568.145358	568.104672	
21.63547	598.959146	598.944639	568.145358	568.104672	
21.64541	598.959146	598.944639	568.145358	568.104672	
21.66894	598.959146	598.944639	568.145358	568.104672	
