15.12937	
15.1396	
15.14968	
15.15978	
15.16998	
15.18011	
15.19025	
15.2004	
15.21055	
15.22158	
15.2315	
15.24164	
15.25178	
15.2619	
15.27204	
15.2822	
15.29238	
15.30248	
15.31261	
15.32305	
15.33294	
15.34305	
15.35319	
15.3634	
15.37486	
15.38363	
15.40163	
15.40595	
15.41613	
15.42628	
15.43649	
15.44661	
15.4568	
15.46701	
15.47709	
15.48725	
15.49738	
15.50761	
15.51769	
15.52784	
15.53807	
15.54817	
15.55831	
15.56848	
15.57864	
15.59665	
15.60099	
15.61113	
15.62129	
15.63144	
15.6416	
15.65177	
15.66182	
15.67201	
15.6822	
15.69229	
15.70245	
15.7126	
15.72293	
15.7329	
15.74301	
15.75313	
15.76331	
15.7734	
15.78355	
15.79377	
15.8039	
15.81399	
15.82411	
15.83459	
15.84443	
15.85457	
15.86468	
15.87485	
15.88502	
15.89519	
15.90529	
15.91549	
15.92558	
15.9357	
15.94589	
15.95607	
15.96623	
15.97633	
15.98647	
15.99664	
16.00679	
16.01698	
16.02711	
16.03725	
16.04741	
16.0576	
16.0678	
16.07789	
16.08805	
16.09821	
16.10836	
16.1185	
16.12865	
16.1388	
16.14899	
16.15915	
16.1693	
16.17952	
16.1896	
16.19971	
16.20991	
16.22006	
16.2302	
16.24035	
16.25047	
16.26065	
16.27081	
16.28094	
16.29114	
16.30128	
16.31143	
16.32168	
16.33177	
16.34187	
16.35214	
16.37097	
16.37683	
16.38562	
16.39583	
16.40589	
16.41608	
16.42628	
16.43639	
16.44656	
16.45672	
16.46693	
16.47711	
16.48722	
16.49739	
16.50758	
16.5177	
16.52783	
16.53804	
16.54817	
16.55831	
16.56846	
16.57865	
16.58881	
16.59892	
16.60908	
16.61924	
16.62941	
16.63954	
16.64969	
16.65986	
16.66997	
16.68016	
16.69031	
16.70043	
16.71061	
16.72072	
16.7309	
16.74113	
16.75127	
16.7614	
16.7716	
16.78166	
16.79187	
16.80198	
16.81214	
16.82225	
16.83243	
16.84261	
16.85271	
16.86284	
16.873	
16.88313	
16.89331	
16.9034	
16.91355	
16.93163	
16.93595	
16.9462	
16.95628	
16.96709	
16.97718	
16.98732	
16.99746	
17.00765	
17.01779	
17.02798	
17.03811	
17.04824	
17.05845	
17.06857	
17.07871	
17.08888	
17.09909	
17.10926	
17.11937	
17.12952	
17.13974	
17.14984	
17.15996	
17.17017	
17.18028	
17.19047	
17.20059	
17.21078	
17.22092	
17.23107	
17.24119	
17.25135	
17.26151	
17.27164	
17.28177	
17.29196	
17.30206	
17.31238	
17.32254	
17.3327	
17.34278	
17.35315	
17.36309	
17.37326	
17.38343	
17.39353	
17.41208	
17.41645	
17.4266	
17.43676	
17.4469	
17.45706	
17.46748	
17.47755	
17.48772	
17.49788	
17.50804	
17.51824	
17.52835	
17.53853	
17.54865	
17.55879	
17.56896	
17.57912	
17.58929	
17.59944	
17.60959	
17.61981	
17.62992	
17.64004	
17.65022	
17.66034	
17.67051	
17.68065	
17.69083	
17.70098	
17.71111	
17.72127	
17.73144	
17.74156	
17.7517	
17.76184	
17.77204	
17.78212	
17.7923	
17.80246	
17.81262	
17.82273	
17.83288	
17.84303	
17.85321	
17.86333	
17.87348	
17.88376	
17.8938	
17.90432	
17.91409	
17.92418	
17.93431	
17.94447	
17.9546	
17.96561	
17.97485	
17.98497	
18.00308	
18.00743	
18.01758	
18.02781	
18.0379	
18.04806	
18.05825	
18.06837	
18.07851	
18.08867	
18.09883	
18.10904	
18.11913	
18.12929	
18.13946	
18.14962	
18.15973	
18.16988	
18.18008	
18.19019	
18.20033	
18.2105	
18.22064	
18.23078	
18.24093	
18.25111	
18.26132	
18.27141	
18.28155	
18.29177	
18.30184	
18.31198	
18.32212	
18.33228	
18.34244	
18.3537	
18.36287	
18.37303	
18.38338	
18.39349	
18.40407	
18.42164	
18.42598	
18.43614	
18.44628	
18.45659	
18.46665	
18.47677	
18.48691	
18.49707	
18.5072	
18.51741	
18.52755	
18.53771	
18.54787	
18.55802	
18.56821	
18.57838	
18.58849	
18.59864	
18.60878	
18.61895	
18.62914	
18.63923	
18.64938	
18.65951	
18.66972	
18.67984	
18.68998	
18.70014	
18.71029	
18.72044	
18.73061	
18.74074	
18.75088	
18.76103	
18.77147	
18.78143	
18.79162	
18.80172	
18.81187	
18.82203	
18.83215	
18.84241	
18.85246	
18.86259	
18.87274	
18.88289	
18.89301	
18.90314	
18.91332	
18.92344	
18.93355	
18.95172	
18.95613	
18.96709	
18.97634	
18.98653	
18.99659	
19.00678	
19.01693	
19.02709	
19.03732	
19.04739	
19.05754	
19.06778	
19.07785	
19.08803	
19.09816	
19.10833	
19.11847	
19.12862	
19.13879	
19.14893	
19.15905	
19.16926	
19.17938	
19.18957	
19.19967	
19.20981	
19.22003	
19.23013	
19.24029	
19.25046	
19.2606	
19.27074	
19.28089	
19.29105	
19.30132	
19.3114	
19.32152	
19.33175	
19.34183	
19.35197	
19.36212	
19.37226	
19.39163	
19.39601	
19.40611	
19.41626	
19.42648	
19.43658	
19.44671	
19.45688	
19.46723	
19.47728	
19.48734	
19.4975	
19.50773	
19.51781	
19.52797	
19.53812	
19.54829	
19.55843	
19.56856	
19.57876	
19.58888	
19.59904	
19.60921	
19.61936	
19.62953	
19.63967	
19.64982	
19.66	
19.67014	
19.68027	
19.69044	
19.70055	
19.71074	
19.72086	
19.73101	
19.74114	
19.7513	
19.76145	
19.77158	
19.78173	
19.7919	
19.80202	
19.81222	
19.82245	
19.83248	
19.84267	
19.85276	
19.86308	
19.87306	
19.88318	
19.8934	
19.90346	
19.9136	
19.92391	
19.93389	
19.94419	
19.95417	
19.96432	
19.97449	
19.98458	
19.99476	
20.0049	
20.01503	
20.02527	
20.03537	
20.04555	
20.05571	
20.06587	
20.07607	
20.08617	
20.09632	
20.10651	
20.11665	
20.12681	
20.13696	
20.14712	
20.15728	
20.16741	
20.17757	
20.18773	
20.19788	
20.20801	
20.21856	
20.22836	
20.23858	
20.24871	
20.25883	
20.26895	
20.27913	
20.28926	
20.29943	
20.30959	
20.3197	
20.32998	
20.3404	
20.3503	
20.3605	
20.37061	
20.39089	
20.40312	
20.40743	
20.41761	
20.42774	
20.43796	
20.44812	
20.45825	
20.47104	208.978473	208.976998	183.243594	183.242118	
20.48111	208.980155	208.976998	183.245276	183.242118	
20.49127	208.982478	208.976998	183.247598	183.242118	
20.50143	208.985422	208.976998	183.250542	183.242118	
20.51176	208.989058	208.976998	183.254178	183.242118	
20.52171	208.993142	208.976998	183.258262	183.250845	
20.5319	208.997956	208.985725	183.263076	183.250845	
20.542	209.003335	208.985725	183.268455	183.250845	
20.55217	209.00938	208.985725	183.2745	183.250845	
20.56225	209.015978	208.985725	183.281099	183.250845	
20.58195	209.03177	208.994451	183.296891	183.250845	
20.58656	209.035379	209.003178	183.300499	183.250845	
20.59668	209.044081	209.003178	183.309201	183.250845	
20.60678	209.053394	209.011905	183.318514	183.250845	
20.61698	209.063425	209.020631	183.328545	183.259571	
20.62713	209.074016	209.029358	183.339137	183.259571	
20.63733	209.085286	209.046811	183.350406	183.259571	
20.64742	209.097045	209.055538	183.362165	183.259571	
20.6576	209.109532	209.072991	183.374652	183.268298	
20.66777	209.122622	209.090444	183.387742	183.268298	
20.67797	209.136394	209.099171	183.401514	183.277025	
20.68814	209.150726	209.116624	183.415846	183.285751	
20.69825	209.165579	209.134078	183.430699	183.294478	
20.7084	209.181123	209.151531	183.446244	183.294478	
20.71857	209.197321	209.168984	183.462442	183.303205	
20.72872	209.214098	209.186437	183.479219	183.320658	
20.73889	209.231544	209.203891	183.496664	183.329385	
20.74903	209.249532	209.230071	183.514652	183.329385	
20.75919	209.268191	209.247524	183.533311	183.346838	
20.76935	209.287543	209.264977	183.552663	183.355565	
20.77982	209.308009	209.291157	183.573129	183.364291	
20.7897	209.32795	209.317337	183.593071	183.373018	
20.79984	209.349039	209.33479	183.614159	183.381745	
20.80998	209.370743	209.36097	183.635863	183.399198	
20.82015	209.393122	209.38715	183.658243	183.407924	
20.8303	209.416084	209.404604	183.681204	183.416651	
20.84044	209.439664	209.43951	183.704784	183.434104	
20.85065	209.464018	209.456964	183.729138	183.442831	
20.86079	209.488822	209.49187	183.753942	183.460284	
20.87087	209.514069	209.509323	183.779189	183.469011	
20.88166	209.541825	209.54423	183.806945	183.486464	
20.89188	209.568736	209.57041	183.833856	183.503918	
20.90195	209.595846	209.59659	183.860966	183.512644	
20.91204	209.623607	209.631496	183.888727	183.530097	
20.9222	209.652213	209.657676	183.917333	183.547551	
20.93242	209.681608	209.683856	183.946728	183.565004	
20.94256	209.711388	209.718763	183.976508	183.582457	
20.95266	209.741649	209.744943	184.00677	183.599911	
20.9628	209.772677	209.771123	184.037797	183.617364	
20.97318	209.805061	209.806029	184.070181	183.643544	
20.98428	209.840481	209.840936	184.105601	183.660997	
20.99445	209.873477	209.875843	184.138597	183.67845	
21.0046	209.907086	209.910749	184.172206	183.70463	
21.01471	209.941124	209.945656	184.206244	183.73081	
21.02489	209.976055	209.980562	184.241176	183.748264	
21.03503	210.011448	210.015469	184.276568	183.78317	
21.04523	210.047694	210.050375	184.312815	183.80935	
21.0554	210.084443	210.085282	184.349563	183.83553	
21.0655	210.121662	210.120189	184.386782	183.852983	
21.07589	210.160353	210.155095	184.425474	183.88789	
21.08711	210.203093	210.190002	184.468213	183.922797	
21.09728	210.242362	210.224908	184.507482	183.948977	
21.10742	210.282161	210.268542	184.547282	183.975156	
21.11763	210.322892	210.312175	184.588012	184.010063	
21.12772	210.363727	210.347081	184.628847	184.036243	
21.13793	210.405652	210.390715	184.670772	184.07115	
21.14815	210.448278	210.434348	184.713398	184.09733	
21.1582	210.490779	210.477981	184.755899	184.132236	
21.16837	210.534434	210.521614	184.799554	184.167143	
21.17856	210.578798	210.565248	184.843919	184.202049	
21.18981	210.628581	210.617607	184.893701	184.236956	
21.19998	210.674134	210.661241	184.939254	184.271862	
21.2101	210.720094	210.713601	184.985214	184.306769	
21.22031	210.767104	210.76596	185.032224	184.341676	
21.23039	210.814085	210.809594	185.079205	184.376582	
21.24057	210.862189	210.861954	185.127309	184.420215	
21.25074	210.910848	210.905587	185.175968	184.455122	
21.26089	210.960033	210.957947	185.225153	184.498755	
21.27107	211.00999	211.010307	185.275111	184.533662	
21.28139	211.062656	211.062666	185.327777	184.577295	
21.29251	211.117356	211.115026	185.382476	184.620928	
21.30267	211.169126	211.167386	185.434247	184.664562	
21.31278	211.221232	211.219746	185.486353	184.708195	
21.32294	211.274243	211.272106	185.539363	184.751828	
21.33311	211.327974	211.324466	185.593095	184.795461	
21.3432	211.381811	211.376826	185.646932	184.830368	
21.35335	211.436648	211.437912	185.701768	184.882728	
21.3635	211.492104	211.490272	185.757224	184.926361	
21.37372	211.548537	211.542632	185.813657	184.969994	
21.38469	211.611572	211.603719	185.876693	185.013627	
21.39549	211.671024	211.664805	185.936144	185.065987	
21.40532	211.727138	211.725892	185.992258	185.10962	
21.41542	211.785407	211.778251	186.050527	185.16198	
21.42556	211.844744	211.839338	186.109865	185.21434	
21.43591	211.90566	211.900424	186.17078	185.257973	
21.44601	211.965789	211.961511	186.230909	185.310333	
21.45619	212.027048	212.022598	186.292168	185.353967	
21.46634	212.088749	212.092411	186.353869	185.406326	
21.4765	212.151169	212.144771	186.416289	185.44996	
21.48684	212.215253	212.214584	186.480373	185.50232	
21.49804	212.285586	212.284397	186.550706	185.563406	
21.50811	212.349234	212.35421	186.614354	185.607039	
21.51816	212.413462	212.415297	186.678582	185.659399	
21.5283	212.478892	212.48511	186.744012	185.711759	
21.53843	212.544886	212.546196	186.810006	185.764119	
21.54864	212.61197	212.616009	186.87709	185.816479	
21.55877	212.679154	212.685823	186.944274	185.868839	
21.56893	212.74713	212.755636	187.01225	185.921199	
21.57909	212.815779	212.825449	187.080899	185.982285	
21.58923	212.884958	212.903989	187.150079	186.034645	
21.60054	212.9629	212.982529	187.22802	186.095731	
21.61074	213.033689	213.052342	187.298809	186.156818	
21.62081	213.104221	213.130882	187.369341	186.217905	
21.63095	213.175855	213.200695	187.440976	186.270264	
21.64106	213.247904	213.279235	187.513024	186.331351	
21.65129	213.321432	213.349048	187.586552	186.392437	
21.66141	213.394861	213.418861	187.659981	186.453524	
21.67155	213.468935	213.497401	187.734055	186.514611	
21.68168	213.543662	213.575941	187.808782	186.575697	
21.6918	213.618848	213.645754	187.883969	186.636784	
21.70319	213.704347	213.73302	187.969468	186.706597	
21.71363	213.783281	213.81156	188.048401	186.767683	
21.7238	213.860792	213.8901	188.125912	186.837496	
21.73387	213.938154	213.959913	188.203274	186.889856	
21.74434	214.019322	214.038453	188.284442	186.959669	
21.75416	214.095958	214.116993	188.361078	187.020756	
21.76435	214.176125	214.195532	188.441245	187.090569	
21.77444	214.256145	214.274072	188.521265	187.151656	
21.78463	214.337463	214.361339	188.602583	187.221469	
21.7948	214.419345	214.439879	188.684465	187.282555	
21.80613	214.511466	214.527145	188.776586	187.361095	
21.81619	214.593653	214.605685	188.858773	187.422182	
21.82633	214.677195	214.692951	188.942315	187.491995	
21.83648	214.761421	214.780218	189.026542	187.553081	
21.84664	214.846384	214.858758	189.111504	187.622895	
21.85681	214.932018	214.946024	189.197138	187.692708	
21.86699	215.0184	215.024564	189.28352	187.762521	
21.87713	215.105042	215.11183	189.370162	187.832334	
21.88723	215.191901	215.199097	189.457021	187.902147	
21.89743	215.280273	215.286363	189.545393	187.963234	
21.90874	215.379166	215.382356	189.644286	188.041774	
21.91896	215.468979	215.478349	189.734099	188.111587	
21.92909	215.558667	215.565616	189.823787	188.1814	
21.93926	215.649402	215.652882	189.914522	188.251213	
21.94944	215.740767	215.740149	190.005888	188.321026	
21.95958	215.832444	215.827415	190.097564	188.399566	
21.97055	215.932427	215.914682	190.197548	188.469379	
21.97986	216.01762	216.001948	190.282741	188.547919	
21.98997	216.110832	216.089215	190.375952	188.617732	
22.00011	216.2049	216.176481	190.470021	188.696272	
22.01165	216.312933	216.281201	190.578053	188.774812	
22.02183	216.40869	216.385921	190.673811	188.853352	
22.03195	216.504514	216.473187	190.769634	188.931892	
22.04209	216.60126	216.56918	190.86638	189.001705	
22.05226	216.698856	216.665173	190.963977	189.080245	
22.06244	216.797103	216.761166	191.062223	189.158784	
22.07253	216.895107	216.85716	191.160227	189.237324	
22.08272	216.994709	216.961879	191.259829	189.315864	
22.0928	217.09396	217.057872	191.359081	189.394404	
22.10301	217.195041	217.162592	191.460161	189.472944	
22.11427	217.307302	217.276039	191.572423	189.56021	
22.12445	217.409345	217.380758	191.674465	189.647477	
22.13456	217.511346	217.485478	191.776466	189.726016	
22.14466	217.613798	217.590198	191.878918	189.813283	
22.15485	217.71788	217.694918	191.983	189.891823	
22.16499	217.821995	217.808364	192.087116	189.970362	
22.17518	217.927249	217.92181	192.192369	190.057629	
22.18532	218.032673	218.02653	192.297794	190.136169	
22.19558	218.140002	218.139977	192.405123	190.232162	
22.20592	218.248706	218.253423	192.513827	190.310702	
22.21701	218.36621	218.375596	192.63133	190.406695	
22.22717	218.474311	218.489042	192.739431	190.493961	
22.23731	218.582771	218.602489	192.847891	190.581228	
22.24744	218.691826	218.707209	192.956946	190.668494	
22.25761	218.801944	218.829382	193.067064	190.755761	
22.26777	218.912573	218.934101	193.177693	190.843027	
22.2779	219.023479	219.047548	193.288599	190.93902	
22.28805	219.135234	219.160994	193.400354	191.026287	
22.29821	219.247651	219.265714	193.512772	191.113553	
22.30838	219.36089	219.387887	193.62601	191.209546	
22.32	219.491164	219.51006	193.756284	191.305539	
22.33051	219.609628	219.61478	193.874749	191.401532	
22.3402	219.719202	219.728226	193.984322	191.497526	
22.35023	219.833351	219.841673	194.098472	191.584792	
22.37028	220.064633	220.068565	194.329753	191.768052	
22.37483	220.116949	220.120925	194.382069	191.811685	
22.38495	220.234221	220.234372	194.499342	191.907678	
22.3952	220.353694	220.347818	194.618814	192.003671	
22.4053	220.471979	220.469991	194.737099	192.090937	
22.41834	220.627694	220.592164	194.892814	192.195657	
22.42603	220.716946	220.705611	194.982067	192.29165	
22.43608	220.836405	220.827784	195.101525	192.387643	
22.44618	220.957143	220.949957	195.222264	192.483637	
22.45631	221.078978	221.07213	195.344098	192.57963	
22.46651	221.20133	221.203029	195.46645	192.684349	
22.47667	221.32325	221.325202	195.58837	192.780343	
22.4868	221.444798	221.447375	195.709918	192.885062	
22.49695	221.566562	221.578275	195.831682	192.981055	
22.50709	221.688266	221.709175	195.953386	193.085775	
22.51725	221.810186	221.831348	196.075306	193.190495	
22.52771	221.935826	221.962248	196.200946	193.295215	
22.53766	222.055622	222.093147	196.320742	193.399934	
22.54779	222.176726	222.21532	196.441846	193.504654	
22.55788	222.29777	222.337493	196.56289	193.618101	
22.56809	222.420314	222.459666	196.685434	193.72282	
22.57823	222.541934	222.590566	196.807054	193.82754	
22.58844	222.664478	222.712739	196.929598	193.940986	
22.59855	222.785846	222.834912	197.050966	194.045706	
22.60866	222.90707	222.948359	197.17219	194.150426	
22.61888	223.029806	223.070532	197.294926	194.255146	
22.62942	223.156454	223.192705	197.421574	194.359866	
22.63922	223.273838	223.297425	197.538958	194.464585	
22.64933	223.395158	223.419598	197.660278	194.569305	
22.65951	223.517294	223.533044	197.782414	194.674025	
22.66972	223.639826	223.64649	197.904946	194.778745	
22.67983	223.761194	223.759937	198.026314	194.883464	
22.68998	223.882958	223.873383	198.148078	194.988184	
22.70017	224.005238	223.98683	198.270358	195.092904	
22.71029	224.126678	224.100276	198.391798	195.197624	
22.72039	224.247878	224.222449	198.512998	195.302343	
22.73076	224.37245	224.335895	198.63757	195.407063	
22.74083	224.49323	224.449342	198.75835	195.511783	
22.75094	224.614502	224.571515	198.879622	195.616503	
22.7611	224.73641	224.693688	199.00153	195.721222	
22.77139	224.862122	224.807134	199.127242	195.825942	
22.78143	224.980334	224.929307	199.245454	195.930662	
22.79157	225.102026	225.05148	199.367146	196.035382	
22.80171	225.22409	225.173653	199.48921	196.140101	
22.81187	225.345602	225.295826	199.610722	196.244821	
22.82195	225.466742	225.426726	199.731862	196.349541	
22.83323	225.602126	225.566353	199.867246	196.462987	
22.84326	225.722318	225.697252	199.987438	196.567707	
22.85343	225.844406	225.828152	200.109526	196.672427	
22.86352	225.965474	225.950325	200.230594	196.777147	
22.88196	226.186814	226.089951	200.451934	196.881866	
22.88651	226.24127	226.247031	200.50639	197.012766	
22.89666	226.36313	226.386657	200.62825	197.117486	
22.90682	226.485062	226.517557	200.750182	197.222205	
22.91693	226.606394	226.648457	200.871514	197.326925	
22.9271	226.728434	226.788083	200.993554	197.431645	
22.93756	226.854086	226.918983	201.119206	197.536365	
22.94764	226.974926	227.049882	201.240046	197.649811	
22.95769	227.094582	227.180782	201.359702	197.754531	
22.96773	227.213526	227.311682	201.478646	197.859251	
22.97792	227.333691	227.433855	201.598811	197.96397	
22.98802	227.452162	227.556028	201.717282	198.06869	
22.99814	227.570217	227.678201	201.835338	198.17341	
23.00828	227.687901	227.800374	201.953021	198.27813	
23.01842	227.804956	227.91382	202.070076	198.382849	
23.02865	227.922455	228.027267	202.187575	198.487569	
23.03916	228.042554	228.140713	202.307674	198.592289	
23.04896	228.15373	228.245433	202.41885	198.697009	
23.05919	228.269355	228.358879	202.534475	198.801728	
23.06929	228.382937	228.454872	202.648057	198.906448	
23.07941	228.496028	228.559592	202.761149	199.011168	
23.08959	228.609289	228.655585	202.87441	199.115888	
23.09977	228.721753	228.751578	202.986873	199.220607	
23.10994	228.833597	228.847572	203.098717	199.325327	
23.12009	228.944679	228.943565	203.209799	199.430047	
23.13022	229.054744	229.039558	203.319865	199.52604	
23.14114	229.172854	229.135551	203.437975	199.639486	
23.1513	229.282005	229.231544	203.547125	199.73548	
23.16141	229.390104	229.327537	203.655224	199.840199	
23.17159	229.498211	229.42353	203.763331	199.944919	
23.18175	229.605646	229.519523	203.870766	200.040912	
23.19189	229.712159	229.615516	203.97728	200.136905	
23.20201	229.817871	229.720236	204.082991	200.241625	
23.2122	229.923638	229.816229	204.188758	200.337618	
23.2223	230.027903	229.920949	204.293023	200.433611	
23.23285	230.136133	230.025669	204.401253	200.529604	
23.24383	230.248099	230.147842	204.513219	200.634324	
23.25397	230.350823	230.261288	204.615943	200.730317	
23.26413	230.45314	230.374735	204.718261	200.817584	
23.27422	230.554156	230.488181	204.819276	200.913577	
23.28466	230.658081	230.610354	204.923202	201.00957	
23.29456	230.755916	230.715074	205.021036	201.096836	
23.3047	230.855581	230.837247	205.120701	201.184103	
23.31487	230.954989	230.95942	205.220109	201.271369	
23.32496	231.052901	231.072866	205.318022	201.367362	
23.3355	231.154591	231.186313	205.419711	201.454629	
23.34651	231.260109	231.308486	205.525229	201.550622	
23.35671	231.357149	231.421932	205.622269	201.646615	
23.36699	231.454382	231.535379	205.719502	201.725155	
23.37693	231.547744	231.640098	205.812864	201.821148	
23.38712	231.642855	231.736091	205.907975	201.899688	
23.39729	231.737236	231.840811	206.002356	201.995681	
23.40738	231.830221	231.936804	206.095341	202.074221	
23.41756	231.923404	232.024071	206.188525	202.161487	
23.4277	232.015635	232.120064	206.280755	202.248754	
23.43792	232.107957	232.198604	206.373077	202.33602	
23.44917	232.2088	232.294597	206.47392	202.432013	
23.45927	232.298655	232.373137	206.563776	202.51928	
23.46949	232.389084	232.460403	206.654204	202.59782	
23.47962	232.478053	232.530216	206.743173	202.676359	
23.48976	232.566469	232.608756	206.83159	202.763626	
23.49993	232.654615	232.678569	206.919735	202.842166	
23.51005	232.741682	232.757109	207.006802	202.920705	
23.52021	232.828424	232.826922	207.093544	202.999245	
23.5304	232.914911	232.896735	207.180031	203.086512	
23.54056	233.000351	232.966549	207.265471	203.156325	
23.55273	233.101915	233.053815	207.367036	203.252318	
23.56315	233.188256	233.123628	207.453376	203.330858	
23.57276	233.267293	233.202168	207.532413	203.400671	
23.58327	233.35313	233.280708	207.61825	203.479211	
23.59319	233.433507	233.350521	207.698627	203.549024	
23.60333	233.515024	233.437787	207.780144	203.627564	
23.61347	233.596007	233.525054	207.861127	203.697377	
23.62361	233.676337	233.603594	207.941457	203.76719	
23.63381	233.756784	233.69086	208.021904	203.84573	
23.64439	233.839065	233.778127	208.104185	203.915543	
23.65517	233.9225	233.87412	208.18762	203.994083	
23.66534	234.000504	233.970113	208.265624	204.063896	
23.67551	234.077945	234.057379	208.343065	204.133709	
23.68569	234.154851	234.153372	208.419971	204.203522	
23.69579	234.23048	234.240639	208.4956	204.273336	
23.70597	234.306141	234.327905	208.571261	204.334422	
23.71613	234.381052	234.415172	208.646172	204.404235	
23.72628	234.45524	234.502438	208.72036	204.474049	
23.7364	234.528614	234.580978	208.793734	204.535135	
23.74657	234.601782	234.659518	208.866902	204.604948	
23.75792	234.682634	234.746784	208.947754	204.674761	
23.76807	234.754246	234.825324	209.019366	204.735848	
23.77821	234.825252	234.895137	209.090372	204.805661	
23.78844	234.896256	234.964951	209.161376	204.866748	
23.79848	234.965306	235.026037	209.230426	204.936561	
23.80865	235.034725	235.09585	209.299845	204.997647	
23.81882	235.103495	235.165663	209.368615	205.058734	
23.82896	235.171431	235.218023	209.436551	205.11982	
23.83912	235.238846	235.27911	209.503966	205.180907	
23.84923	235.30535	235.33147	209.57047	205.241993	
23.86082	235.380812	235.392556	209.645932	205.311807	
23.87064	235.444159	235.444916	209.709279	205.372893	
23.88078	235.508938	235.497276	209.774058	205.43398	
23.89102	235.573736	235.549636	209.838856	205.495066	
23.90106	235.636737	235.601996	209.901858	205.556153	
23.91128	235.700228	235.654356	209.965349	205.608513	
23.92141	235.762462	235.706715	210.027582	205.669599	
23.9316	235.824544	235.759075	210.089664	205.730686	
23.94177	235.885865	235.820162	210.150986	205.783045	
23.95185	235.946067	235.872522	210.211187	205.844132	
23.96346	236.014543	235.933608	210.279663	205.905219	
23.97418	236.077071	235.994695	210.342191	205.957578	
23.98346	236.13076	236.055781	210.39588	206.018665	
23.99362	236.188871	236.116868	210.453991	206.071025	
24.01209	236.292087	236.177954	210.557207	206.123385	
24.01665	236.317573	236.256494	210.582693	206.193198	
24.02682	236.373779	236.317581	210.638899	206.245558	
24.03697	236.429242	236.387394	210.694362	206.297918	
24.04707	236.483819	236.457207	210.748939	206.350277	
24.05726	236.538302	236.52702	210.803422	206.402637	
24.06763	236.593067	236.596833	210.858187	206.454997	
24.07783	236.646308	236.65792	210.911428	206.507357	
24.08789	236.698255	236.719006	210.963375	206.55099	
24.09827	236.751226	236.780093	211.016346	206.60335	
24.10825	236.801525	236.841179	211.066645	206.646983	
24.11835	236.851872	236.902266	211.116992	206.690617	
24.12849	236.901794	236.954626	211.166914	206.742977	
24.13865	236.951166	237.006986	211.216286	206.78661	
24.14879	236.999886	237.059346	211.265006	206.821516	
24.15894	237.048027	237.111706	211.313147	206.873876	
24.17734	237.132893	237.190245	211.398014	206.952416	
24.18202	237.154478	237.216425	211.419598	206.969869	
24.19211	237.200387	237.260059	211.465508	207.013503	
24.2025	237.246984	237.303692	211.512104	207.057136	
24.21286	237.292845	237.347325	211.557966	207.100769	
24.22258	237.335281	237.382232	211.600401	207.135676	
24.23273	237.378988	237.417138	211.644109	207.170582	
24.24284	237.421961	237.452045	211.687082	207.214215	
24.25299	237.464484	237.486951	211.729604	207.249122	
24.26316	237.506457	237.521858	211.771577	207.292755	
24.27338	237.548037	237.556764	211.813157	207.327662	
24.28351	237.588651	237.591671	211.853771	207.362568	
24.29364	237.628662	237.626578	211.893782	207.397475	
24.30383	237.668276	237.652758	211.933396	207.432382	
24.31432	237.708466	237.678938	211.973586	207.467288	
24.32409	237.7453	237.713844	212.010421	207.502195	
24.33424	237.78295	237.748751	212.04807	207.537101	
24.34434	237.819833	237.783657	212.084953	207.563281	
24.36543	237.893627	237.809837	212.158747	207.589461	
24.37283	237.919476	237.862197	212.184596	207.641821	
24.38014	237.944673	237.897104	212.209793	207.668001	
24.39028	237.978994	237.93201	212.244114	207.694181	
24.40046	238.012822	237.966917	212.277942	207.729088	
24.41059	238.045909	238.001823	212.311029	207.755268	
24.42081	238.078665	238.045457	212.343785	207.772721	
24.43097	238.110655	238.080363	212.375775	207.798901	
24.4413	238.142513	238.123996	212.407633	207.825081	
24.45125	238.17267	238.158903	212.43779	207.851261	
24.46146	238.203651	238.202536	212.468771	207.877441	
24.47391	238.239072	238.237443	212.504192	207.90362	
24.48174	238.26133	238.272349	212.52645	207.9298	
24.49187	238.289624	238.307256	212.554744	207.947254	
24.50204	238.317437	238.342163	212.582558	207.973434	
24.51211	238.344396	238.377069	212.609516	207.990887	
24.52238	238.371228	238.411976	212.636348	208.017067	
24.53255	238.39724	238.438156	212.66236	208.043247	
24.54261	238.422397	238.473062	212.687518	208.0607	
24.55275	238.44715	238.499242	212.71227	208.078153	
24.5631	238.471795	238.525422	212.736915	208.104333	
24.57514	238.499591	238.551602	212.764711	208.121787	
24.58354	238.51862	238.569055	212.783741	208.13924	
24.59371	238.541055	238.586509	212.806175	208.156693	
24.60387	238.562885	238.612689	212.828005	208.174147	
24.61405	238.584154	238.630142	212.849274	208.1916	
24.62447	238.605304	238.647595	212.870424	208.209053	
24.6343	238.624703	238.656322	212.889823	208.21778	
24.64453	238.644305	238.673775	212.909425	208.235233	
24.65456	238.662944	238.691229	212.928065	208.252686	
24.6647	238.681215	238.699955	212.946336	208.261413	
24.67489	238.698979	238.708682	212.964099	208.27014	
24.68512	238.716227	238.717408	212.981347	208.287593	
24.70304	238.744228	238.734862	213.009348	208.29632	
24.70758	238.751384	238.734862	213.016504	208.29632	
24.71774	238.766654	238.743588	213.031774	208.305046	
24.7279	238.781357	238.752315	213.046477	208.313773	
24.73806	238.795482	238.761042	213.060603	208.313773	
24.74821	238.809022	238.761042	213.074142	208.313773	
24.75836	238.821994	238.761042	213.087115	208.313773	
24.76847	238.834343	238.769768	213.099463	208.313773	
24.78045	238.848162	238.778495	213.113283	208.313773	
24.78887	238.857552	238.778495	213.122672	208.313773	
24.79897	238.868218	238.778495	213.133339	208.313773	
24.80913	238.878396	238.787222	213.143516	208.313773	
24.81925	238.88799	238.795948	213.15311	208.313773	
24.82952	238.897153	238.795948	213.162273	208.313773	
24.83958	238.905605	238.804675	213.170725	208.313773	
24.84974	238.913592	238.813402	213.178712	208.313773	
24.8599	238.92105	238.822128	213.18617	208.313773	
24.87006	238.92797	238.839581	213.19309	208.313773	
24.88316	238.935932	238.848308	213.201052	208.313773	
24.8907	238.940338	238.865761	213.205458	208.313773	
24.90084	238.945689	238.883215	213.210809	208.313773	
24.91094	238.950525	238.900668	213.215645	208.313773	
24.92114	238.95491	238.918121	213.22003	208.313773	
24.93159	238.958921	238.935575	213.224041	208.313773	
24.94153	238.962255	238.953028	213.227375	208.313773	
24.95158	238.965211	238.970481	213.230332	208.313773	
24.96174	238.967766	238.987934	213.232887	208.313773	
24.9719	238.969916	239.005388	213.235036	208.313773	
24.98211	238.971693	239.022841	213.236813	208.313773	
24.99245	238.976998	239.040294	213.242118	208.313773	
25.00248	238.976998	239.049021	213.242118	208.313773	
25.01265	238.976998	239.057748	213.242118	208.313773	
25.02274	238.976998	239.057748	213.242118	208.313773	
25.0331	238.976998	239.057748	213.242118	208.313773	
25.04313	238.976998	239.057748	213.242118	208.313773	
25.05319	238.976998	239.057748	213.242118	208.313773	
25.06334	238.976998	239.049021	213.242118	208.313773	
25.07345	238.976998	239.049021	213.242118	208.313773	
25.08362	238.976998	239.040294	213.242118	208.313773	
25.09422	238.976998	239.040294	213.242118	208.313773	
25.10432	238.976998	239.031568	213.242118	208.313773	
25.11445	238.976998	239.022841	213.242118	208.313773	
25.12462	238.976998	239.014114	213.242118	208.313773	
25.13477	238.976998	239.005388	213.242118	208.313773	
25.14492	238.976998	239.005388	213.242118	208.313773	
25.15507	238.976998	238.987934	213.242118	208.313773	
25.16527	238.976998	238.987934	213.242118	208.313773	
25.17534	238.976998	238.970481	213.242118	208.313773	
25.1858	238.976998	238.970481	213.242118	208.313773	
25.19591	238.976998	238.961755	213.242118	208.313773	
25.20616	238.976998	238.953028	213.242118	208.313773	
25.21629	238.976998	238.953028	213.242118	208.313773	
25.22682	238.976998	238.953028	213.242118	208.313773	
25.237	238.976998	238.953028	213.242118	208.313773	
25.24726	238.976998	238.953028	213.242118	208.313773	
25.2573	238.976998	238.961755	213.242118	208.313773	
25.26747	238.976998	238.961755	213.242118	208.313773	
25.2776	238.976998	238.970481	213.242118	208.313773	
25.28778	238.976998	238.970481	213.242118	208.313773	
25.29805	238.976998	238.970481	213.242118	208.313773	
25.30814	238.976998	238.979208	213.242118	208.313773	
25.31828	238.976998	238.979208	213.242118	208.313773	
25.32841	238.976998	238.979208	213.242118	208.313773	
25.33856	238.976998	238.979208	213.242118	208.313773	
25.34884	238.976998	238.979208	213.242118	208.313773	
25.35889	238.976998	238.970481	213.242118	208.313773	
25.36903	238.976998	238.970481	213.242118	208.313773	
25.37923	238.976998	238.970481	213.242118	208.313773	
25.38932	238.976998	238.970481	213.242118	208.313773	
25.40212	238.976998	238.970481	213.242118	208.313773	
25.41188	238.976998	238.970481	213.242118	208.313773	
25.42213	238.976998	238.970481	213.242118	208.313773	
25.43224	238.976998	238.970481	213.242118	208.313773	
25.44284	238.976998	238.970481	213.242118	208.313773	
25.45264	238.976998	238.970481	213.242118	208.313773	
25.46272	238.976998	238.970481	213.242118	208.313773	
25.47283	238.976998	238.970481	213.242118	208.313773	
25.483	238.976998	238.970481	213.242118	208.313773	
25.49315	238.976998	238.970481	213.242118	208.313773	
25.50484	238.976998	238.970481	213.242118	208.313773	
25.51467	238.976998	238.970481	213.242118	208.313773	
25.52491	238.976998	238.970481	213.242118	208.313773	
25.53492	238.976998	238.970481	213.242118	208.313773	
25.54513	238.976998	238.970481	213.242118	208.313773	
25.56322	238.976998	238.970481	213.242118	208.313773	
25.56778	238.976998	238.970481	213.242118	208.313773	
25.57796	238.976998	238.970481	213.242118	208.313773	
25.58807	238.976998	238.970481	213.242118	208.313773	
25.59824	238.976998	238.970481	213.242118	208.313773	
25.60877	238.976998	238.970481	213.242118	208.313773	
25.61859	238.976998	238.970481	213.242118	208.313773	
25.62881	238.976998	238.970481	213.242118	208.313773	
25.63892	238.976998	238.970481	213.242118	208.313773	
25.64902	238.976998	238.970481	213.242118	208.313773	
25.65921	238.976998	238.970481	213.242118	208.313773	
25.66939	238.976998	238.970481	213.242118	208.313773	
25.67949	238.976998	238.970481	213.242118	208.313773	
25.68964	238.976998	238.970481	213.242118	208.313773	
25.69977	238.976998	238.970481	213.242118	208.313773	
25.71025	238.976998	238.970481	213.242118	208.313773	
25.72017	238.976998	238.970481	213.242118	208.313773	
25.73031	238.976998	238.970481	213.242118	208.313773	
25.74054	238.976998	238.970481	213.242118	208.313773	
25.75058	238.976998	238.970481	213.242118	208.313773	
25.76077	238.976998	238.970481	213.242118	208.313773	
25.77097	238.976998	238.970481	213.242118	208.313773	
25.7811	238.976998	238.970481	213.242118	208.313773	
25.79127	238.976998	238.970481	213.242118	208.313773	
25.80157	238.976998	238.970481	213.242118	208.313773	
25.8209	238.976998	238.970481	213.242118	208.313773	
25.82557	238.976998	238.970481	213.242118	208.313773	
25.83573	238.976998	238.970481	213.242118	208.313773	
25.84588	238.976998	238.970481	213.242118	208.313773	
25.85604	238.976998	238.970481	213.242118	208.313773	
25.86621	238.976998	238.970481	213.242118	208.313773	
25.87666	238.976998	238.970481	213.242118	208.313773	
25.88673	238.976998	238.970481	213.242118	208.313773	
25.89686	238.976998	238.970481	213.242118	208.313773	
25.907	238.976998	238.970481	213.242118	208.313773	
25.91723	238.976998	238.970481	213.242118	208.313773	
25.92737	238.976998	238.970481	213.242118	208.313773	
25.93754	238.976998	238.970481	213.242118	208.313773	
25.94766	238.976998	238.970481	213.242118	208.313773	
25.95786	238.976998	238.970481	213.242118	208.313773	
25.9681	238.976998	238.970481	213.242118	208.313773	
25.979	238.976998	238.970481	213.242118	208.313773	
25.98827	238.976998	238.970481	213.242118	208.313773	
25.99839	238.976998	238.970481	213.242118	208.313773	
26.00855	238.976998	238.970481	213.242118	208.313773	
26.01882	238.976998	238.970481	213.242118	208.313773	
26.02897	238.976998	238.970481	213.242118	208.313773	
26.03906	238.976998	238.970481	213.242118	208.313773	
26.0492	238.976998	238.970481	213.242118	208.313773	
26.05938	238.976998	238.970481	213.242118	208.313773	
26.06953	238.976998	238.970481	213.242118	208.313773	
26.07967	238.976998	238.970481	213.242118	208.313773	
26.08983	238.976998	238.970481	213.242118	208.313773	
26.10002	238.976998	238.970481	213.242118	208.313773	
26.11019	238.976998	238.970481	213.242118	208.313773	
26.1208	238.976998	238.970481	213.242118	208.313773	
26.13068	238.976998	238.970481	213.242118	208.313773	
26.1409	238.976998	238.970481	213.242118	208.313773	
26.15099	238.976998	238.970481	213.242118	208.313773	
26.1611	238.976998	238.970481	213.242118	208.313773	
26.17136	238.976998	238.970481	213.242118	208.313773	
26.18146	238.976998	238.970481	213.242118	208.313773	
26.19163	238.976998	238.970481	213.242118	208.313773	
26.20177	238.976998	238.970481	213.242118	208.313773	
26.21188	238.976998	238.970481	213.242118	208.313773	
26.22366	238.976998	238.970481	213.242118	208.313773	
26.2335	238.976998	238.970481	213.242118	208.313773	
26.24371	238.976998	238.970481	213.242118	208.313773	
26.25381	238.976998	238.970481	213.242118	208.313773	
26.26434	238.976998	238.970481	213.242118	208.313773	
26.2741	238.976998	238.970481	213.242118	208.313773	
26.28423	238.976998	238.970481	213.242118	208.313773	
26.29441	238.976998	238.970481	213.242118	208.313773	
26.3045	238.976998	238.970481	213.242118	208.313773	
26.31468	238.976998	238.970481	213.242118	208.313773	
26.32615	238.976998	238.970481	213.242118	208.313773	
26.33622	238.976998	238.970481	213.242118	208.313773	
26.34633	238.976998	238.970481	213.242118	208.313773	
26.36612	238.976998	238.970481	213.242118	208.313773	
26.37069	238.976998	238.970481	213.242118	208.313773	
26.3809	238.976998	238.970481	213.242118	208.313773	
26.391	238.976998	238.970481	213.242118	208.313773	
26.40179	238.976998	238.970481	213.242118	208.313773	
26.41173	238.976998	238.970481	213.242118	208.313773	
26.4218	238.976998	238.970481	213.242118	208.313773	
26.43283	238.976998	238.970481	213.242118	208.313773	
26.44214	238.976998	238.970481	213.242118	208.313773	
26.45226	238.976998	238.970481	213.242118	208.313773	
26.46241	238.976998	238.970481	213.242118	208.313773	
26.47286	238.976998	238.970481	213.242118	208.313773	
26.48271	238.976998	238.970481	213.242118	208.313773	
26.49288	238.976998	238.970481	213.242118	208.313773	
26.50298	238.976998	238.970481	213.242118	208.313773	
26.51309	238.976998	238.970481	213.242118	208.313773	
26.52332	238.976998	238.970481	213.242118	208.313773	
26.53354	238.976998	238.970481	213.242118	208.313773	
26.54363	238.976998	238.970481	213.242118	208.313773	
26.55382	238.976998	238.970481	213.242118	208.313773	
26.56393	238.976998	238.970481	213.242118	208.313773	
26.57447	238.976998	238.970481	213.242118	208.313773	
26.5842	238.976998	238.970481	213.242118	208.313773	
26.59435	238.976998	238.970481	213.242118	208.313773	
26.61265	238.976998	238.970481	213.242118	208.313773	
26.61715	238.976998	238.970481	213.242118	208.313773	
26.62982	238.976998	238.970481	213.242118	208.313773	
26.63772	238.976998	238.970481	213.242118	208.313773	
26.65565	238.976998	238.970481	213.242118	208.313773	
26.66572	238.976998	238.970481	213.242118	208.313773	
