5.192429	
5.202537	
5.212626	
5.222779	
5.233002	
5.243107	
5.253335	
5.263408	
5.273603	
5.283695	
5.293823	
5.304016	
5.314097	
5.32429	
5.334514	
5.344542	
5.354663	
5.364824	
5.374973	
5.385171	
5.395273	
5.405411	
5.423577	
5.427926	
5.438055	
5.448265	
5.458355	
5.468516	
5.478633	
5.488816	
5.498941	
5.509108	
5.51929	
5.529408	
5.539567	
5.549707	
5.559915	
5.570004	
5.580185	
5.590374	
5.600497	
5.610629	
5.620776	
5.63093	
5.641123	
5.651233	
5.661336	
5.671667	
5.681685	
5.69182	
5.701965	
5.712143	
5.72228	
5.732415	
5.742589	
5.752723	
5.762864	
5.772969	
5.7832	
5.793354	
5.803489	
5.813618	
5.82384	
5.833916	
5.844053	
5.854261	
5.864365	
5.874485	
5.884629	
5.894763	
5.90491	
5.915044	
5.925212	
5.93535	
5.945475	
5.955677	
5.965808	
5.97601	
5.986093	
5.996197	
6.006378	
6.016502	
6.035618	
6.040018	
6.050127	
6.060259	
6.070462	
6.080582	
6.090719	
6.100896	
6.11146	
6.121561	
6.131684	
6.141802	
6.15202	
6.162116	
6.172272	
6.182452	
6.192586	
6.202743	
6.212869	
6.223027	
6.233247	
6.24331	
6.253447	
6.263649	
6.273699	
6.283893	
6.294025	
6.304243	
6.314361	
6.324482	
6.334651	
6.344756	
6.354879	
6.365025	
6.375173	
6.385337	
6.395436	
6.405681	
6.415847	
6.425927	
6.436039	
6.446932	
6.456297	
6.466407	
6.476555	
6.486729	
6.496882	
6.507867	
6.517251	
6.527393	
6.537497	
6.54763	
6.55878	
6.568934	
6.579017	
6.599273	
6.603604	
6.614052	
6.624261	
6.634333	
6.644477	
6.654942	
6.664745	
6.674873	
6.685019	
6.695184	
6.705405	
6.715612	
6.725709	
6.73586	
6.746038	
6.756048	
6.766209	
6.776356	
6.78649	
6.796617	
6.806767	
6.816902	
6.827145	
6.837264	
6.847403	
6.857558	
6.867697	
6.87786	
6.888023	
6.898145	
6.908302	
6.918696	
6.928617	
6.938775	
6.948919	
6.959081	
6.969312	
6.979381	
6.989533	
6.999741	
7.014253	398.975438	398.97354	368.205284	368.203386	
7.020041	398.976243	398.97354	368.206088	368.203386	
7.030536	398.978513	398.982267	368.208358	368.203386	
7.040473	398.981235	398.982267	368.211081	368.203386	
7.050831	398.984734	398.982267	368.21458	368.212112	
7.060799	398.988684	398.990994	368.218529	368.212112	
7.070938	398.993323	398.99972	368.223168	368.212112	
7.081103	398.998594	398.99972	368.228439	368.212112	
7.091248	399.004472	398.99972	368.234317	368.212112	
7.101383	399.010961	398.99972	368.240807	368.212112	
7.111543	399.01809	398.99972	368.247935	368.212112	
7.122007	399.026098	398.99972	368.255943	368.220839	
7.132082	399.034401	398.99972	368.264246	368.220839	
7.14199	399.043146	398.99972	368.272992	368.229566	
7.152206	399.052806	398.99972	368.282651	368.238292	
7.162273	399.062927	398.99972	368.292772	368.255746	
7.172458	399.073794	398.99972	368.30364	368.264472	
7.182644	399.085283	398.99972	368.315128	368.281925	
7.192745	399.097286	398.99972	368.327131	368.299379	
7.202954	399.11005	398.99972	368.339895	368.316832	
7.213049	399.123801	398.99972	368.353646	368.334285	
7.223457	399.137588	399.017174	368.367433	368.351739	
7.233504	399.151962	399.0259	368.381807	368.369192	
7.243624	399.167078	399.043354	368.396923	368.377919	
7.253748	399.182815	399.060807	368.41266	368.395372	
7.263921	399.19926	399.086987	368.429106	368.404099	
7.274056	399.216241	399.113167	368.446086	368.421552	
7.284169	399.233806	399.148073	368.463652	368.439005	
7.294383	399.252174	399.18298	368.48202	368.447732	
7.304483	399.270946	399.217886	368.500791	368.465185	
7.314903	399.290985	399.26152	368.520831	368.473912	
7.325059	399.311129	399.296426	368.540974	368.500092	
7.335027	399.33147	399.34006	368.561315	368.517545	
7.345217	399.352901	399.383693	368.582747	368.543725	
7.355286	399.374677	399.418599	368.604522	368.569905	
7.365444	399.397293	399.462233	368.627139	368.596085	
7.383663	399.440253	399.497139	368.670098	368.622265	
7.388178	399.450823	399.540772	368.680668	368.665898	
7.398392	399.475571	399.575679	368.705417	368.692078	
7.408478	399.500612	399.601859	368.730457	368.726984	
7.418861	399.527048	399.628039	368.756893	368.761891	
7.429028	399.553567	399.662945	368.783412	368.796798	
7.439041	399.580233	399.680399	368.810079	368.822978	
7.457828	399.632952	399.724032	368.862798	368.884064	
7.462378	399.645616	399.732759	368.875462	368.892791	
7.472514	399.674682	399.750212	368.904528	368.927697	
7.482638	399.704326	399.767665	368.934171	368.953877	
7.492818	399.734751	399.785118	368.964596	368.980057	
7.502973	399.765728	399.802572	368.995574	369.006237	
7.513262	399.798585	399.811298	369.02843	369.032417	
7.523276	399.8295	399.820025	369.059345	369.058597	
7.533757	399.863435	399.837478	369.09328	369.07605	
7.543621	399.895903	399.854932	369.125748	369.10223	
7.553972	399.930649	399.872385	369.160494	369.12841	
7.564131	399.965346	399.889838	369.195191	369.15459	
7.574769	400.00241	399.916018	369.232255	369.172043	
7.584392	400.036423	399.942198	369.266268	369.20695	
7.594556	400.073007	399.968378	369.302852	369.241857	
7.60467	400.110031	399.994558	369.339876	369.276763	
7.614807	400.147745	400.038191	369.37759	369.31167	
7.624985	400.186257	400.081824	369.416103	369.346576	
7.635151	400.225313	400.125458	369.455159	369.398936	
7.645356	400.265301	400.169091	369.495146	369.442569	
7.65567	400.306068	400.221451	369.535913	369.486203	
7.673594	400.379509	400.282537	369.609354	369.547289	
7.67819	400.398269	400.35235	369.628114	369.608376	
7.688383	400.440701	400.413437	369.670546	369.660736	
7.698478	400.483316	400.474524	369.713162	369.713095	
7.708651	400.526902	400.53561	369.756747	369.765455	
7.718816	400.571081	400.605423	369.800927	369.826542	
7.731352	400.626605	400.66651	369.85645	369.870175	
7.739198	400.661587	400.727596	369.891432	369.922535	
7.749271	400.707325	400.797409	369.937171	369.966168	
7.75946	400.753943	400.849769	369.983789	370.009801	
7.769576	400.800957	400.910856	370.030803	370.053435	
7.779769	400.848984	400.971942	370.078829	370.097068	
7.789908	400.897342	401.024302	370.127187	370.131974	
7.800109	400.946651	401.076662	370.176496	370.175608	
7.810213	400.996081	401.129022	370.225927	370.210514	
7.820327	401.04619	401.172655	370.276035	370.245421	
7.830575	401.097606	401.216288	370.327452	370.289054	
7.840761	401.149338	401.251195	370.379183	370.323961	
7.850842	401.201086	401.286102	370.430932	370.367594	
7.860973	401.253729	401.321008	370.483575	370.419954	
7.871222	401.307656	401.355915	370.537502	370.472314	
7.881445	401.362052	401.390821	370.591897	370.524674	
7.891489	401.416084	401.425728	370.645929	370.58576	
7.901646	401.471374	401.460635	370.701219	370.63812	
7.911899	401.527792	401.495541	370.757637	370.707933	
7.92197	401.583834	401.539174	370.81368	370.76902	
7.932096	401.640794	401.582808	370.870639	370.838833	
7.942328	401.698981	401.626441	370.928826	370.899919	
7.952513	401.757505	401.670074	370.98735	370.969733	
7.96263	401.816238	401.722434	371.046083	371.030819	
7.972806	401.875989	401.774794	371.105835	371.091906	
7.982892	401.935773	401.83588	371.165618	371.161719	
7.993107	401.996981	401.896967	371.226827	371.222805	
8.003225	402.05819	401.96678	371.288035	371.283892	
8.013401	402.120378	402.036593	371.350223	371.344978	
8.023535	402.18298	402.106406	371.412826	371.406065	
8.033667	402.246168	402.184946	371.476013	371.458425	
8.044033	402.311435	402.263486	371.541281	371.519511	
8.054272	402.376502	402.342026	371.606347	371.580598	
8.06436	402.44124	402.420566	371.671085	371.641684	
8.074681	402.50814	402.507832	371.737985	371.702771	
8.084952	402.57534	402.586372	371.805185	371.763857	
8.094821	402.640456	402.664912	371.870302	371.824944	
8.104987	402.708175	402.752178	371.938021	371.894757	
8.115057	402.775867	402.830718	372.005712	371.96457	
8.125188	402.844579	402.909258	372.074425	372.034383	
8.135335	402.914053	402.987798	372.143898	372.104197	
8.146711	402.994716	403.066337	372.224561	372.191463	
8.156878	403.063625	403.144877	372.29347	372.270003	
8.167086	403.135421	403.223417	372.365266	372.348543	
8.177187	403.20713	403.29323	372.436976	372.427082	
8.187677	403.282229	403.363043	372.512075	372.505622	
8.197744	403.354866	403.441583	372.584712	372.584162	
8.207981	403.429371	403.511396	372.659216	372.662702	
8.218057	403.503352	403.58121	372.733198	372.732515	
8.22817	403.578175	403.642296	372.808021	372.802328	
8.238374	403.654344	403.712109	372.88419	372.872141	
8.249575	403.738809	403.781922	372.968654	372.950681	
8.259616	403.81493	403.851736	373.044775	373.020494	
8.269753	403.892468	403.921549	373.122313	373.090308	
8.279996	403.971464	403.982635	373.20131	373.168847	
8.290062	404.049714	404.043722	373.279559	373.238661	
8.300242	404.129444	404.113535	373.359289	373.3172	
8.310386	404.209524	404.174622	373.439369	373.39574	
8.32055	404.290374	404.244435	373.520219	373.465553	
8.330694	404.371706	404.314248	373.601551	373.544093	
8.340808	404.453361	404.384061	373.683207	373.63136	
8.35235	404.547531	404.462601	373.777376	373.718626	
8.362249	404.628659	404.532414	373.858504	373.805893	
8.372378	404.712396	404.610954	373.942241	373.893159	
8.382556	404.79716	404.689494	374.027006	373.980425	
8.392667	404.881953	404.77676	374.111799	374.067692	
8.402989	404.969196	404.864027	374.199041	374.163685	
8.413126	405.055469	404.96002	374.285314	374.250952	
8.423336	405.143026	405.056013	374.372871	374.338218	
8.433579	405.231453	405.152006	374.461298	374.434211	
8.443612	405.318673	405.247999	374.548519	374.521478	
8.455982	405.427241	405.370172	374.657087	374.634924	
8.465735	405.513279	405.474892	374.743124	374.72219	
8.47581	405.602794	405.579612	374.832639	374.818184	
8.485947	405.693496	405.684331	374.923341	374.914177	
8.496482	405.788474	405.789051	375.01832	375.001443	
8.506219	405.876734	405.893771	375.106579	375.097436	
8.516357	405.969313	405.998491	375.199159	375.193429	
8.526552	406.062992	406.10321	375.292838	375.280696	
8.536639	406.156314	406.20793	375.386159	375.376689	
8.546809	406.251045	406.303923	375.48089	375.472682	
8.558549	406.361308	406.41737	375.591154	375.577402	
8.568376	406.454031	406.513363	375.683876	375.664668	
8.578463	406.549884	406.609356	375.779729	375.769388	
8.59881	406.746392	406.792615	375.976238	375.943921	
8.603389	406.790446	406.836249	376.020292	375.987554	
8.61354	406.889045	406.932242	376.118891	376.083547	
8.623687	406.988233	407.019508	376.218078	376.17954	
8.633811	407.087791	407.115501	376.317636	376.28426	
8.643922	407.187913	407.202768	376.417758	376.380253	
8.656607	407.314561	407.290034	376.544406	376.476246	
8.664343	407.391904	407.394754	376.621749	376.572239	
8.674467	407.493921	407.48202	376.723766	376.676959	
8.684561	407.596266	407.569287	376.826111	376.781679	
8.694722	407.699912	407.674007	376.929757	376.886399	
8.704936	407.804757	407.77	377.034602	376.991118	
8.714993	407.908552	407.865993	377.138397	377.104565	
8.725159	408.014095	407.970713	377.24394	377.218011	
8.735282	408.119816	408.075432	377.349661	377.322731	
8.753454	408.313091	408.267419	377.542937	377.523444	
8.760687	408.388673	408.311052	377.618518	377.575804	
8.768337	408.469963	408.424498	377.699808	377.680523	
8.778432	408.577983	408.546671	377.807828	377.79397	
8.78859	408.68733	408.651391	377.917175	377.89869	
8.798744	408.797263	408.773564	378.027108	378.003409	
8.808932	408.908167	408.895737	378.138012	378.108129	
8.819055	409.018965	409.01791	378.24881	378.221576	
8.829216	409.130788	409.140083	378.360633	378.326295	
8.839392	409.243443	409.262256	378.473288	378.439742	
8.849591	409.356943	409.384429	378.586788	378.553188	
8.861987	409.496024	409.506602	378.725869	378.666635	
8.869941	409.585377	409.628775	378.815222	378.771354	
8.880157	409.700941	409.742222	378.930786	378.893527	
8.890232	409.815537	409.864395	379.045382	379.006974	
8.900377	409.93156	409.986568	379.161406	379.12042	
8.910622	410.049326	410.108741	379.279171	379.242593	
8.920897	410.168117	410.222187	379.397962	379.364766	
8.930835	410.283479	410.34436	379.513324	379.486939	
8.941003	410.402221	410.457807	379.632067	379.609112	
8.951126	410.521075	410.571253	379.750921	379.731285	
8.961296	410.641115	410.693426	379.870961	379.853458	
8.971519	410.762386	410.806873	379.992231	379.975631	
8.981638	410.882998	410.911592	380.112844	380.097804	
8.991822	411.004997	411.025039	380.234843	380.211251	
9.001948	411.126485	411.138485	380.356331	380.333424	
9.01224	411.250109	411.251932	380.479955	380.44687	
9.022258	411.370253	411.356651	380.600099	380.569043	
9.041782	411.604589	411.478824	380.834435	380.691216	
9.046328	411.659057	411.635904	380.888903	380.857023	
9.056476	411.780821	411.74935	381.010667	380.979196	
9.068789	411.928757	411.862797	381.158603	381.110095	
9.076844	412.025273	411.993697	381.255119	381.232269	
9.086986	412.146989	412.107143	381.376835	381.363168	
9.105001	412.363157	412.334036	381.593003	381.590061	
9.109527	412.417433	412.386396	381.647279	381.642421	
9.119723	412.539845	412.517295	381.769691	381.773321	
9.129842	412.661225	412.648195	381.891071	381.895494	
9.139946	412.782473	412.770368	382.012319	382.017667	
9.150137	412.904765	412.901268	382.134611	382.13984	
9.160289	413.026613	413.032167	382.256459	382.262013	
9.173234	413.182037	413.154341	382.411883	382.375459	
9.1806	413.270333	413.28524	382.500179	382.488906	
9.190796	413.392721	413.41614	382.622567	382.611079	
9.200924	413.514233	413.538313	382.744079	382.724525	
9.21104	413.635601	413.669213	382.865447	382.837971	
9.221219	413.757773	413.800112	382.987619	382.960144	
9.231405	413.880041	413.922285	383.109887	383.073591	
9.24163	414.002681	414.044458	383.232527	383.195764	
9.251691	414.123437	414.166631	383.353283	383.317937	
9.261801	414.244757	414.288805	383.474603	383.44011	
9.27419	414.395957	414.410978	383.625803	383.553556	
9.282196	414.489521	414.533151	383.719367	383.684456	
9.292311	414.610901	414.655324	383.840747	383.806629	
9.302448	414.732533	414.777497	383.962379	383.937529	
9.312593	414.854237	414.89967	384.084083	384.059702	
9.322771	414.976385	415.021843	384.206231	384.181875	
9.332934	415.098401	415.135289	384.328247	384.312775	
9.343136	415.220765	415.257462	384.450611	384.434948	
9.353253	415.342181	415.379635	384.572027	384.565847	
9.363502	415.466117	415.493082	384.695963	384.68802	
9.376354	415.619513	415.615255	384.849359	384.810193	
9.383787	415.708613	415.737428	384.938459	384.932367	
9.393806	415.828817	415.859601	385.058663	385.05454	
9.403986	415.950965	415.981774	385.180811	385.167986	
9.414114	416.072513	416.103947	385.302359	385.290159	
9.424735	416.200013	416.22612	385.429859	385.412332	
9.434453	416.316617	416.348293	385.546463	385.534505	
9.444586	416.438189	416.470466	385.668035	385.647952	
9.454771	416.560445	416.592639	385.790291	385.770125	
9.46486	416.681477	416.714812	385.911323	385.883571	
9.47501	416.803277	416.828259	386.033123	385.997017	
9.485243	416.926097	416.941705	386.155943	386.11919	
9.495357	417.047429	417.063878	386.277275	386.241363	
9.505644	417.170873	417.177324	386.400719	386.363537	
9.515687	417.291377	417.290771	386.521223	386.48571	
9.526196	417.417521	417.404217	386.647367	386.607883	
9.536026	417.535469	417.517664	386.765315	386.730056	
9.546113	417.656477	417.63111	386.886323	386.843502	
9.556229	417.777917	417.744556	387.007763	386.974402	
9.566342	417.899285	417.86673	387.129131	387.096575	
9.576558	418.021877	417.980176	387.251723	387.218748	
9.594833	418.241225	418.102349	387.471071	387.340921	
9.599414	418.296089	418.250702	387.525935	387.498001	
9.609643	418.418849	418.372875	387.648695	387.6289	
9.619685	418.539341	418.495048	387.769187	387.7598	
9.629879	418.661705	418.617221	387.891551	387.881973	
9.640183	418.785401	418.739394	388.015247	388.021599	
9.65019	418.905413	418.870294	388.135259	388.143772	
9.660328	419.027069	418.992467	388.256915	388.265945	
9.670439	419.148413	419.123367	388.378259	388.396845	
9.680621	419.270657	419.24554	388.500503	388.510291	
9.691061	419.395901	419.385166	388.625747	388.632465	
9.701168	419.517137	419.507339	388.746983	388.754638	
9.71133	419.639105	419.638239	388.868951	388.859357	
9.721622	419.762657	419.769138	388.992503	388.972804	
9.731646	419.882909	419.891311	389.112755	389.08625	
9.741795	420.004673	420.022211	389.234519	389.199697	
9.752013	420.127301	420.153111	389.357147	389.313143	
9.7621	420.248309	420.275284	389.478155	389.435316	
9.77222	420.369773	420.397457	389.599619	389.557489	
9.78242	420.492209	420.51963	389.722055	389.670935	
9.792842	420.617309	420.65053	389.847155	389.801835	
9.802742	420.736073	420.763976	389.965919	389.915282	
9.812943	420.858437	420.894876	390.088283	390.046181	
9.823152	420.980981	421.008322	390.210827	390.168354	
9.833479	421.105805	421.130495	390.335651	390.290527	
9.843429	421.224305	421.252668	390.454151	390.421427	
9.853617	421.346945	421.374841	390.576791	390.552327	
9.863739	421.468001	421.497014	390.697847	390.6745	
9.873909	421.590017	421.619187	390.819863	390.805399	
9.883973	421.710869	421.74136	390.940715	390.927573	
9.894721	421.839869	421.863533	391.069715	391.058472	
9.90466	421.959065	421.985707	391.188911	391.189372	
9.914766	422.080361	422.10788	391.310207	391.311545	
9.924915	422.202113	422.230053	391.431959	391.433718	
9.935088	422.324249	422.352226	391.554095	391.547164	
9.945211	422.445653	422.474399	391.675499	391.669337	
9.955376	422.567705	422.605298	391.797551	391.79151	
9.965606	422.690405	422.727471	391.920251	391.904957	
9.97571	422.811665	422.849645	392.041511	392.018403	
9.986211	422.937701	422.963091	392.167547	392.140576	
9.996753	423.064301	423.085264	392.294147	392.254023	
10.0065	423.181097	423.207437	392.410943	392.376196	
10.01667	423.303209	423.320883	392.533055	392.489642	
10.02676	423.424289	423.43433	392.654135	392.611815	
10.03803	423.559493	423.556503	392.789339	392.742715	
10.04825	423.682097	423.678676	392.911943	392.864888	
10.05835	423.803369	423.783396	393.033215	392.987061	
10.06848	423.924857	423.905569	393.154703	393.109234	
10.07858	424.046081	424.010288	393.275927	393.231407	
10.08879	424.168589	424.132462	393.398435	393.362307	
10.09974	424.300049	424.254635	393.529895	393.48448	
10.10929	424.414565	424.359354	393.644411	393.606653	
10.11945	424.536509	424.481527	393.766355	393.737553	
10.12967	424.659197	424.6037	393.889043	393.859726	
10.13973	424.779845	424.725873	394.009691	393.981899	
10.14991	424.902149	424.848047	394.131995	394.112798	
10.1601	425.024357	424.97022	394.254203	394.234971	
10.17023	425.145869	425.092393	394.375715	394.365871	
10.1804	425.267957	425.223292	394.497803	394.488044	
10.19051	425.389325	425.354192	394.619171	394.610217	
10.20221	425.529773	425.493818	394.759619	394.749844	
10.21196	425.646617	425.615991	394.876463	394.86329	
10.22209	425.768225	425.755618	394.998071	394.985463	
10.23232	425.890949	425.877791	395.120795	395.107636	
10.24236	426.011477	426.00869	395.241323	395.229809	
10.25256	426.133913	426.13959	395.363759	395.343256	
10.26273	426.255833	426.261763	395.485679	395.456702	
10.27288	426.377705	426.392663	395.607551	395.578875	
10.28301	426.499205	426.523563	395.729051	395.701048	
10.29346	426.625541	426.645736	395.855387	395.823221	
10.30454	426.757733	426.785362	395.987579	395.954121	
10.31456	426.877853	426.907535	396.107699	396.076294	
10.3247	426.998627	427.029708	396.228473	396.18974	
10.33486	427.119001	427.151881	396.348846	396.32064	
10.345	427.238561	427.274054	396.468406	396.442813	
10.35512	427.357229	427.396227	396.587075	396.564986	
10.36529	427.475879	427.5184	396.705725	396.687159	
10.37547	427.59411	427.640573	396.823955	396.818059	
10.38567	427.711837	427.762746	396.941682	396.931505	
10.39621	427.832933	427.876193	397.062778	397.053678	
10.41505	428.046745	428.103086	397.276591	397.280571	
10.41981	428.100794	428.155445	397.330639	397.341658	
10.42981	428.213615	428.268892	397.44346	397.455104	
10.43996	428.327445	428.391065	397.55729	397.56855	
10.45009	428.440563	428.504511	397.670409	397.681997	
10.46026	428.553534	428.617958	397.783379	397.786716	
10.47037	428.665089	428.740131	397.894934	397.900163	
10.48057	428.77717	428.844851	398.007015	398.004883	
10.49066	428.887332	428.958297	398.117177	398.109602	
10.50083	428.997793	429.063017	398.227639	398.205595	
10.51143	429.112319	429.176463	398.342164	398.310315	
10.52118	429.216955	429.272456	398.4468	398.415035	
10.53132	429.325296	429.368449	398.555142	398.519755	
10.54147	429.433057	429.473169	398.662903	398.624475	
10.55161	429.540102	429.560436	398.769947	398.729194	
10.56185	429.64767	429.656429	398.877515	398.842641	
10.57192	429.75272	429.752422	398.982565	398.94736	
10.58208	429.858311	429.839688	399.088156	399.060807	
10.60212	430.063251	430.022948	399.293096	399.278973	
10.60831	430.126623	430.066581	399.356468	399.331333	
10.6169	430.213957	430.153847	399.443802	399.436053	
10.62706	430.316748	430.258567	399.546593	399.540772	
10.63716	430.418248	430.35456	399.648094	399.645492	
10.64726	430.519143	430.450553	399.748988	399.750212	
10.65777	430.623475	430.555273	399.85332	399.854932	
10.66786	430.723104	430.651266	399.95295	399.959651	
10.67801	430.822595	430.747259	400.05244	400.064371	
10.68827	430.922662	430.851979	400.152508	400.169091	
10.69829	431.019676	430.956699	400.249521	400.265084	
10.71092	431.141152	431.061419	400.370997	400.361077	
10.71868	431.215325	431.166138	400.44517	400.45707	
10.72884	431.311906	431.262132	400.541752	400.553063	
10.73894	431.407332	431.366851	400.637177	400.64033	
10.74907	431.502422	431.471571	400.732267	400.727596	
10.75928	431.59767	431.576291	400.827515	400.823589	
10.76942	431.691656	431.681011	400.921501	400.910856	
10.77955	431.784868	431.78573	401.014713	401.006849	
10.78974	431.878386	431.881723	401.108231	401.094115	
10.79985	431.96998	431.986443	401.199825	401.181382	
10.81005	432.061962	432.082436	401.291807	401.277375	
10.82026	432.153559	432.178429	401.383404	401.364641	
10.8304	432.243823	432.274422	401.473668	401.451908	
10.84058	432.333784	432.370416	401.563629	401.547901	
10.85066	432.422357	432.457682	401.652203	401.635167	
10.86085	432.511278	432.553675	401.741123	401.731161	
10.87103	432.599462	432.640942	401.829308	401.818427	
10.88116	432.686649	432.728208	401.916495	401.91442	
10.89128	432.773059	432.815475	402.002904	402.001687	
10.90143	432.859223	432.902741	402.089068	402.088953	
10.91161	432.944983	432.981281	402.174829	402.17622	
10.92194	433.031337	433.068547	402.261183	402.263486	
10.93192	433.114185	433.147087	402.344031	402.350752	
10.9421	433.198091	433.225627	402.427936	402.429292	
10.95235	433.281932	433.304167	402.511777	402.507832	
10.96237	433.363296	433.382707	402.593141	402.595099	
10.9726	433.445788	433.461246	402.675633	402.673638	
10.98272	433.526766	433.539786	402.756611	402.752178	
10.99294	433.60793	433.609599	402.837775	402.830718	
11.00311	433.688047	433.688139	402.917892	402.909258	
11.01332	433.769701	433.766679	402.999546	402.987798	
11.02396	433.850464	433.836492	403.080309	403.066337	
11.03358	433.924513	433.915032	403.154358	403.136151	
11.04375	434.002245	433.993572	403.23209	403.205964	
11.05388	434.079051	434.063385	403.308896	403.284504	
11.06397	434.154966	434.141925	403.384812	403.363043	
11.07417	434.231016	434.220465	403.460862	403.441583	
11.08432	434.30613	434.299004	403.535975	403.520123	
11.09446	434.38054	434.377544	403.610386	403.598663	
11.10466	434.454839	434.447357	403.684684	403.677203	
11.11495	434.529113	434.534624	403.758959	403.747016	
11.12598	434.608036	434.62189	403.837881	403.834282	
11.13575	434.677307	434.691704	403.907152	403.904095	
11.14598	434.749281	434.770243	403.979127	403.973909	
11.156	434.819184	434.848783	404.04903	404.052448	
11.16645	434.891449	434.927323	404.121295	404.122262	
11.17641	434.959735	435.005863	404.18958	404.192075	
11.18649	435.028232	435.075676	404.258077	404.261888	
11.19664	435.096595	435.145489	404.326441	404.331701	
11.20697	435.165562	435.215302	404.395407	404.401514	
11.21695	435.231654	435.285115	404.461499	404.462601	
11.22846	435.306996	435.354929	404.536841	404.532414	
11.23856	435.372493	435.424742	404.602338	404.602227	
11.24874	435.437946	435.485828	404.667791	404.663314	
11.25881	435.502078	435.546915	404.731923	404.733127	
11.26902	435.566508	435.599275	404.796353	404.794213	
11.2792	435.630126	435.651635	404.859971	404.846573	
11.28934	435.692889	435.703994	404.922734	404.916386	
11.29947	435.754961	435.756354	404.984806	404.968746	
11.3096	435.816435	435.808714	405.04628	405.029833	
11.31982	435.877891	435.861074	405.107736	405.090919	
11.33145	435.946968	435.913434	405.176813	405.160733	
11.34125	436.004621	435.965794	405.234466	405.213092	
11.3514	436.063723	436.009427	405.293568	405.274179	
11.36158	436.122382	436.061787	405.352228	405.335265	
11.37167	436.179989	436.114147	405.409834	405.387625	
11.3819	436.237695	436.166507	405.467541	405.439985	
11.39202	436.294204	436.227593	405.524049	405.501072	
11.40219	436.350437	436.279953	405.580282	405.562158	
11.41234	436.40584	436.332313	405.635686	405.614518	
11.42256	436.461128	436.3934	405.690974	405.675605	
11.44176	436.562277	436.506846	405.792123	405.780324	
11.44635	436.586458	436.541753	405.816303	405.806504	
11.45726	436.643206	436.602839	405.873052	405.867591	
11.46735	436.695077	436.663926	405.924922	405.919951	
11.47768	436.747544	436.733739	405.977389	405.981037	
11.48786	436.798685	436.786099	406.02853	406.033397	
11.49802	436.849086	436.847185	406.078931	406.085757	
11.50818	436.89892	436.908272	406.128766	406.138117	
11.5183	436.947926	436.960632	406.177771	406.18175	
11.52854	436.996885	437.021718	406.22673	406.23411	
11.54679	437.081823	437.117711	406.311668	406.321377	
11.55138	437.103234	437.143891	406.333079	406.347556	
11.56154	437.14986	437.196251	406.379705	406.39119	
11.57166	437.19569	437.239884	406.425536	406.434823	
11.58188	437.241422	437.292244	406.471268	406.478456	
11.59202	437.286128	437.327151	406.515973	406.522089	
11.60214	437.330203	437.370784	406.560048	406.565723	
11.61228	437.373738	437.414417	406.603584	406.609356	
11.62241	437.416611	437.449324	406.646456	406.652989	
11.63492	437.46865	437.48423	406.698496	406.696622	
11.64277	437.500936	437.519137	406.730781	406.731529	
11.65292	437.542126	437.554043	406.771972	406.775162	
11.66313	437.582903	437.58895	406.812749	406.810069	
11.67323	437.6227	437.61513	406.852546	406.853702	
11.68358	437.662854	437.650037	406.892699	406.888609	
11.69353	437.700819	437.676217	406.930665	406.923515	
11.70366	437.738942	437.711123	406.968787	406.967148	
11.72181	437.804845	437.763483	407.03469	407.028235	
11.72634	437.821368	437.77221	407.051214	407.045688	
11.739	437.866286	437.807116	407.096131	407.080595	
11.74676	437.893587	437.833296	407.123432	407.115501	
11.75685	437.928413	437.868203	407.158259	407.150408	
11.76709	437.963165	437.903109	407.193011	407.185314	
11.77718	437.996797	437.938016	407.226642	407.220221	
11.78766	438.031072	437.972922	407.260917	407.255128	
11.79779	438.063631	438.016556	407.293476	407.290034	
11.80791	438.095582	438.051462	407.325428	407.324941	
11.81808	438.12708	438.095096	407.356925	407.351121	
11.82821	438.157859	438.130002	407.387705	407.386027	
11.84032	438.193775	438.164909	407.423621	407.412207	
11.84868	438.218234	438.208542	407.44808	407.438387	
11.85873	438.246997	438.243449	407.476842	407.464567	
11.8689	438.275499	438.287082	407.505345	407.499474	
11.87904	438.303368	438.321988	407.533213	407.53438	
11.88917	438.330585	438.356895	407.560431	407.56056	
11.89934	438.357334	438.391802	407.587179	407.58674	
11.90949	438.383452	438.426708	407.613297	407.61292	
11.91967	438.409015	438.461615	407.63886	407.6391	
11.93789	438.4525	438.513975	407.682346	407.682733	
11.94455	438.468351	438.522701	407.698196	407.69146	
11.9527	438.487342	438.548881	407.717188	407.71764	
11.9628	438.510239	438.566334	407.740084	407.74382	
11.97294	438.532632	438.592514	407.762477	407.761273	
11.9833	438.555411	438.601241	407.785256	407.778726	
11.99326	438.575774	438.618694	407.805619	407.804906	
12.0034	438.596426	438.636148	407.826272	407.82236	
12.01353	438.61647	438.653601	407.846315	407.839813	
12.02374	438.636102	438.662328	407.865947	407.857266	
12.03391	438.655069	438.671054	407.884914	407.87472	
12.04573	438.676262	438.679781	407.906107	407.892173	
12.05461	438.691829	438.688507	407.921675	407.909626	
12.06447	438.708525	438.688507	407.93837	407.918353	
12.07449	438.724927	438.697234	407.954772	407.935806	
12.08463	438.740947	438.697234	407.970792	407.953259	
12.09498	438.756726	438.705961	407.986571	407.961986	
12.10492	438.771314	438.705961	408.001159	407.979439	
12.11506	438.785637	438.705961	408.015483	407.988166	
12.1252	438.799377	438.714687	408.029223	407.996893	
12.13533	438.812563	438.723414	408.042409	408.014346	
12.14561	438.825348	438.732141	408.055193	408.023073	
12.15581	438.837472	438.740867	408.067318	408.031799	
12.16587	438.848886	438.758321	408.078731	408.040526	
12.17596	438.859773	438.775774	408.089619	408.057979	
12.1861	438.870168	438.793227	408.100013	408.057979	
12.19649	438.880237	438.810681	408.110082	408.075432	
12.20641	438.889346	438.83686	408.119191	408.084159	
12.2166	438.898133	438.854314	408.127979	408.092886	
12.22671	438.906324	438.880494	408.13617	408.110339	
12.23682	438.91399	438.897947	408.143835	408.127792	
12.24702	438.92119	438.924127	408.151035	408.136519	
12.25763	438.928089	438.950307	408.157934	408.145246	
12.26734	438.933944	438.96776	408.163789	408.162699	
12.27749	438.939552	438.985213	408.169398	408.162699	
12.28766	438.944667	439.002667	408.174512	408.180152	
12.29791	438.949319	439.02012	408.179164	408.188879	
12.30799	438.95342	439.028847	408.183266	408.188879	
12.31816	438.957085	439.037573	408.18693	408.197605	
12.32837	438.960304	439.0463	408.19015	408.197605	
12.33843	438.96305	439.055027	408.192896	408.197605	
12.34861	438.965407	439.0463	408.195252	408.197605	
12.35899	438.967395	439.0463	408.19724	408.188879	
12.36898	438.968964	439.037573	408.198809	408.188879	
12.3791	438.97354	439.037573	408.203386	408.197605	
12.38941	438.97354	439.037573	408.203386	408.197605	
12.39961	438.97354	439.028847	408.203386	408.197605	
12.40975	438.97354	439.02012	408.203386	408.197605	
12.4199	438.97354	439.011393	408.203386	408.197605	
12.43008	438.97354	439.002667	408.203386	408.197605	
12.4402	438.97354	439.002667	408.203386	408.188879	
12.45037	438.97354	438.985213	408.203386	408.188879	
12.46922	438.97354	438.976487	408.203386	408.188879	
12.47379	438.97354	438.96776	408.203386	408.188879	
12.48389	438.97354	438.959034	408.203386	408.188879	
12.49404	438.97354	438.950307	408.203386	408.188879	
12.50441	438.97354	438.950307	408.203386	408.188879	
12.51439	438.97354	438.950307	408.203386	408.188879	
12.52452	438.97354	438.959034	408.203386	408.188879	
12.53468	438.97354	438.96776	408.203386	408.188879	
12.54484	438.97354	438.96776	408.203386	408.188879	
12.55501	438.97354	438.96776	408.203386	408.188879	
12.56511	438.97354	438.976487	408.203386	408.188879	
12.57526	438.97354	438.976487	408.203386	408.188879	
12.58654	438.97354	438.985213	408.203386	408.188879	
12.59561	438.97354	438.985213	408.203386	408.188879	
12.60575	438.97354	438.985213	408.203386	408.188879	
12.61587	438.97354	438.985213	408.203386	408.188879	
12.62607	438.97354	438.985213	408.203386	408.188879	
12.63614	438.97354	438.985213	408.203386	408.188879	
12.6463	438.97354	438.985213	408.203386	408.188879	
12.6565	438.97354	438.985213	408.203386	408.188879	
12.6666	438.97354	438.985213	408.203386	408.188879	
12.67677	438.97354	438.985213	408.203386	408.188879	
12.6869	438.97354	438.985213	408.203386	408.188879	
12.69712	438.97354	438.985213	408.203386	408.188879	
12.70725	438.97354	438.985213	408.203386	408.188879	
12.7174	438.97354	438.985213	408.203386	408.188879	
12.72758	438.97354	438.985213	408.203386	408.188879	
12.73771	438.97354	438.985213	408.203386	408.188879	
12.74789	438.97354	438.985213	408.203386	408.188879	
12.75807	438.97354	438.985213	408.203386	408.188879	
12.7682	438.97354	438.985213	408.203386	408.188879	
12.77838	438.97354	438.985213	408.203386	408.188879	
12.78853	438.97354	438.985213	408.203386	408.188879	
12.79868	438.97354	438.985213	408.203386	408.188879	
12.8089	438.97354	438.985213	408.203386	408.188879	
12.819	438.97354	438.985213	408.203386	408.188879	
12.82915	438.97354	438.985213	408.203386	408.188879	
12.83934	438.97354	438.985213	408.203386	408.188879	
12.84949	438.97354	438.985213	408.203386	408.188879	
12.85963	438.97354	438.985213	408.203386	408.188879	
12.86979	438.97354	438.985213	408.203386	408.188879	
12.87998	438.97354	438.985213	408.203386	408.188879	
12.89011	438.97354	438.985213	408.203386	408.188879	
12.90028	438.97354	438.985213	408.203386	408.188879	
12.91043	438.97354	438.985213	408.203386	408.188879	
12.92065	438.97354	438.985213	408.203386	408.188879	
12.93073	438.97354	438.985213	408.203386	408.188879	
12.94091	438.97354	438.985213	408.203386	408.188879	
12.95108	438.97354	438.985213	408.203386	408.188879	
12.96122	438.97354	438.985213	408.203386	408.188879	
12.97136	438.97354	438.985213	408.203386	408.188879	
12.98156	438.97354	438.985213	408.203386	408.188879	
12.99176	438.97354	438.985213	408.203386	408.188879	
13.00197	438.97354	438.985213	408.203386	408.188879	
13.01205	438.97354	438.985213	408.203386	408.188879	
13.02222	438.97354	438.985213	408.203386	408.188879	
13.03241	438.97354	438.985213	408.203386	408.188879	
13.04384	438.97354	438.985213	408.203386	408.188879	
13.05263	438.97354	438.985213	408.203386	408.188879	
13.06281	438.97354	438.985213	408.203386	408.188879	
13.07298	438.97354	438.985213	408.203386	408.188879	
13.08312	438.97354	438.985213	408.203386	408.188879	
13.09327	438.97354	438.985213	408.203386	408.188879	
13.10346	438.97354	438.985213	408.203386	408.188879	
13.11356	438.97354	438.985213	408.203386	408.188879	
13.12371	438.97354	438.985213	408.203386	408.188879	
13.13385	438.97354	438.985213	408.203386	408.188879	
13.14395	438.97354	438.985213	408.203386	408.188879	
13.15417	438.97354	438.985213	408.203386	408.188879	
13.16429	438.97354	438.985213	408.203386	408.188879	
13.17447	438.97354	438.985213	408.203386	408.188879	
13.18464	438.97354	438.985213	408.203386	408.188879	
13.19475	438.97354	438.985213	408.203386	408.188879	
13.21784	438.97354	438.985213	408.203386	408.188879	
13.22762	438.97354	438.985213	408.203386	408.188879	
