6.893368	
6.903427	
6.91354	
6.923668	
6.933874	
6.944005	
6.954135	
6.964292	
6.974575	
6.984649	
6.995433	
7.005525	
7.015911	
7.02588	
7.035976	
7.046113	
7.056334	
7.06643	
7.076564	
7.086717	
7.09684	
7.107016	
7.117164	
7.127353	
7.1375	
7.14763	
7.157802	
7.16793	
7.178057	
7.188267	
7.198401	
7.208586	
7.218667	
7.228813	
7.239015	
7.249066	
7.259202	
7.269364	
7.279513	
7.289817	
7.299875	
7.309968	
7.32011	
7.338266	
7.342624	
7.352817	
7.362935	
7.373085	
7.383287	
7.3934	
7.403556	
7.413711	
7.42391	
7.434114	
7.444229	
7.454393	
7.464706	
7.474869	
7.484866	
7.495066	
7.50515	
7.515313	
7.525446	
7.535661	
7.545836	
7.55594	
7.566089	
7.576282	
7.586394	
7.596568	
7.606687	
7.616871	
7.627002	
7.637164	
7.647369	
7.657471	
7.667613	
7.677766	
7.687944	
7.698113	
7.708229	
7.718396	
7.728823	
7.7387	
7.748834	
7.758981	
7.769114	
7.779257	
7.789394	
7.799552	
7.809753	
7.819898	
7.829996	
7.840251	
7.850287	
7.860395	
7.870533	
7.880717	
7.890815	
7.90097	
7.911131	
7.921321	
7.931392	
7.941559	
7.951712	
7.961927	
7.971992	
7.982202	
7.992972	
8.002505	
8.012636	
8.022761	
8.032907	
8.0431	
8.053237	
8.063433	
8.07356	
8.083671	
8.095129	
8.104066	
8.11419	
8.124277	
8.134426	
8.144652	
8.154764	
8.164958	
8.175133	
8.185194	
8.195347	
8.218218	318.972359	318.967647	288.254564	288.249853	
8.223273	318.973281	318.967647	288.255486	288.249853	
8.233384	318.975895	318.967647	288.2581	288.258579	
8.243476	318.979115	318.967647	288.26132	288.258579	
8.253622	318.982972	318.967647	288.265177	288.258579	
8.263871	318.987501	318.976374	288.269706	288.258579	
8.274098	318.992647	318.976374	288.274852	288.258579	
8.28421	318.998344	318.976374	288.280549	288.258579	
8.294487	319.004777	318.985101	288.286983	288.267306	
8.304653	319.011752	318.993827	288.293957	288.267306	
8.316745	319.021009	318.993827	288.303215	288.267306	
8.325033	319.027656	319.002554	288.309862	288.267306	
8.335166	319.036462	319.011281	288.318667	288.267306	
8.34529	319.045878	319.011281	288.328083	288.267306	
8.355401	319.055895	319.020007	288.3381	288.267306	
8.36559	319.066615	319.028734	288.34882	288.267306	
8.375777	319.077952	319.037461	288.360157	288.267306	
8.393799	319.100384	319.046187	288.382589	288.284759	
8.398393	319.106049	319.046187	288.388254	288.284759	
8.408912	319.119861	319.046187	288.402067	288.293486	
8.42092	319.136551	319.046187	288.418756	288.310939	
8.428936	319.147973	319.046187	288.430178	288.328392	
8.439095	319.163137	319.054914	288.445342	288.345846	
8.449219	319.178865	319.063641	288.46107	288.372026	
8.459329	319.195187	319.081094	288.477392	288.398206	
8.469637	319.212477	319.08982	288.494682	288.424386	
8.47991	319.230332	319.116	288.512537	288.450565	
8.490061	319.248582	319.133454	288.530787	288.485472	
8.500112	319.267264	319.159634	288.549469	288.511652	
8.51023	319.286687	319.19454	288.568892	288.546559	
8.52221	319.310625	319.229447	288.59283	288.572739	
8.532197	319.331111	319.27308	288.613316	288.607645	
8.541151	319.349919	319.307987	288.632124	288.633825	
8.559175	319.390242	319.395253	288.672447	288.686185	
8.563682	319.400255	319.412706	288.68246	288.694912	
8.573882	319.423824	319.45634	288.706029	288.721092	
8.584054	319.447772	319.499973	288.729977	288.747271	
8.594205	319.472369	319.543606	288.754574	288.773451	
8.60436	319.497599	319.587239	288.779804	288.790905	
8.61448	319.523359	319.622146	288.805564	288.817085	
8.627322	319.55716	319.665779	288.839365	288.834538	
8.63518	319.578077	319.700686	288.860282	288.851991	
8.644976	319.604781	319.735592	288.886987	288.869444	
8.655203	319.63331	319.761772	288.915515	288.886898	
8.665261	319.661975	319.796679	288.94418	288.913078	
8.675464	319.691679	319.822859	288.973884	288.930531	
8.68562	319.72187	319.849039	289.004075	288.956711	
8.695794	319.752724	319.875219	289.034929	288.974164	
8.706018	319.784364	319.892672	289.066569	289.000344	
8.716065	319.81605	319.910125	289.098255	289.026524	
8.728797	319.857315	319.927579	289.13952	289.061431	
8.736745	319.883319	319.936305	289.165524	289.096337	
8.746539	319.915987	319.953758	289.198193	289.131244	
8.75665	319.950343	319.971212	289.232548	289.16615	
8.766798	319.985443	319.979938	289.267648	289.209784	
8.777001	320.021359	319.988665	289.303564	289.253417	
8.787111	320.057559	320.006118	289.339764	289.29705	
8.797323	320.094767	320.023572	289.376972	289.340683	
8.807489	320.132411	320.041025	289.414617	289.37559	
8.817705	320.17088	320.067205	289.453086	289.419223	
8.830148	320.218774	320.093385	289.500979	289.462856	
8.838237	320.250153	320.128291	289.532358	289.50649	
8.848084	320.288989	320.163198	289.571194	289.550123	
8.858244	320.329705	320.198105	289.61191	289.585029	
8.8684	320.371019	320.250464	289.653224	289.628663	
8.878845	320.414194	320.302824	289.696399	289.672296	
8.888741	320.45565	320.355184	289.737855	289.715929	
8.89887	320.498718	320.407544	289.780923	289.750836	
8.908995	320.54238	320.468631	289.824585	289.794469	
8.919155	320.586804	320.529717	289.869009	289.838102	
8.929287	320.631757	320.59953	289.913962	289.881735	
8.939504	320.677712	320.669343	289.959917	289.925369	
8.949631	320.723819	320.73043	290.006024	289.969002	
8.959859	320.771045	320.800243	290.05325	290.021362	
8.970067	320.818817	320.86133	290.101023	290.064995	
8.98047	320.868148	320.931143	290.150353	290.117355	
8.990224	320.914938	320.992229	290.197144	290.169715	
9.000595	320.965388	321.053316	290.247594	290.213348	
9.010542	321.014313	321.114402	290.296518	290.274435	
9.020678	321.064814	321.175489	290.34702	290.318068	
9.030857	321.116164	321.227849	290.398369	290.379154	
9.041056	321.168264	321.280209	290.45047	290.431514	
9.05126	321.220927	321.341295	290.503132	290.483874	
9.061368	321.273761	321.384928	290.555967	290.544961	
9.071498	321.327332	321.437288	290.609538	290.59732	
9.08186	321.38276	321.489648	290.664965	290.64968	
9.092008	321.437654	321.524555	290.719859	290.70204	
9.102191	321.493416	321.576915	290.775621	290.763127	
9.112355	321.549609	321.611821	290.831815	290.815487	
9.122456	321.606121	321.655454	290.888326	290.876573	
9.132641	321.663699	321.699088	290.945904	290.920206	
9.14285	321.722067	321.742721	291.004272	290.981293	
9.153032	321.780879	321.786354	291.063085	291.033653	
9.163161	321.839988	321.829987	291.122193	291.086013	
9.173269	321.899603	321.873621	291.181808	291.138373	
9.183507	321.96063	321.917254	291.242835	291.190732	
9.193625	322.021529	321.969614	291.303734	291.251819	
9.203782	322.083288	322.013247	291.365493	291.312905	
9.213963	322.146065	322.065607	291.42827	291.365265	
9.224095	322.208695	322.117967	291.4909	291.435078	
9.234315	322.272711	322.18778	291.554916	291.496165	
9.24483	322.339274	322.248866	291.621479	291.565978	
9.254974	322.404076	322.309953	291.686281	291.627065	
9.265129	322.469542	322.379766	291.751747	291.696878	
9.275275	322.535592	322.449579	291.817797	291.766691	
9.285384	322.60202	322.510666	291.884226	291.845231	
9.295639	322.670044	322.589206	291.952249	291.915044	
9.30579	322.737965	322.659019	292.02017	291.984857	
9.31596	322.806669	322.737559	292.088874	292.063397	
9.326107	322.876021	322.816098	292.158226	292.13321	
9.336243	322.945514	322.894638	292.227719	292.203023	
9.347547	323.024058	322.981905	292.306263	292.29029	
9.357692	323.095105	323.060445	292.37731	292.360103	
9.367827	323.166697	323.147711	292.448902	292.438643	
9.378041	323.239498	323.226251	292.521703	292.508456	
9.388068	323.311577	323.313517	292.593783	292.586996	
9.398276	323.38556	323.392057	292.667765	292.656809	
9.408423	323.459701	323.479324	292.741906	292.726622	
9.418608	323.534811	323.557863	292.817016	292.796435	
9.428696	323.609731	323.64513	292.891936	292.874975	
9.438994	323.686937	323.72367	292.969142	292.953515	
9.450214	323.771777	323.819663	293.053982	293.032055	
9.460361	323.849103	323.898203	293.131308	293.110595	
9.470626	323.927948	323.976742	293.210153	293.180408	
9.480788	324.006626	324.055282	293.288831	293.267674	
9.490931	324.085789	324.125095	293.367995	293.346214	
9.501023	324.165148	324.203635	293.447354	293.424754	
9.511309	324.246682	324.282175	293.528887	293.503294	
9.521373	324.327081	324.351988	293.609286	293.581833	
9.531682	324.412419	324.430528	293.694625	293.6691	
9.541797	324.492041	324.509068	293.774247	293.74764	
9.552972	324.583486	324.578881	293.865691	293.834906	
9.563054	324.66651	324.657421	293.948715	293.913446	
9.573205	324.750706	324.735961	294.032911	294.000712	
9.583367	324.835671	324.805774	294.117876	294.087979	
9.593533	324.921256	324.884314	294.203461	294.166519	
9.603697	325.00747	324.962853	294.289675	294.253785	
9.61384	325.094088	325.041393	294.376293	294.341052	
9.624012	325.18161	325.119933	294.463816	294.428318	
9.634221	325.270051	325.2072	294.552256	294.515585	
9.644372	325.358632	325.294466	294.640838	294.602851	
9.655605	325.457438	325.390459	294.739644	294.698844	
9.665763	325.547358	325.477726	294.829563	294.786111	
9.675921	325.637879	325.573719	294.920084	294.882104	
9.686105	325.729272	325.660985	295.011477	294.96937	
9.696206	325.820549	325.765705	295.102754	295.065363	
9.706378	325.913062	325.852971	295.195267	295.161356	
9.716714	326.007787	325.957691	295.289992	295.248623	
9.726698	326.099783	326.062411	295.381988	295.344616	
9.73692	326.194644	326.167131	295.476849	295.449336	
9.746973	326.288519	326.27185	295.570725	295.536602	
9.758228	326.394488	326.385297	295.676693	295.650049	
9.768429	326.491064	326.498743	295.773269	295.746042	
9.778585	326.587849	326.603463	295.870054	295.842035	
9.788692	326.68477	326.716909	295.966975	295.938028	
9.799077	326.785051	326.830356	296.067256	296.042748	
9.809042	326.881832	326.935075	296.164037	296.138741	
9.81911	326.980185	327.039795	296.26239	296.243461	
9.829231	327.079711	327.144515	296.361917	296.339454	
9.839455	327.180921	327.257961	296.463126	296.435447	
9.849568	327.281583	327.362681	296.563788	296.540167	
9.860866	327.394888	327.476128	296.677093	296.653613	
9.871047	327.497581	327.580847	296.779787	296.758333	
9.881259	327.601163	327.685567	296.883368	296.854326	
9.891375	327.704392	327.790287	296.986597	296.959046	
9.901813	327.811591	327.88628	297.093796	297.063765	
9.912012	327.916953	327.982273	297.199158	297.168485	
9.922286	328.023798	328.086993	297.306004	297.273205	
9.932387	328.129317	328.182986	297.411522	297.377925	
9.942515	328.235818	328.278979	297.518023	297.482644	
9.952774	328.344278	328.374972	297.626483	297.587364	
9.964153	328.465473	328.488419	297.747678	297.709537	
9.974536	328.576669	328.584412	297.858874	297.822984	
9.9844	328.682801	328.680405	297.965006	297.927703	
9.994523	328.792354	328.776398	298.07456	298.032423	
10.00468	328.902961	328.872391	298.185166	298.145869	
10.01482	329.013911	328.977111	298.296117	298.259316	
10.02498	329.125811	329.08183	298.408016	298.372762	
10.03512	329.237962	329.177824	298.520167	298.486209	
10.0453	329.351436	329.282543	298.633641	298.590928	
10.05547	329.465195	329.387263	298.7474	298.704375	
10.06661	329.590575	329.509436	298.87278	298.826548	
10.07673	329.705177	329.622883	298.987382	298.939994	
10.08687	329.820531	329.736329	299.102736	299.053441	
10.09712	329.937817	329.849775	299.220022	299.175614	
10.10718	330.057763	329.971948	299.339968	299.28906	
10.11741	330.171775	330.094121	299.453981	299.411233	
10.12754	330.289557	330.216294	299.571762	299.52468	
10.1377	330.408261	330.338468	299.690466	299.646853	
10.14804	330.529762	330.460641	299.811967	299.769026	
10.15796	330.646872	330.59154	299.929078	299.891199	
10.16924	330.780907	330.739893	300.063113	300.030825	
10.1794	330.902057	330.862066	300.184262	300.152998	
10.18952	331.023487	330.992966	300.305692	300.275171	
10.20136	331.168903	331.123866	300.451108	300.406071	
10.21988	331.387867	331.394392	300.670072	300.650417	
10.22445	331.442659	331.455478	300.724864	300.702777	
10.23459	331.564279	331.586378	300.846484	300.82495	
10.24473	331.685935	331.717278	300.96814	300.95585	
10.25508	331.810243	331.856904	301.092448	301.078023	
10.26779	331.962799	331.987804	301.245004	301.208922	
10.27547	332.054959	332.118703	301.337164	301.331095	
10.28559	332.176291	332.249603	301.458496	301.453268	
10.29586	332.299555	332.380503	301.58176	301.575441	
10.30598	332.420995	332.511402	301.7032	301.697614	
10.31617	332.543215	332.633575	301.82542	301.819788	
10.32632	332.665051	332.764475	301.947256	301.941961	
10.33648	332.786947	332.886648	302.069152	302.055407	
10.34662	332.908687	333.008821	302.190892	302.17758	
10.35677	333.030535	333.130994	302.31274	302.291026	
10.36693	333.152431	333.253167	302.434636	302.413199	
10.37726	333.276367	333.366614	302.558572	302.535373	
10.38729	333.396655	333.48006	302.67886	302.657546	
10.39743	333.518359	333.593507	302.800564	302.779719	
10.40759	333.640279	333.706953	302.922484	302.893165	
10.41774	333.762103	333.811673	303.044308	303.015338	
10.4279	333.883987	333.925119	303.166192	303.128784	
10.43803	334.005595	334.038566	303.2878	303.259684	
10.44817	334.127239	334.143285	303.409444	303.373131	
10.45842	334.250263	334.248005	303.532468	303.495304	
10.46898	334.377067	334.361451	303.659272	303.617477	
10.47891	334.496227	334.474898	303.778432	303.73965	
10.48892	334.616287	334.579618	303.898492	303.861823	
10.49898	334.736947	334.693064	304.019152	303.983996	
10.50909	334.858267	334.80651	304.140472	304.106169	
10.5193	334.980883	334.928683	304.263088	304.228342	
10.52941	335.102143	335.033403	304.384348	304.350515	
10.53977	335.226391	335.155576	304.508596	304.481415	
10.54989	335.347939	335.277749	304.630144	304.594861	
10.56005	335.469871	335.399922	304.752076	304.725761	
10.57048	335.595031	335.522095	304.877236	304.839207	
10.58037	335.713687	335.652995	304.995892	304.970107	
10.59056	335.836003	335.775168	305.118208	305.09228	
10.60077	335.958475	335.906068	305.24068	305.214453	
10.6108	336.078847	336.028241	305.361052	305.336626	
10.621	336.201307	336.159141	305.483512	305.467526	
10.6312	336.323647	336.29004	305.605852	305.589699	
10.64133	336.445147	336.42094	305.727352	305.711872	
10.65144	336.566455	336.55184	305.84866	305.834045	
10.66156	336.687979	336.674013	305.970184	305.956218	
10.67186	336.811507	336.813639	306.093712	306.087118	
10.68257	336.940063	336.944539	306.222268	306.218017	
10.69273	337.061959	337.075438	306.344164	306.34019	
10.70287	337.183615	337.197611	306.46582	306.462363	
10.71306	337.305967	337.328511	306.588172	306.584536	
10.7232	337.427635	337.459411	306.70984	306.706709	
10.73334	337.549303	337.581584	306.831508	306.820156	
10.74355	337.671847	337.703757	306.954052	306.942329	
10.75363	337.792831	337.82593	307.075036	307.055775	
10.76378	337.914583	337.948103	307.196788	307.177948	
10.77396	338.036827	338.070276	307.319032	307.291395	
10.78526	338.172415	338.209902	307.45462	307.422294	
10.79541	338.294155	338.323349	307.57636	307.544467	
10.80558	338.416147	338.445522	307.698352	307.666641	
10.81573	338.537983	338.558968	307.820188	307.780087	
10.82584	338.659267	338.681141	307.941472	307.90226	
10.836	338.781211	338.803314	308.063416	308.024433	
10.84623	338.903971	338.916761	308.186176	308.146606	
10.85635	339.025399	339.038934	308.307604	308.268779	
10.8665	339.147259	339.15238	308.429464	308.399679	
10.8766	339.268411	339.274553	308.550616	308.521852	
10.88792	339.404287	339.405453	308.686492	308.652752	
10.89806	339.525967	339.518899	308.808172	308.774925	
10.90817	339.647215	339.641072	308.92942	308.897098	
10.91838	339.769771	339.763245	309.051976	309.027997	
10.92885	339.895435	339.885419	309.17764	309.15017	
10.93862	340.012663	340.007592	309.294868	309.272343	
10.94875	340.134259	340.129765	309.416464	309.394517	
10.9589	340.255963	340.251938	309.538168	309.51669	
10.96908	340.378207	340.374111	309.660412	309.647589	
10.97938	340.501843	340.496284	309.784048	309.769762	
10.99049	340.635091	340.63591	309.917296	309.909389	
11.00142	340.766275	340.775536	310.04848	310.040288	
11.0115	340.887223	340.897709	310.169428	310.162461	
11.02163	341.008795	341.019883	310.291	310.284634	
11.03187	341.131591	341.142056	310.413796	310.406807	
11.042	341.253259	341.272955	310.535464	310.528981	
11.05219	341.375515	341.395128	310.65772	310.642427	
11.06238	341.497735	341.517301	310.77994	310.7646	
11.07247	341.618899	341.639474	310.901104	310.878046	
11.08266	341.741071	341.761647	311.023276	311.000219	
11.09373	341.874067	341.883821	311.156272	311.122392	
11.10355	341.991871	342.005994	311.274076	311.244566	
11.1137	342.113683	342.11944	311.395888	311.366739	
11.12386	342.235495	342.241613	311.5177	311.480185	
11.13397	342.356827	342.363786	311.639032	311.611085	
11.14422	342.479875	342.477232	311.76208	311.724531	
11.15442	342.602227	342.590679	311.884432	311.846704	
11.16453	342.723619	342.712852	312.005824	311.968877	
11.17469	342.845467	342.835025	312.127672	312.099777	
11.1849	342.968011	342.948471	312.250216	312.22195	
11.19627	343.104559	343.079371	312.386764	312.361576	
11.20641	343.226167	343.201544	312.508372	312.483749	
11.21657	343.348087	343.314991	312.630292	312.605922	
11.22671	343.469695	343.437164	312.7519	312.728095	
11.23681	343.590919	343.55061	312.873124	312.858995	
11.24708	343.714243	343.672783	312.996448	312.981168	
11.25713	343.834735	343.794956	313.11694	313.103341	
11.26733	343.957207	343.917129	313.239412	313.225514	
11.27746	344.078719	344.039302	313.360924	313.347687	
11.28771	344.201767	344.161475	313.483972	313.46986	
11.29908	344.338291	344.301102	313.620496	313.60076	
11.30923	344.459995	344.423275	313.7422	313.722933	
11.31942	344.582215	344.545448	313.86442	313.845106	
11.32952	344.703451	344.676347	313.985656	313.967279	
11.34004	344.829763	344.807247	314.111968	314.089452	
11.34989	344.947843	344.92942	314.230048	314.202899	
11.36	345.069139	345.051593	314.351344	314.325072	
11.37014	345.190867	345.182493	314.473072	314.447245	
11.38024	345.312067	345.313393	314.594272	314.569418	
11.39058	345.436183	345.444292	314.718388	314.691591	
11.40184	345.571351	345.583919	314.853556	314.82249	
11.41195	345.692635	345.714818	314.97484	314.944664	
11.42209	345.814291	345.845718	315.096496	315.066837	
11.43224	345.936067	345.976618	315.218272	315.197736	
11.44245	346.058647	346.098791	315.340852	315.319909	
11.45261	346.180603	346.22969	315.462808	315.442082	
11.46275	346.302175	346.351863	315.58438	315.564255	
11.47298	346.424995	346.482763	315.7072	315.686428	
11.48304	346.545727	346.604936	315.827932	315.808602	
11.49321	346.667647	346.727109	315.949852	315.939501	
11.50461	346.804615	346.866736	316.08682	316.070401	
11.5146	346.924423	346.988909	316.206628	316.192574	
11.52476	347.045346	347.102355	316.327551	316.314747	
11.53491	347.165653	347.224528	316.447859	316.43692	
11.54508	347.285578	347.346701	316.567783	316.559093	
11.55521	347.40436	347.460147	316.686565	316.681266	
11.56538	347.522969	347.582321	316.805174	316.803439	
11.57555	347.640995	347.68704	316.9232	316.916886	
11.58569	347.758059	347.800487	317.040264	317.039059	
11.59579	347.874064	347.913933	317.156269	317.152505	
11.60709	348.003013	348.036106	317.285218	317.283405	
11.61733	348.119292	348.140826	317.401498	317.396851	
11.62739	348.232973	348.254272	317.515178	317.510298	
11.63758	348.34742	348.367719	317.629625	317.623744	
11.64774	348.461025	348.472438	317.74323	317.73719	
11.65787	348.57356	348.577158	317.855765	317.850637	
11.66799	348.685428	348.690605	317.967634	317.955356	
11.67814	348.796979	348.795324	318.079184	318.068803	
11.68828	348.90786	348.908771	318.190065	318.173523	
11.69886	349.022783	349.013491	318.304988	318.295696	
11.71781	349.226174	349.135664	318.50838	318.417869	
11.73036	349.360051	349.35383	318.642256	318.636035	
11.73492	349.408748	349.397463	318.690954	318.688395	
11.74509	349.516432	349.510909	318.798637	318.801841	
11.75519	349.622862	349.624356	318.905067	318.906561	
11.76538	349.729544	349.729076	319.011749	319.011281	
11.77559	349.835823	349.833795	319.118028	319.116	
11.78572	349.94067	349.938515	319.222875	319.22072	
11.79583	350.0447	350.051961	319.326905	319.32544	
11.80893	350.178426	350.156681	319.460632	319.43016	
11.82454	350.336159	350.261401	319.618365	319.526153	
11.82909	350.382029	350.392301	319.664235	319.657053	
11.83924	350.483861	350.49702	319.766066	319.761772	
11.84941	350.585305	350.60174	319.86751	319.866492	
11.85956	350.685846	350.70646	319.968052	319.971212	
11.86978	350.786467	350.81118	320.068672	320.075932	
11.87991	350.88564	350.907173	320.167846	320.180651	
11.88999	350.983662	351.003166	320.265867	320.276644	
11.90053	351.085607	351.099159	320.367812	320.372637	
11.9131	351.206074	351.195152	320.488279	320.477357	
11.92082	351.279772	351.299872	320.561977	320.57335	
11.93091	351.375439	351.387138	320.657645	320.669343	
11.94106	351.471023	351.483131	320.753228	320.765337	
11.95121	351.566122	351.579125	320.848328	320.86133	
11.96181	351.664705	351.675118	320.94691	320.957323	
11.97187	351.75767	351.771111	321.039875	321.044589	
11.98204	351.850995	351.858377	321.1332	321.140582	
11.99225	351.94411	351.95437	321.226315	321.227849	
12.0031	352.042303	352.050363	321.324508	321.323842	
12.01563	352.154767	352.13763	321.436972	321.411108	
12.02341	352.224319	352.233623	321.506524	321.498375	
12.0335	352.313784	352.320889	321.595989	321.585641	
12.0437	352.403647	352.408156	321.685852	321.672908	
12.05381	352.49212	352.495422	321.774325	321.760174	
12.064	352.580672	352.582689	321.862877	321.847441	
12.07418	352.668538	352.669955	321.950743	321.934707	
12.08431	352.755346	352.757222	322.037551	322.021974	
12.09448	352.841956	352.844488	322.124161	322.117967	
12.1046	352.927464	352.931755	322.209669	322.205233	
12.11685	353.030032	353.010295	322.312237	322.2925	
12.12493	353.0973	353.097561	322.379505	322.379766	
12.13513	353.181637	353.184827	322.463842	322.467033	
12.14533	353.265371	353.272094	322.547576	322.554299	
12.15538	353.347229	353.35936	322.629434	322.641566	
12.16558	353.429758	353.446627	322.711963	322.720105	
12.17576	353.511422	353.533893	322.793627	322.807372	
12.1859	353.592163	353.62116	322.874368	322.885912	
12.19601	353.672136	353.708426	322.954341	322.964451	
12.21538	353.822489	353.856779	323.104694	323.121531	
12.22255	353.878181	353.891686	323.160386	323.147711	
12.23015	353.936702	353.970226	323.218907	323.226251	
12.24032	354.014475	354.040039	323.29668	323.304791	
12.25048	354.091468	354.118579	323.373673	323.374604	
12.26059	354.167521	354.188392	323.449726	323.453144	
12.27075	354.243365	354.258205	323.52557	323.522957	
12.28105	354.319568	354.328018	323.601773	323.601497	
12.29933	354.452403	354.450191	323.734608	323.732396	
12.30392	354.485779	354.476371	323.767984	323.758576	
12.31403	354.558659	354.546184	323.840865	323.837116	
12.32645	354.647363	354.624724	323.929568	323.924383	
12.33659	354.718826	354.685811	324.001031	323.994196	
12.34673	354.789918	354.755624	324.072123	324.064009	
12.35683	354.860105	354.825437	324.14231	324.133822	
12.36697	354.929953	354.89525	324.212158	324.203635	
12.37724	355.000094	354.965063	324.282299	324.273448	
12.38733	355.068401	355.034876	324.350606	324.343262	
12.39747	355.136455	355.10469	324.41866	324.413075	
12.40765	355.204136	355.174503	324.486341	324.474161	
12.41773	355.270565	355.244316	324.55277	324.543974	
12.42913	355.344897	355.314129	324.627103	324.622514	
12.43931	355.410617	355.383942	324.692822	324.692327	
12.44948	355.475749	355.453755	324.757955	324.762141	
12.45957	355.539737	355.523569	324.821942	324.823227	
12.47841	355.656607	355.593382	324.938812	324.89304	
12.48305	355.685487	355.680648	324.967692	324.980307	
12.49321	355.747833	355.750461	325.030038	325.05012	
12.50332	355.809402	355.820275	325.091607	325.111206	
12.51348	355.870537	355.881361	325.152742	325.18102	
12.52364	355.93115	355.942448	325.213355	325.242106	
12.53427	355.993859	356.012261	325.276064	325.294466	
12.55252	356.099098	356.116981	325.381303	325.407912	
12.5571	356.125575	356.143161	325.407781	325.434092	
12.56738	356.185667	356.204247	325.467872	325.486452	
12.57745	356.241049	356.256607	325.523254	325.538812	
12.58757	356.29754	356.317693	325.579745	325.599899	
12.59771	356.353568	356.370053	325.635773	325.643532	
12.60786	356.40907	356.43114	325.691275	325.695892	
12.61796	356.463655	356.4835	325.74586	325.748252	
12.63063	356.531163	356.53586	325.813368	325.800611	
12.63847	356.572792	356.579493	325.854997	325.852971	
12.64854	356.625177	356.631853	325.907382	325.896605	
12.65871	356.677727	356.675486	325.959932	325.948964	
12.66882	356.72936	356.727846	326.011565	325.992598	
12.67911	356.781288	356.771479	326.063493	326.044958	
12.68918	356.831456	356.815112	326.113661	326.097317	
12.69928	356.881198	356.867472	326.163403	326.149677	
12.70946	356.930774	356.911105	326.212979	326.202037	
12.71966	356.979763	356.954739	326.261968	326.254397	
12.73846	357.067613	357.007098	326.349819	326.306757	
12.74305	357.089095	357.068185	326.3713	326.367843	
12.75322	357.135944	357.111818	326.41815	326.420203	
12.76361	357.183213	357.164178	326.465418	326.472563	
12.77351	357.227647	357.216538	326.509853	326.516196	
12.78374	357.272966	357.260171	326.555172	326.568556	
12.79386	357.317196	357.303804	326.599401	326.620916	
12.80401	357.360956	357.356164	326.643161	326.655823	
12.81418	357.404187	357.408524	326.686392	326.708183	
12.8243	357.446631	357.460884	326.728836	326.751816	
12.83705	357.499057	357.504517	326.781262	326.795449	
12.84468	357.530131	357.548151	326.812336	326.830356	
12.85483	357.570877	357.60051	326.853083	326.873989	
12.86514	357.611635	357.644144	326.89384	326.917622	
12.8751	357.650424	357.687777	326.932629	326.952529	
12.88529	357.689521	357.722683	326.971726	326.987435	
12.89544	357.727842	357.766317	327.010047	327.022342	
12.90562	357.765666	357.80995	327.047872	327.057249	
12.91576	357.802769	357.844857	327.084974	327.092155	
12.92587	357.839137	357.88849	327.121342	327.127062	
12.93855	357.883759	357.923396	327.165964	327.161968	
12.9463	357.910735	357.949576	327.192941	327.196875	
12.95641	357.945309	357.984483	327.227515	327.231781	
12.96671	357.979937	358.019389	327.262142	327.266688	
12.97669	358.012889	358.045569	327.295094	327.292868	
12.98687	358.045897	358.071749	327.328103	327.327775	
12.99701	358.078174	358.097929	327.360379	327.353955	
13.00718	358.110195	358.124109	327.3924	327.388861	
13.01733	358.141097	358.150289	327.423302	327.415041	
13.02772	358.172318	358.176469	327.454523	327.449948	
13.0376	358.201482	358.202649	327.483687	327.476128	
13.0479	358.231234	358.228829	327.51344	327.502307	
13.05799	358.259787	358.246282	327.541992	327.528487	
13.06815	358.287967	358.272462	327.570172	327.563394	
13.07836	358.315651	358.298642	327.597856	327.589574	
13.08884	358.343444	358.316095	327.625649	327.615754	
13.09869	358.369041	358.333549	327.651246	327.641934	
13.10879	358.394667	358.359729	327.676872	327.668114	
13.11893	358.419827	358.385909	327.702032	327.694294	
13.12913	358.444522	358.412089	327.726727	327.720474	
13.13923	358.468391	358.438268	327.750596	327.737927	
13.15763	358.509502	358.481902	327.791707	327.790287	
13.16223	358.519823	358.490628	327.802029	327.799013	
13.17238	358.541882	358.525535	327.824087	327.816467	
13.18254	358.563471	358.542988	327.845677	327.842647	
13.19273	358.58437	358.577895	327.866576	327.8601	
13.20288	358.604667	358.604075	327.886872	327.877553	
13.21303	358.624385	358.630255	327.90659	327.903733	
13.2232	358.643557	358.656435	327.925762	327.921187	
13.23335	358.662108	358.682615	327.944313	327.947366	
13.24351	358.680099	358.708795	327.962304	327.96482	
13.25628	358.701718	358.734974	327.983923	327.982273	
13.26647	358.718439	358.761154	328.000644	328.008453	
13.27658	358.734467	358.778608	328.016673	328.01718	
13.28673	358.749975	358.796061	328.03218	328.04336	
13.29708	358.765203	358.813514	328.047408	328.052086	
13.30704	358.779312	358.830968	328.061517	328.069539	
13.31726	358.7932	358.839694	328.075405	328.086993	
13.32738	358.806396	358.857148	328.088601	328.095719	
13.33763	358.819264	358.865874	328.101469	328.113173	
13.35032	358.834049	358.874601	328.116255	328.121899	
13.35788	358.842684	358.883327	328.12489	328.130626	
13.36804	358.853678	358.892054	328.135884	328.139353	
13.37816	358.864077	358.892054	328.146282	328.148079	
13.38848	358.874109	358.892054	328.156314	328.156806	
13.39885	358.883611	358.892054	328.165817	328.165533	
13.40862	358.892076	358.892054	328.174282	328.174259	
13.4188	358.900337	358.892054	328.182542	328.182986	
13.42892	358.908023	358.892054	328.190228	328.182986	
13.43905	358.915185	358.892054	328.197391	328.191713	
13.4517	358.923244	358.892054	328.205449	328.191713	
13.45942	358.927943	358.892054	328.210149	328.191713	
13.46965	358.933602	358.892054	328.215807	328.200439	
13.47981	358.938721	358.892054	328.220926	328.200439	
13.49008	358.943384	358.892054	328.225589	328.200439	
13.50031	358.94754	358.892054	328.229745	328.200439	
13.51015	358.951109	358.892054	328.233314	328.200439	
13.52033	358.954334	358.892054	328.23654	328.200439	
13.53051	358.957118	358.900781	328.239323	328.200439	
13.54058	358.959462	358.900781	328.241667	328.200439	
13.5508	358.96144	358.900781	328.243646	328.200439	
13.56107	358.963052	358.900781	328.245257	328.200439	
13.57117	358.967647	358.900781	328.249853	328.200439	
13.58131	358.967647	358.900781	328.249853	328.200439	
13.5914	358.967647	358.900781	328.249853	328.200439	
13.60183	358.967647	358.900781	328.249853	328.200439	
13.61197	358.967647	358.900781	328.249853	328.200439	
13.62214	358.967647	358.909507	328.249853	328.200439	
13.63234	358.967647	358.909507	328.249853	328.200439	
13.64249	358.967647	358.909507	328.249853	328.200439	
13.65263	358.967647	358.918234	328.249853	328.200439	
13.66309	358.967647	358.926961	328.249853	328.200439	
13.67328	358.967647	358.935687	328.249853	328.200439	
13.68337	358.967647	358.944414	328.249853	328.200439	
13.6935	358.967647	358.953141	328.249853	328.200439	
13.70379	358.967647	358.961867	328.249853	328.200439	
13.71389	358.967647	358.970594	328.249853	328.200439	
13.72401	358.967647	358.979321	328.249853	328.200439	
13.73417	358.967647	358.979321	328.249853	328.200439	
13.74438	358.967647	358.979321	328.249853	328.200439	
13.75459	358.967647	358.979321	328.249853	328.200439	
13.76479	358.967647	358.979321	328.249853	328.200439	
13.77492	358.967647	358.979321	328.249853	328.200439	
13.78516	358.967647	358.979321	328.249853	328.200439	
13.79522	358.967647	358.979321	328.249853	328.209166	
13.80536	358.967647	358.979321	328.249853	328.209166	
13.81557	358.967647	358.979321	328.249853	328.209166	
13.82569	358.967647	358.979321	328.249853	328.217892	
13.8358	358.967647	358.979321	328.249853	328.217892	
13.84599	358.967647	358.979321	328.249853	328.217892	
13.85612	358.967647	358.979321	328.249853	328.217892	
13.8668	358.967647	358.979321	328.249853	328.217892	
13.87664	358.967647	358.979321	328.249853	328.217892	
13.88677	358.967647	358.979321	328.249853	328.217892	
13.89693	358.967647	358.979321	328.249853	328.217892	
13.90704	358.967647	358.979321	328.249853	328.217892	
13.91725	358.967647	358.979321	328.249853	328.217892	
13.92739	358.967647	358.979321	328.249853	328.217892	
13.93758	358.967647	358.979321	328.249853	328.217892	
13.94769	358.967647	358.979321	328.249853	328.217892	
13.95778	358.967647	358.979321	328.249853	328.217892	
13.96954	358.967647	358.979321	328.249853	328.217892	
13.97928	358.967647	358.979321	328.249853	328.217892	
13.98945	358.967647	358.979321	328.249853	328.217892	
13.99959	358.967647	358.979321	328.249853	328.217892	
14.01821	358.967647	358.979321	328.249853	328.217892	
14.02275	358.967647	358.979321	328.249853	328.217892	
14.0329	358.967647	358.979321	328.249853	328.217892	
14.04307	358.967647	358.979321	328.249853	328.217892	
14.0532	358.967647	358.979321	328.249853	328.217892	
14.0634	358.967647	358.979321	328.249853	328.217892	
14.07363	358.967647	358.979321	328.249853	328.217892	
14.08373	358.967647	358.979321	328.249853	328.217892	
14.09389	358.967647	358.979321	328.249853	328.217892	
14.10406	358.967647	358.979321	328.249853	328.217892	
14.11422	358.967647	358.979321	328.249853	328.217892	
14.12437	358.967647	358.979321	328.249853	328.217892	
14.1345	358.967647	358.979321	328.249853	328.217892	
14.14468	358.967647	358.979321	328.249853	328.217892	
14.15482	358.967647	358.979321	328.249853	328.217892	
14.16501	358.967647	358.979321	328.249853	328.217892	
14.17533	358.967647	358.979321	328.249853	328.217892	
14.18548	358.967647	358.979321	328.249853	328.217892	
14.19555	358.967647	358.979321	328.249853	328.217892	
14.21569	358.967647	358.979321	328.249853	328.217892	
14.22062	358.967647	358.979321	328.249853	328.217892	
14.23042	358.967647	358.979321	328.249853	328.217892	
14.24058	358.967647	358.979321	328.249853	328.217892	
14.25074	358.967647	358.979321	328.249853	328.217892	
14.26086	358.967647	358.979321	328.249853	328.217892	
14.27302	358.967647	358.979321	328.249853	328.217892	
14.28137	358.967647	358.979321	328.249853	328.217892	
14.29141	358.967647	358.979321	328.249853	328.217892	
14.30157	358.967647	358.979321	328.249853	328.217892	
14.31173	358.967647	358.979321	328.249853	328.217892	
14.33167	358.967647	358.979321	328.249853	328.217892	
14.34172	358.967647	358.979321	328.249853	328.217892	
