7.255829	
7.265842	
7.275925	
7.286108	
7.296311	
7.306422	
7.316543	
7.334698	
7.339142	
7.349215	
7.359339	
7.369604	
7.379671	
7.390221	
7.400026	
7.410196	
7.42024	
7.430709	
7.44057	
7.450679	
7.462583	
7.470946	
7.481131	
7.491309	
7.501653	
7.511643	
7.521798	
7.531867	
7.542058	
7.552247	
7.562586	
7.572454	
7.58263	
7.592758	
7.60289	
7.620898	
7.625231	
7.635435	
7.645568	
7.65573	
7.665932	
7.677018	
7.686471	
7.696361	
7.706444	
7.71657	
7.72674	
7.736982	
7.747209	
7.757288	
7.767402	
7.777634	
7.787721	
7.798029	
7.808015	
7.818193	
7.828318	
7.838463	
7.848642	
7.858778	
7.868918	
7.879142	
7.889233	
7.899395	
7.909547	
7.919613	
7.929861	
7.939916	
7.950051	
7.9602	
7.970357	
7.980493	
7.990659	
8.000769	
8.010898	
8.021056	
8.031209	
8.041369	
8.051548	
8.061673	
8.071752	
8.082008	
8.092054	
8.102182	
8.112403	
8.122497	
8.132629	
8.14281	
8.152951	
8.163132	
8.17336	
8.183563	
8.193731	
8.203805	
8.213996	
8.225832	
8.234338	
8.244437	
8.254562	
8.264751	
8.274867	
8.285051	
8.295226	
8.305374	
8.315502	
8.325654	
8.335825	
8.346018	
8.356125	
8.367373	
8.376462	
8.386574	
8.396714	
8.406867	
8.417031	
8.427173	
8.437266	
8.447484	
8.457665	
8.467723	
8.477857	
8.488061	
8.498241	
8.508331	
8.51848	
8.52866	
8.538772	
8.55061	
8.559115	
8.569359	
8.579413	
8.58953	
8.599795	
8.610718	
8.620497	
8.630595	
8.641242	
8.651115	
8.661306	
8.671488	
8.682037	
8.691689	
8.702201	
8.71199	
8.722185	
8.732255	
8.742375	
8.752608	
8.762686	
8.772838	
8.782993	
8.793148	
8.803337	
8.814546	
8.82366	
8.833865	
8.843884	
8.854024	
8.864213	
8.874328	
8.88451	
8.89466	
8.904879	
8.915271	
8.925121	
8.935282	
8.945389	
8.955653	
8.965931	
8.976034	
8.987053	
8.997126	
9.007305	
9.017407	
9.027583	
9.037733	
9.047881	
9.058072	
9.068176	
9.078298	
9.088516	
9.098641	
9.10878	
9.118917	
9.129082	
9.139194	
9.149387	
9.1595	
9.169671	
9.179804	
9.1899	
9.200133	
9.210279	
9.220394	
9.23052	
9.240673	
9.250795	
9.260926	
9.271049	
9.281215	
9.29141	
9.309395	
9.313816	
9.323921	
9.33408	
9.344241	
9.354411	
9.364536	
9.374706	
9.384872	
9.395021	
9.405122	
9.415342	
9.425472	
9.435607	
9.445811	
9.455937	
9.466132	
9.476183	
9.486398	
9.496562	
9.506694	
9.516821	
9.52698	
9.537199	
9.547408	
9.557445	
9.56757	
9.577811	
9.588097	
9.59806	
9.608198	
9.618328	
9.628518	
9.638652	
9.648846	
9.658952	
9.669115	
9.679199	
9.689349	
9.699605	
9.709719	
9.719838	
9.730061	
9.740189	
9.750299	
9.760451	
9.770531	
9.780692	
9.790831	
9.801242	
9.811252	
9.82131	
9.831526	
9.841624	
9.852117	
9.861872	
9.871967	
9.882193	
9.892234	
9.902441	
9.912614	
9.922715	
9.932829	
9.951054	
9.955486	
9.965588	
9.975721	
9.986856	
9.99599	
10.00612	
10.01626	
10.02644	
10.03655	
10.04673	
10.05689	
10.06704	
10.07714	
10.08737	
10.09943	
10.10767	
10.11787	
10.12796	
10.13814	
10.14828	
10.15843	
10.16863	
10.17874	
10.18887	
10.19908	
10.20924	
10.21942	
10.22952	
10.23966	
10.24982	
10.25996	
10.27015	
10.28027	
10.29044	
10.30053	
10.31066	
10.3208	
10.33094	
10.34109	
10.35123	
10.36151	
10.37307	
10.38177	
10.39191	
10.40212	
10.41219	
10.42233	
10.43243	
10.4426	
10.45274	
10.46288	
10.4809	
10.48531	
10.49549	
10.50561	
10.51575	
10.5259	
10.53607	
10.55432	
10.55873	
10.56892	
10.57904	
10.58918	
10.5997	
10.60963	
10.61977	
10.62994	
10.64013	
10.6503	
10.66038	
10.6705	
10.68069	
10.69092	
10.70094	
10.71108	
10.72123	
10.73137	
10.74934	
10.75375	
10.76389	
10.77403	
10.78419	
10.79443	
10.80449	
10.81466	
10.82484	
10.83497	
10.84513	
10.85529	
10.86549	
10.87568	
10.88583	
10.89599	
10.90622	
10.91641	
10.92644	
10.93658	
10.94675	
10.95687	
10.96702	
10.97718	
10.98816	
10.99743	
11.00756	
11.01769	
11.02787	
11.03801	
11.04816	
11.05838	
11.06847	
11.07858	
11.08879	
11.0989	
11.10907	
11.11921	
11.12935	
11.13951	
11.14964	
11.15977	
11.16992	
11.18005	
11.19062	
11.20035	
11.21053	
11.22064	
11.23078	
11.24093	
11.25108	
11.26124	
11.27136	
11.28949	
11.29388	
11.30399	
11.31425	
11.32433	
11.33449	
11.34467	
11.35475	
11.37411	
11.37857	
11.38866	
11.3988	
11.40904	
11.41912	
11.42927	
11.43935	
11.44959	
11.4598	
11.4699	
11.47998	
11.4903	
11.50037	
11.51047	
11.52061	
11.53076	
11.54089	
11.55106	
11.5612	
11.57157	
11.58156	
11.59172	
11.60179	
11.61193	
11.62207	
11.6322	
11.64242	
11.65251	
11.66264	
11.6728	
11.68304	
11.69314	
11.70322	
11.71335	
11.72369	
11.7338	
11.74397	
11.75418	
11.76423	
11.77443	
11.7846	
11.79473	
11.80486	
11.81503	
11.82518	
11.83534	
11.84548	
11.85564	
11.86581	
11.8759	
11.88607	
11.89624	
11.90645	
11.91667	
11.92669	
11.93684	
11.94697	
11.95711	
11.96726	
11.97741	
11.98807	
11.99771	
12.00782	
12.01795	
12.02814	
12.03829	
12.04842	
12.05862	
12.06873	
12.07883	
12.0892	
12.09934	
12.10948	
12.11964	
12.12976	
12.13995	
12.15006	
12.16022	
12.1704	
12.1805	
12.19063	
12.20103	
12.21092	
12.22108	
12.23122	
12.24137	
12.2594	
12.26379	
12.2739	
12.28409	
12.29423	
12.30438	
12.31461	
12.3247	
12.33487	
12.34504	
12.35517	
12.36529	
12.37664	
12.38563	
12.39585	
12.40596	
12.41612	
12.42636	
12.43638	
12.44656	
12.45672	
12.46688	
12.477	
12.48734	
12.49734	
12.5075	
12.51767	
12.52783	
12.53797	
12.54816	
12.55837	
12.56846	
12.57867	
12.58873	
12.59888	
12.61927	
12.62371	
12.63384	
12.64396	
12.65416	
12.66429	
12.67446	
12.68455	
12.69473	
12.70493	
12.71517	
12.7252	
12.73542	
12.74548	
12.75566	
12.7658	
12.77595	
12.78614	
12.79621	
12.80639	
12.81657	
12.82676	
12.83687	
12.84701	
12.85721	
12.86734	
12.87743	
12.88761	
12.89783	
12.90799	
12.91826	
12.92829	
12.93846	
12.94999	
12.95874	
12.969	
12.97904	
12.99005	
13.00736	
13.01189	
13.02197	
13.03205	
13.04247	
13.05376	
13.06258	
13.07266	
13.08283	
13.09299	
13.10354	
13.11353	
13.12368	
13.13384	
13.14397	
13.1542	
13.16429	
13.17447	
13.18457	
13.19478	
13.20489	
13.21504	
13.22556	
13.23539	
13.24572	
13.25564	
13.26586	
13.27599	
13.28635	
13.29633	
13.30653	
13.3167	
13.32677	
13.337	
13.34711	
13.3572	
13.36741	
13.3789	
13.38773	
13.39785	
13.40796	
13.41815	
13.42829	
13.43839	
13.44858	
13.45878	
13.46888	
13.4792	
13.48938	
13.49931	
13.50946	
13.5196	
13.52979	
13.53997	
13.55014	
13.56047	
13.57064	
13.58072	
13.59088	
13.60106	
13.61117	
13.62131	
13.63225	401.374447	401.373368	126.118571	126.117492	
13.64287	401.376161	401.373368	126.120284	126.117492	
13.65253	401.378248	401.373368	126.122372	126.117492	
13.66263	401.381058	401.373368	126.125181	126.117492	
13.67279	401.384509	401.373368	126.128633	126.117492	
13.69088	401.393041	401.382095	126.137165	126.117492	
13.69543	401.395125	401.382095	126.139248	126.117492	
13.70559	401.400572	401.382095	126.144696	126.117492	
13.71576	401.406647	401.382095	126.15077	126.117492	
13.72724	401.414345	401.382095	126.158468	126.117492	
13.73621	401.420766	401.382095	126.16489	126.117492	
13.74633	401.428665	401.382095	126.172789	126.117492	
13.75638	401.437115	401.382095	126.181238	126.117492	
13.76654	401.44628	401.382095	126.190403	126.117492	
13.77671	401.456074	401.382095	126.200198	126.117492	
13.78688	401.466489	401.382095	126.210613	126.117492	
13.79701	401.477466	401.382095	126.22159	126.117492	
13.80716	401.489099	401.382095	126.233222	126.117492	
13.81731	401.501335	401.382095	126.245459	126.117492	
13.82748	401.51423	401.382095	126.258354	126.117492	
13.83855	401.529034	401.382095	126.273158	126.117492	
13.84874	401.54325	401.382095	126.287373	126.117492	
13.85888	401.558006	401.382095	126.30213	126.117492	
13.86903	401.573403	401.382095	126.317527	126.117492	
13.87941	401.589925	401.382095	126.334049	126.117492	
13.88934	401.606068	401.382095	126.350192	126.117492	
13.89945	401.623249	401.382095	126.367373	126.117492	
13.9113	401.644298	401.382095	126.388422	126.117492	
13.92004	401.660184	401.390821	126.404308	126.117492	
13.9306	401.680115	401.390821	126.424239	126.117492	
13.94125	401.700898	401.390821	126.445022	126.117492	
13.95151	401.721548	401.390821	126.465671	126.117492	
13.96166	401.742576	401.399548	126.486699	126.117492	
13.97177	401.764159	401.408275	126.508283	126.117492	
13.98215	401.786945	401.408275	126.531069	126.126218	
13.99271	401.810828	401.408275	126.554952	126.126218	
14.00283	401.834295	401.425728	126.578419	126.126218	
14.02101	401.878892	401.434455	126.623016	126.126218	
14.02603	401.891148	401.443181	126.635272	126.126218	
14.03617	401.916687	401.443181	126.66081	126.126218	
14.04691	401.944467	401.460635	126.68859	126.126218	
14.0568	401.970603	401.469361	126.714726	126.126218	
14.06695	401.998038	401.478088	126.742161	126.126218	
14.07705	402.025956	401.495541	126.77008	126.126218	
14.08725	402.054795	401.512994	126.798919	126.126218	
14.0974	402.084113	401.530448	126.828237	126.126218	
14.10757	402.114065	401.547901	126.858189	126.126218	
14.1177	402.144541	401.565354	126.888664	126.126218	
14.1278	402.17565	401.582808	126.919774	126.134945	
14.13799	402.207451	401.600261	126.951574	126.134945	
14.14822	402.24011	401.626441	126.984233	126.134945	
14.15839	402.273213	401.652621	127.017336	126.134945	
14.16849	402.306672	401.670074	127.050795	126.134945	
14.17873	402.341231	401.696254	127.085355	126.143672	
14.18933	402.378055	401.722434	127.122179	126.152398	
14.19902	402.411566	401.757341	127.155689	126.161125	
14.20916	402.447647	401.78352	127.19177	126.169852	
14.21929	402.484289	401.8097	127.228413	126.178578	
14.22941	402.521539	401.844607	127.265663	126.196032	
14.23952	402.559335	401.879514	127.303459	126.204758	
14.25048	402.601063	401.91442	127.345186	126.222212	
14.26006	402.638046	401.949327	127.382169	126.239665	
14.27019	402.677809	401.984233	127.421932	126.257118	
14.28028	402.718012	402.01914	127.462136	126.274571	
14.29074	402.76033	402.062773	127.504453	126.292025	
14.30061	402.80085	402.09768	127.544974	126.309478	
14.31074	402.843066	402.141313	127.58719	126.335658	
14.32088	402.885954	402.184946	127.630077	126.361838	
14.33102	402.927586	402.228579	127.67171	126.379291	
14.34116	402.968627	402.263486	127.71275	126.414198	
14.35247	403.013638	402.315846	127.757761	126.440378	
14.36272	403.053786	402.368206	127.797909	126.475284	
14.37277	403.092593	402.411839	127.836717	126.501464	
14.3924	403.165579	402.499105	127.909703	126.562551	
14.39702	403.182772	402.525285	127.926896	126.580004	
14.40716	403.219874	402.568919	127.963998	126.614911	
14.41735	403.256531	402.612552	128.000654	126.649817	
14.42748	403.292359	402.664912	128.036482	126.684724	
14.44382	403.348359	402.734725	128.092483	126.74581	
14.45474	403.385209	402.787085	128.129332	126.780717	
14.46472	403.418303	402.839445	128.162426	126.82435	
14.47488	403.451394	402.874351	128.195517	126.859257	
14.48512	403.484188	402.926711	128.228312	126.894163	
14.49512	403.515564	402.970344	128.259688	126.92907	
14.50527	403.546852	403.013978	128.290976	126.972703	
14.51545	403.577619	403.057611	128.321743	127.00761	
14.52559	403.607648	403.101244	128.351772	127.042516	
14.53575	403.637132	403.144877	128.381256	127.077423	
14.54589	403.665968	403.188511	128.410091	127.112329	
14.5566	403.695742	403.223417	128.439866	127.155963	
14.56675	403.723377	403.26705	128.4675	127.190869	
14.57687	403.750321	403.310684	128.494444	127.225776	
14.58705	403.776826	403.34559	128.520949	127.260682	
14.59718	403.802608	403.380497	128.546732	127.295589	
14.61796	403.852371	403.459037	128.596495	127.374129	
14.62255	403.863414	403.47649	128.607538	127.391582	
14.6327	403.887182	403.511396	128.631306	127.426489	
14.64284	403.910314	403.546303	128.654437	127.452669	
14.66134	403.950094	403.60739	128.694218	127.513755	
14.66628	403.960774	403.624843	128.704898	127.531208	
14.67613	403.981354	403.659749	128.725478	127.566115	
14.68625	404.001907	403.694656	128.746031	127.592295	
14.69642	404.021989	403.729563	128.766112	127.618475	
14.70668	404.041634	403.755743	128.785757	127.653381	
14.71675	404.06035	403.781922	128.804474	127.679561	
14.72685	404.078542	403.816829	128.822665	127.705741	
14.73708	404.096347	403.851736	128.84047	127.731921	
14.74715	404.113336	403.869189	128.857459	127.758101	
14.75912	404.132654	403.904095	128.876778	127.784281	
14.7678	404.146298	403.930275	128.890422	127.810461	
14.77768	404.161262	403.956455	128.905386	127.827914	
14.78786	404.176081	403.982635	128.920204	127.854094	
14.79793	404.190194	404.008815	128.934318	127.871548	
14.80816	404.203935	404.034995	128.948059	127.889001	
14.8183	404.216987	404.061175	128.961111	127.915181	
14.82844	404.229467	404.078628	128.97359	127.932634	
14.8386	404.24141	404.104808	128.985534	127.950087	
14.8487	404.252725	404.130988	128.996849	127.958814	
14.86158	404.266162	404.148442	129.010286	127.976267	
14.8691	404.273806	404.174622	129.01793	127.984994	
14.87919	404.283436	404.192075	129.02756	128.002447	
14.88935	404.29259	404.218255	129.036714	128.019901	
14.8995	404.301186	404.235708	129.045309	128.019901	
14.90962	404.309216	404.253161	129.05334	128.037354	
14.92001	404.316911	404.270615	129.061034	128.046081	
14.92995	404.323728	404.288068	129.067852	128.054807	
14.94015	404.330215	404.305521	129.074339	128.054807	
14.95061	404.336304	404.322975	129.080428	128.063534	
14.96294	404.342671	404.340428	129.086794	128.063534	
14.97067	404.346464	404.357881	129.090588	128.072261	
14.98068	404.350837	404.375334	129.09496	128.072261	
14.99161	404.355031	404.392788	129.099155	128.072261	
15.00099	404.358268	404.401514	129.102392	128.072261	
15.01115	404.361304	404.410241	129.105428	128.072261	
15.02168	404.363977	404.427694	129.108101	128.063534	
15.03149	404.3661	404.445148	129.110224	128.063534	
15.04167	404.36791	404.453874	129.112033	128.063534	
15.05172	404.373368	404.462601	129.117492	128.063534	
15.0623	404.373368	404.471328	129.117492	128.063534	
15.07208	404.373368	404.480054	129.117492	128.063534	
15.08226	404.373368	404.480054	129.117492	128.063534	
15.09234	404.373368	404.480054	129.117492	128.063534	
15.10245	404.373368	404.480054	129.117492	128.063534	
15.11264	404.373368	404.480054	129.117492	128.063534	
15.12281	404.373368	404.471328	129.117492	128.063534	
15.133	404.373368	404.462601	129.117492	128.063534	
15.14313	404.373368	404.462601	129.117492	128.063534	
15.15328	404.373368	404.453874	129.117492	128.063534	
15.16362	404.373368	404.445148	129.117492	128.063534	
15.17376	404.373368	404.445148	129.117492	128.063534	
15.18387	404.373368	404.436421	129.117492	128.063534	
15.19445	404.373368	404.427694	129.117492	128.063534	
15.20419	404.373368	404.418968	129.117492	128.063534	
15.21437	404.373368	404.410241	129.117492	128.063534	
15.22452	404.373368	404.401514	129.117492	128.063534	
15.23497	404.373368	404.392788	129.117492	128.063534	
15.24486	404.373368	404.392788	129.117492	128.063534	
15.25498	404.373368	404.375334	129.117492	128.063534	
15.26521	404.373368	404.375334	129.117492	128.063534	
15.27531	404.373368	404.375334	129.117492	128.063534	
15.28585	404.373368	404.375334	129.117492	128.063534	
15.29567	404.373368	404.375334	129.117492	128.063534	
15.30586	404.373368	404.375334	129.117492	128.063534	
15.32388	404.373368	404.375334	129.117492	128.063534	
15.32845	404.373368	404.375334	129.117492	128.063534	
15.33868	404.373368	404.375334	129.117492	128.063534	
15.34876	404.373368	404.375334	129.117492	128.063534	
15.35891	404.373368	404.375334	129.117492	128.063534	
15.36932	404.373368	404.375334	129.117492	128.063534	
15.37932	404.373368	404.384061	129.117492	128.063534	
15.38943	404.373368	404.384061	129.117492	128.063534	
15.39956	404.373368	404.384061	129.117492	128.063534	
15.41156	404.373368	404.384061	129.117492	128.063534	
15.42006	404.373368	404.384061	129.117492	128.063534	
15.43111	404.373368	404.384061	129.117492	128.063534	
15.44126	404.373368	404.384061	129.117492	128.063534	
15.45137	404.373368	404.384061	129.117492	128.063534	
15.46946	404.373368	404.384061	129.117492	128.063534	
15.47765	404.373368	404.384061	129.117492	128.063534	
15.4842	404.373368	404.384061	129.117492	128.063534	
15.4947	404.373368	404.384061	129.117492	128.063534	
15.50472	404.373368	404.384061	129.117492	128.063534	
15.51472	404.373368	404.384061	129.117492	128.063534	
15.52481	404.373368	404.384061	129.117492	128.063534	
15.53497	404.373368	404.384061	129.117492	128.063534	
15.54533	404.373368	404.384061	129.117492	128.063534	
15.55529	404.373368	404.384061	129.117492	128.063534	
15.56541	404.373368	404.384061	129.117492	128.063534	
15.57558	404.373368	404.384061	129.117492	128.063534	
15.58584	404.373368	404.384061	129.117492	128.063534	
15.59597	404.373368	404.384061	129.117492	128.063534	
15.60611	404.373368	404.384061	129.117492	128.063534	
15.61622	404.373368	404.384061	129.117492	128.063534	
15.6265	404.373368	404.384061	129.117492	128.063534	
15.63662	404.373368	404.384061	129.117492	128.063534	
15.6467	404.373368	404.384061	129.117492	128.063534	
15.65691	404.373368	404.384061	129.117492	128.063534	
15.66704	404.373368	404.384061	129.117492	128.063534	
15.67718	404.373368	404.384061	129.117492	128.063534	
15.68736	404.373368	404.384061	129.117492	128.063534	
15.69754	404.373368	404.384061	129.117492	128.063534	
15.70844	404.373368	404.384061	129.117492	128.063534	
15.71786	404.373368	404.384061	129.117492	128.063534	
15.72795	404.373368	404.384061	129.117492	128.063534	
15.73945	404.373368	404.384061	129.117492	128.063534	
15.74837	404.373368	404.384061	129.117492	128.063534	
15.75849	404.373368	404.384061	129.117492	128.063534	
15.76858	404.373368	404.384061	129.117492	128.063534	
15.77876	404.373368	404.384061	129.117492	128.063534	
15.78934	404.373368	404.384061	129.117492	128.063534	
15.7991	404.373368	404.384061	129.117492	128.063534	
15.8093	404.373368	404.384061	129.117492	128.063534	
15.81942	404.373368	404.384061	129.117492	128.063534	
15.8315	404.373368	404.384061	129.117492	128.063534	
15.83976	404.373368	404.384061	129.117492	128.063534	
15.84987	404.373368	404.384061	129.117492	128.063534	
15.86002	404.373368	404.384061	129.117492	128.063534	
15.8702	404.373368	404.384061	129.117492	128.063534	
15.88067	404.373368	404.384061	129.117492	128.063534	
15.89115	404.373368	404.384061	129.117492	128.063534	
15.90129	404.373368	404.384061	129.117492	128.063534	
15.91148	404.373368	404.384061	129.117492	128.063534	
15.9217	404.373368	404.384061	129.117492	128.063534	
15.93213	404.373368	404.384061	129.117492	128.063534	
15.94198	404.373368	404.384061	129.117492	128.063534	
15.95211	404.373368	404.384061	129.117492	128.063534	
15.9623	404.373368	404.384061	129.117492	128.063534	
15.97238	404.373368	404.384061	129.117492	128.063534	
15.98256	404.373368	404.384061	129.117492	128.063534	
15.99593	404.373368	404.384061	129.117492	128.063534	
16.0042	404.373368	404.384061	129.117492	128.063534	
16.01426	404.373368	404.384061	129.117492	128.063534	
16.02438	404.373368	404.384061	129.117492	128.063534	
16.03465	404.373368	404.384061	129.117492	128.063534	
16.04476	404.373368	404.384061	129.117492	128.063534	
16.05492	404.373368	404.384061	129.117492	128.063534	
16.06507	404.373368	404.384061	129.117492	128.063534	
16.07521	404.373368	404.384061	129.117492	128.063534	
16.08539	404.373368	404.384061	129.117492	128.063534	
16.09673	404.373368	404.384061	129.117492	128.063534	
16.10687	404.373368	404.384061	129.117492	128.063534	
16.11727	404.373368	404.384061	129.117492	128.063534	
16.12718	404.373368	404.384061	129.117492	128.063534	
16.13733	404.373368	404.384061	129.117492	128.063534	
16.14748	404.373368	404.384061	129.117492	128.063534	
16.15761	404.373368	404.384061	129.117492	128.063534	
16.16783	404.373368	404.384061	129.117492	128.063534	
16.17802	404.373368	404.384061	129.117492	128.063534	
16.18818	404.373368	404.384061	129.117492	128.063534	
16.1994	404.373368	404.384061	129.117492	128.063534	
16.20946	404.373368	404.384061	129.117492	128.063534	
16.21963	404.373368	404.384061	129.117492	128.063534	
16.22985	404.373368	404.384061	129.117492	128.063534	
16.23991	404.373368	404.384061	129.117492	128.063534	
16.25018	404.373368	404.384061	129.117492	128.063534	
16.26039	404.373368	404.384061	129.117492	128.063534	
16.27043	404.373368	404.384061	129.117492	128.063534	
16.28055	404.373368	404.384061	129.117492	128.063534	
16.29086	404.373368	404.384061	129.117492	128.063534	
16.30358	404.373368	404.384061	129.117492	128.063534	
16.31228	404.373368	404.384061	129.117492	128.063534	
16.32235	404.373368	404.384061	129.117492	128.063534	
16.33249	404.373368	404.384061	129.117492	128.063534	
16.34266	404.373368	404.384061	129.117492	128.063534	
16.35281	404.373368	404.384061	129.117492	128.063534	
16.36301	404.373368	404.384061	129.117492	128.063534	
16.37312	404.373368	404.384061	129.117492	128.063534	
16.38358	404.373368	404.384061	129.117492	128.063534	
16.39363	404.373368	404.384061	129.117492	128.063534	
16.40489	404.373368	404.384061	129.117492	128.063534	
16.41504	404.373368	404.384061	129.117492	128.063534	
16.42518	404.373368	404.384061	129.117492	128.063534	
16.43531	404.373368	404.384061	129.117492	128.063534	
16.44545	404.373368	404.384061	129.117492	128.063534	
16.45564	404.373368	404.384061	129.117492	128.063534	
16.46579	404.373368	404.384061	129.117492	128.063534	
16.4779	404.373368	404.384061	129.117492	128.063534	
16.48613	404.373368	404.384061	129.117492	128.063534	
16.49628	404.373368	404.384061	129.117492	128.063534	
16.50966	404.373368	404.384061	129.117492	128.063534	
16.51975	404.373368	404.384061	129.117492	128.063534	
16.52968	404.373368	404.384061	129.117492	128.063534	
16.53976	404.373368	404.384061	129.117492	128.063534	
16.54994	404.373368	404.384061	129.117492	128.063534	
16.56018	404.373368	404.384061	129.117492	128.063534	
16.57027	404.373368	404.384061	129.117492	128.063534	
16.58046	404.373368	404.384061	129.117492	128.063534	
16.59058	404.373368	404.384061	129.117492	128.063534	
16.6037	404.373368	404.384061	129.117492	128.063534	
16.61909	404.373368	404.384061	129.117492	128.063534	
16.62556	404.373368	404.384061	129.117492	128.063534	
16.6357	404.373368	404.384061	129.117492	128.063534	
16.64582	404.373368	404.384061	129.117492	128.063534	
16.65601	404.373368	404.384061	129.117492	128.063534	
16.66615	404.373368	404.384061	129.117492	128.063534	
16.67636	404.373368	404.384061	129.117492	128.063534	
16.68644	404.373368	404.384061	129.117492	128.063534	
16.69662	404.373368	404.384061	129.117492	128.063534	
16.70686	404.373368	404.384061	129.117492	128.063534	
16.717	404.373368	404.384061	129.117492	128.063534	
16.72712	404.373368	404.384061	129.117492	128.063534	
16.7373	404.373368	404.384061	129.117492	128.063534	
16.7474	404.373368	404.384061	129.117492	128.063534	
16.75756	404.373368	404.384061	129.117492	128.063534	
16.77351	404.373368	404.384061	129.117492	128.063534	
16.77834	404.373368	404.384061	129.117492	128.063534	
16.78839	404.373368	404.384061	129.117492	128.063534	
16.79845	404.373368	404.384061	129.117492	128.063534	
16.80859	404.373368	404.384061	129.117492	128.063534	
16.81937	404.373368	404.384061	129.117492	128.063534	
16.82927	404.373368	404.384061	129.117492	128.063534	
16.84789	404.373368	404.384061	129.117492	128.063534	
16.85255	404.373368	404.384061	129.117492	128.063534	
16.86269	404.373368	404.384061	129.117492	128.063534	
16.87282	404.373368	404.384061	129.117492	128.063534	
16.89105	404.373368	404.384061	129.117492	128.063534	
16.89562	404.373368	404.384061	129.117492	128.063534	
16.90577	404.373368	404.384061	129.117492	128.063534	
16.91767	404.373368	404.384061	129.117492	128.063534	
16.92624	404.373368	404.384061	129.117492	128.063534	
16.93623	404.373368	404.384061	129.117492	128.063534	
16.94664	404.373368	404.384061	129.117492	128.063534	
16.95654	404.373368	404.384061	129.117492	128.063534	
16.96671	404.373368	404.384061	129.117492	128.063534	
16.97703	404.373368	404.384061	129.117492	128.063534	
16.98707	404.373368	404.384061	129.117492	128.063534	
16.99766	404.373368	404.384061	129.117492	128.063534	
17.00778	404.373368	404.384061	129.117492	128.063534	
17.02043	404.373368	404.384061	129.117492	128.063534	
17.02813	404.373368	404.384061	129.117492	128.063534	
17.03827	404.373368	404.384061	129.117492	128.063534	
17.04841	404.373368	404.384061	129.117492	128.063534	
17.05855	404.373368	404.384061	129.117492	128.063534	
17.06872	404.373368	404.384061	129.117492	128.063534	
17.07882	404.373368	404.384061	129.117492	128.063534	
17.08906	404.373368	404.384061	129.117492	128.063534	
17.09924	404.373368	404.384061	129.117492	128.063534	
17.10941	404.373368	404.384061	129.117492	128.063534	
17.11949	404.373368	404.384061	129.117492	128.063534	
17.12973	404.373368	404.384061	129.117492	128.063534	
17.13978	404.373368	404.384061	129.117492	128.063534	
17.14996	404.373368	404.384061	129.117492	128.063534	
17.16013	404.373368